1.19944804332
1.26395766963
0.749435456011
0.860513764413
1.05269136013
0.85778320075
0.30987504352
1.38835365437
0.779973527501
0.434364331212
0.585527745615
0.667268101858
1.15456746455
0.494296451289
0.545536918811
0.539738840533
1.11235255365
0.557043571046
1.34906302031
0.386182676806
0.496301479837
1.26271655587
0.371137197522
1.32386637429
1.49518490966
1.3602750235
0.395725534549
0.347413983637
1.14511636169
0.403463444247
0.367000867461
0.39976912935
0.93281276243
0.409991946962
1.36962844878
1.17220973687
0.539578354093
1.3243888813
0.948706505
0.720963878807
0.429813883391
1.05908627791
0.574602717103
0.953602043871
0.594361247367
0.971347129591
0.412376273809
0.910969454249
0.455580919416
1.24357247987
0.673350478067
0.845331023774
0.670302855005
1.06031477778
1.16063995678
0.753771553898
1.3043347737
0.701879325278
1.33710010666
0.468776305204
1.25901894274
0.931325032137
1.12854622065
0.945524547752
0.901033032469
0.445633587429
0.456618215268
0.623374108555
0.418240733452
0.778178641703
0.846425855705
0.394774554339
0.337381976303
0.525092137605
0.839793895119
1.3791843577
0.751701995217
1.17033064349
1.14149176823
0.998605587319
1.01253707169
0.788339580092
1.2092185883
0.562423845103
0.385045826736
0.710887237626
1.31025532301
0.507432461456
1.03534652344
0.432930654091
0.758095909893
0.753371641943
0.790821392467
1.33173989888
0.949880601162
0.617479222597
1.29847217773
0.541634213754
1.00916114988
1.33499743153
0.863504438287
0.30941989133
0.506515825761
1.20336283564
0.448686484117
1.15174650127
0.960173736238
1.10218629081
1.11677991378
1.10123700948
0.437937061075
0.805232972492
0.470792950244
0.720133858562
1.46546560068
0.811036800824
0.580390097661
1.24394644495
1.15825858826
0.543999890966
0.76537973731
0.919660238912
0.530467684725
1.29342508356
1.28722985314
0.32858625133
1.0322049634
0.934343661377
0.323710381167
1.47350680251
1.19037049877
1.32294835163
0.891990536859
1.0664766015
0.592309733849
0.834553416793
0.490334290229
1.44691367157
1.06616526207
0.742060884487
1.58187233629
1.20328149762
0.301852376834
0.926604319551
0.906501893246
0.796803769083
1.13941993736
0.534172585295
0.718144066605
0.52324772029
0.386464135311
0.87422401401
1.27154511729
0.506963453398
1.27206964061
0.569795982043
1.4287963585
1.21865320002
0.957047157536
1.09285338977
1.35310182827
0.599512766856
1.08933625012
1.20761260919
0.337681011701
1.171180509
0.983642679758
0.858502191931
1.006776222
0.761610708556
0.977695373334
0.429692450673
1.09427206446
0.759900486522
0.909726231984
0.45945008592
0.758296323826
1.37437339757
1.00155219669
0.940005464547
1.03267115981
0.888921222155
1.45014177167
1.1644924328
0.27257712466
1.28095054967
0.483890320912
0.634468482967
0.560536398455
1.5177484973
1.27643367288
0.842717802072
1.49561390957
0.872736713406
0.744509083337
1.51979212256
0.593283273856
0.388193946064
1.10737917978
0.89588163018
1.11576478605
0.734489317113
1.04029185603
0.464864442656
0.639146761866
0.81663193188
0.669401241516
1.23746759513
1.1101258499
1.05340601038
0.887497166131
1.0906575796
0.375021121213
0.504999230281
1.17222786298
1.09305927976
1.23077896776
0.858098519858
0.54834985427
1.11816228969
1.12684789468
0.629857459058
0.959415624419
1.0348113704
0.828922598735
0.888411540489
0.806973303511
1.37542868476
0.776335540427
0.453934493108
1.15708221166
0.279574408248
1.44057873242
1.07216177613
0.220806005386
0.750739841142
0.658514302585
0.668267184596
0.39784522588
0.313313227645
1.08639859746
0.513330144723
1.63596625717
0.714072776425
1.30189872042
0.970775018615
0.514911034732
0.389734747263
1.22644231777
0.620209468127
0.906618914405
0.703773834843
1.04677421045
0.438163421307
0.647725163398
1.13148551032
1.19926072752
0.632339670625
0.737695508445
1.44507673963
0.588865996743
1.34396399851
1.36928537318
0.441710187053
1.27416078266
0.948081789564
1.30553170656
0.609921549594
0.9243565434
0.842382638689
0.51656378842
0.575642425331
0.531179291475
0.479429079768
0.766275103751
0.726317847766
0.267664004501
0.729556332739
0.761649582061
0.738813791018
0.63431153972
0.447372634432
1.03713196074
0.63597984128
1.19949630433
1.30339731325
1.18586380355
0.400872321073
0.347277092198
1.0447897782
0.566096947758
1.21108080629
1.16345738609
1.53348509409
0.373895543389
0.754781361183
0.564786454125
0.293199744897
0.751259691587
1.2880039095
1.26531452128
1.23275415104
1.4438438071
0.480041566255
0.191237322759
0.457200126111
1.01154097142
1.38460746851
0.4219495399
1.04135675115
0.834158763534
1.34844184823
1.41088249792
1.14047251468
1.34316901724
0.686623788182
1.48351034809
1.51016100981
1.27719809442
1.49727804774
0.806967563416
1.59495605282
0.497605049748
0.533263173736
1.0608167444
0.828541397117
1.10373716635
0.534742022553
0.981182641521
1.19213856618
1.3421388158
1.21254937432
1.57195065157
1.2623023966
0.568274741457
1.34980436349
1.14256447809
0.43525771749
0.513553746934
0.709785754035
0.948919225696
0.549533614393
1.39367444005
0.422142375931
0.643587149677
1.3059321556
0.549446851347
1.10166184968
1.12405688216
0.79596159063
1.15148473121
0.894812777875
0.815254428956
0.891527108056
1.06155661125
0.534059179857
0.895595279519
0.640746855583
0.490499759665
0.935594614035
0.527066017656
1.37337971414
1.34798385573
1.1879253989
0.579541355236
1.05284060451
1.03150835378
1.13194287927
1.03238413181
0.771997741439
0.403304072216
1.13880114668
0.335638820511
0.689972914936
1.4818927325
1.08608487141
1.27146838384
1.00679646726
1.21270516006
1.17045840278
0.555914261423
1.33053602503
0.867727162798
0.779456907418
0.565129438254
1.14538069163
0.628778481406
0.496454518711
0.906818472721
0.821048864595
0.996679114907
0.462804001311
0.594929171069
0.969553584088
0.929198206736
0.976235396066
0.910292804466
0.598815234339
1.13867418132
0.423129112709
0.852734615411
1.34044231817
0.512000189494
0.475097594302
0.97785494277
1.0410591472
0.620937100266
0.477291018244
0.495454809439
0.963458300519
1.23515606998
1.04609795952
0.905865123717
0.795228125498
0.617457709211
0.348921883293
1.3744080099
0.475290483861
0.913658247745
1.2224304855
0.989061645838
0.482735547842
0.669899300188
0.562320777678
1.40054763603
0.550461756347
1.26472030752
1.42887543402
0.999312021195
1.34976660534
0.903529521257
0.664901965308
0.846357101083
0.421655387161
0.354021132758
1.21443323128
1.14786780312
0.545253484396
1.34511977802
0.836599114258
1.15616466043
1.27136624681
0.485180723832
0.784750238577
0.746365158679
1.1486811156
1.057051793
1.29211278064
0.478666417577
0.568241648063
0.83468767145
0.793231640775
1.48114380173
0.429310662807
0.68227181485
1.04123462757
0.704934211411
1.47547262065
0.365634333451
0.512813321566
1.11599564666
0.528726681376
0.554737640431
0.397779724255
0.748251669078
0.674505095685
0.90441395968
0.641182278897
0.993597915221
0.732545862696
1.19027866688
0.861663584939
0.910468244289
0.579614933581
1.26790866914
1.23439229218
1.14049456494
0.573578818214
0.709689771921
0.871549331238
0.58645298744
0.565254683182
1.09948806866
0.306950511761
0.832246986741
1.19147313325
0.920951466668
0.938458402817
1.02113946356
0.748186832469
1.44677088559
1.15635308247
1.18139586615
1.28364493317
0.986579346217
1.32537993149
0.868031352616
0.314097659958
1.36793520227
0.715320556962
1.21403651879
1.18445712121
0.570591851312
0.728763207613
0.564431788852
0.249915372367
1.05254463447
0.876468702636
0.364346498788
0.503375630749
0.443104294046
1.08311022766
1.14523062783
0.938863781622
1.56546491985
1.40346036216
1.34080498383
0.936668921013
0.682937267819
1.18005305367
0.960830616584
0.787678867417
0.864080974302
1.19713867164
0.490260571432
0.698156433289
1.00676675436
0.727328805286
0.553265390272
0.991911262841
1.4138106273
0.550115787258
0.948208709944
1.21753098392
1.10084432292
1.03948184249
0.564959413077
1.07832717205
1.30026916592
0.43062227775
0.546477586837
0.89522887338
0.527202000132
1.65855648398
1.26068849271
1.20996791328
1.65078321873
0.529274602755
1.39359179862
1.45789548538
0.701162569346
0.367252014228
0.670790807596
0.74325718246
1.20872544387
0.902555340698
0.933276536155
1.25581410694
0.752380620336
1.03375496589
0.793377535867
0.352971289598
0.761571493494
0.381958467027
1.48621527786
1.36790004202
1.43091912934
1.22715573705
1.1651401641
1.03724423738
1.44708703717
1.0266372051
0.469415925382
0.873628309424
1.15558285972
0.446161513633
0.50294875671
0.967342729482
1.23663771625
0.852451423569
1.2348872059
0.824795435002
0.362294192492
1.00865454608
1.11607824936
0.922812928348
1.07699188889
1.14614727857
1.12516341629
0.534595080473
0.759040658254
0.882840812726
0.531967602761
1.08111507842
0.875122674013
1.00050942313
1.11082402437
1.0612216765
0.523023002716
0.267662362627
0.653816469948
0.736862227764
1.10377796347
0.932528831321
0.399648601996
1.14230787563
0.883447256012
0.834481875975
0.279903372717
0.618167172137
0.749781278266
0.254117906433
0.928650706274
1.06110689932
1.02633351772
1.31515282394
0.345151510937
1.21530819342
1.42920467762
1.44648872861
0.45651177062
0.59516749976
0.895922589287
1.27054959916
0.734607109355
0.568172722986
1.21040380863
0.941908331053
1.39045859746
1.05234753422
0.906456156322
0.298269989456
0.708301180458
0.423407426913
0.886513730876
0.845403732603
1.29069498926
0.860184962455
1.01732092605
0.378565660056
1.07460671965
0.947924507193
1.15068904163
0.321390684916
0.394364103083
1.09341503087
0.643805870207
0.491101754993
0.184692155096
0.604310904724
0.517780390106
0.942300611836
1.00598625697
0.477624737814
1.06801753237
0.214340590537
0.732282015658
0.961515881718
0.745664598685
0.748887503385
0.583310574998
1.22344819396
1.06438198709
0.759064245711
0.56510927165
0.707293743691
1.2599068793
0.432626156565
1.23113391219
1.22599699007
0.6758282604
1.09308317621
1.01999662456
1.00101880206
0.684364409992
0.339060264733
0.895813317419
0.410861266608
0.470332162685
1.33214080318
1.11922674155
0.947989360883
0.754186399048
0.773932436253
0.930011781465
1.1068724393
0.820480222691
1.10950999771
1.14267327016
0.954310614525
0.490230179362
0.495758261418
0.683792702494
0.541681563334
0.988993153908
1.13907894791
1.39184189863
0.983622664414
1.06502102842
0.547584147535
0.666809080289
1.17912848331
1.36071963982
1.13974983801
0.615644663864
0.417147788736
1.3229381732
0.68424445858
0.923000784126
1.05592125674
0.676155442085
1.38305621902
0.474697943307
0.324525198346
1.05354471002
0.56450364032
1.08918248949
0.357914289734
1.07768189324
0.973121137952
0.501367811503
0.927817907731
1.13906935605
1.17418028065
0.620582148044
0.547925647348
0.875204144368
0.535817715536
1.32748398158
1.46492320879
0.574246750765
0.512474477652
0.999261519325
1.56846846412
0.521319568847
0.928232641119
1.04286977956
0.540727627528
0.559046664795
0.628998685605
0.353153195834
0.720249443947
0.519768108013
1.07657137044
1.37230035382
0.651087395605
1.4632600585
0.435023266422
1.48534011337
0.992834108141
1.04211816245
1.24470126138
1.07294516252
0.571963202147
1.16247389428
1.2163917335
1.38360318487
0.323936947252
1.23045197968
0.848456250503
1.24854666224
1.257998353
0.436558923045
1.23009344837
0.309126879557
0.767044354992
0.92508409398
1.07648958347
0.518786913348
1.15852993267
0.523833767454
0.982980148435
0.784419290473
0.35929107933
0.785991958616
0.784216230109
1.10361871544
1.10058891793
1.09933649651
0.447594063499
0.524184919867
1.28721529736
0.676380899199
1.59904025366
1.07203953125
1.29820216109
0.646669747513
1.11507588822
1.2387009076
1.09835647768
0.881116017132
0.867776218125
0.959446987017
0.625174978677
1.0014970646
0.599501471832
1.48968072146
1.51379143825
0.574651336081
0.4900279067
0.572490374658
0.768881619497
1.6275991535
0.788892837584
1.21835851723
0.986045644289
1.00640342713
0.879345523989
1.1856128259
0.259371196031
1.03519454838
0.306662802291
0.502223030084
0.427473697223
1.07716548116
0.759087564453
0.977375870699
0.494193365614
0.902031523625
1.01943434644
1.12068104777
0.655803235233
0.981382533969
1.44941953731
0.647198218679
0.473838795075
0.530379880983
1.27049216725
0.612266504596
1.10590595474
0.712989735388
1.24289076705
0.453734991756
0.68638544302
0.570690500656
0.981421822173
1.38295100967
0.450871577185
0.721524880351
0.662176430448
1.36111742484
1.29878877249
0.646914672949
1.18391030153
1.1754623305
0.81554329826
1.22189600347
1.28297533936
0.271721048668
0.711557436298
0.987353332428
1.16408788627
0.728553726681
1.23271699582
0.658799062906
0.936656386591
1.01067617736
0.655470657247
0.529804518125
0.636658617656
1.02350319123
0.724748531489
0.350955780324
0.60094180122
1.43902043
0.411401123423
0.776001185763
0.718233201191
1.22624983781
1.04064267409
0.82533501461
0.600615886446
1.17763917767
0.939294187004
1.18130735611
0.835302650833
0.537218074139
0.682712288038
0.623171256314
0.595898133517
0.655616871233
1.07664366032
1.21848703833
1.19218078215
0.969248160025
0.703900428461
0.492112035355
0.491295024649
0.656311432013
0.352251569298
1.05779874896
0.324893273839
1.13798679856
1.10163246111
0.367071395095
0.406974892622
0.87040797795
0.222709728394
1.40752111668
0.411249772725
1.10892640529
1.18725962834
1.04536465933
1.18046788817
0.579654283623
1.02646683839
0.919473696763
0.779328762581
0.656221348321
0.829337839932
1.09173744412
0.85538313271
0.607629760232
0.50445121737
0.398083699619
0.9268942485
1.29460430865
0.842555238417
1.16941439403
0.553448653843
1.60420225721
1.27907121058
0.417277326704
0.849902009903
0.797851863222
0.86594575012
0.410644368117
1.32181414204
0.315194126343
0.684984667617
0.708059853813
0.636973078127
0.613602422715
0.950345177331
1.40772754426
0.482622598208
1.04748136217
0.457325699235
1.08572182595
0.597935875402
0.824861402008
0.908294936727
1.2142392656
1.11623308035
1.28815043643
0.708239233367
1.2291219704
1.09684580906
1.10610786518
0.952271522385
0.425047615128
0.380869444961
0.867633243622
1.15341987143
1.00243522507
0.317041499952
0.741029301529
1.00414542448
0.438725731568
0.933327291114
0.686479951046
1.34672063811
1.37506856885
0.883051262141
0.544565423602
1.21148643227
0.302896385895
0.829706679547
0.440125443445
0.588892813877
0.436546763249
0.739007121997
0.838454929869
0.895397249175
0.431874520409
0.448433998311
0.99506147358
0.999573166503
0.598364772456
0.547516024144
0.214743260473
1.22379572084
1.00221998845
0.449134565029
0.66752465161
1.3637116901
1.11141184447
0.512268166739
0.385899366701
1.32012288329
0.883402659699
0.537650915185
1.47402651493
1.24636500483
1.23863486646
1.20302816204
0.507602648853
0.773395687287
0.680207127667
0.913762475841
