0.63535530956
0.676283999586
0.705179343023
0.654963487443
0.477105519084
0.682199951204
0.462590800913
0.630808763889
0.78718430353
0.969485262563
0.748304609036
0.414721031849
1.25033193255
1.1785367164
0.469472947184
1.29523010375
0.747642727139
0.82667607044
1.13155030256
1.27979225369
0.629237868122
0.667912057069
0.680401423743
1.52452070637
0.959220358648
1.33312072012
0.615402017703
0.753551918383
0.985447640863
1.15678626
0.294203468779
1.09382450129
0.462747527675
1.23771528912
0.521603693382
1.51577947377
1.22310864177
0.471461587723
0.549342754995
1.2572478061
0.873152011448
0.558766026926
1.38538598602
0.576336793256
1.13793352101
1.07617140557
0.912659735323
0.978283510851
0.638161056221
0.321035473702
1.19719197137
0.864881684793
0.838182505021
0.708577300277
1.01626794899
1.3059529757
1.44186322218
0.615211854199
0.822930381675
1.26737910501
0.81492652406
0.756612808813
1.39058813578
1.09001246417
0.407977833405
0.599123076001
0.411335036331
1.37274833374
0.711788200178
0.634198994154
1.18481261163
0.793731241199
0.85638175462
0.804580740369
1.06472825007
0.380013586216
1.14982003035
0.767059216506
0.433526485975
1.34188639687
0.444450633788
1.34016882118
0.580336540865
0.550975561265
1.22571040622
1.43735008476
0.877325008685
0.285763568721
1.22249740419
0.442583058667
0.741041019273
0.768784137117
0.651823366988
0.806472467839
0.590534477805
1.06764875309
0.715241371586
0.620160333145
0.301601950065
0.817015473824
1.00456165657
0.358365080647
0.376389648108
0.61742070492
0.741204478266
0.916960499818
1.14783348309
0.541210224105
0.836674278361
0.399313160429
0.830915171508
0.629659504843
1.25946019402
1.04490114875
1.11602071774
1.12595665976
0.466206262176
0.760573537522
1.36798582482
0.948619709988
0.5814409141
0.876709008095
1.33968724938
1.0539075432
0.716564875372
1.1730496136
0.852288614736
0.698651146715
0.678489341365
0.44260730243
0.939461584403
0.90883102113
1.1932548601
1.17913869403
0.391549708394
0.343979055433
0.37896321002
0.496601791549
0.899469974891
1.04679800624
1.27978317768
1.23020891612
1.301986201
1.21384613755
1.03539163675
1.20713899151
0.91883809261
1.23771188039
0.710406155529
0.665286141806
1.26850196005
1.0938487164
0.261171133452
0.532712879799
0.563298282934
0.362781698868
1.194618719
1.13584503045
0.318509941344
0.923639159574
0.663605483513
0.949153810464
1.13565877339
1.09569191326
0.374617317116
0.382374013327
0.621228218223
0.663165937091
0.746756308089
1.1546610545
1.0858314934
0.829168484544
0.989266374291
0.944613970577
1.21133887848
0.843210956326
0.921700361028
1.56020463694
0.872868238819
0.871780065956
0.190091977003
1.05948342628
0.596593075011
0.327341673573
0.996128314892
0.851016240308
0.732064784612
0.678703812264
1.15415926466
0.539700204725
0.344363850016
1.04478775529
0.845398202224
0.599700032922
0.505290435278
0.683252932062
1.17578628026
0.603833712372
0.591632392428
0.901184860117
0.884909464243
0.524931643055
1.36891183614
0.912757550184
1.06563508685
0.753369577113
1.2250416289
0.623414530316
1.00467575251
1.04464781182
0.653475495921
0.84795469174
1.1988454354
0.511871509602
0.559025640429
1.21343547419
1.11355312667
0.555900439435
1.04076326601
0.505448524232
0.328660778242
1.12485344825
0.934315157332
0.735253847753
1.24427176773
0.532412260288
0.905491513925
0.90695175849
1.08747970603
0.501293708215
1.01604982259
1.17958692025
0.639086636855
0.731432077546
1.26423592826
0.530261717056
1.13990611956
1.3568216637
0.812485020017
0.963064172918
0.624598323008
0.465171642366
0.438374128837
0.425463868387
0.752444024653
0.287943241686
1.42000250968
1.23345465762
0.77224058691
1.54776207676
0.721545478234
0.399277456193
0.418065571389
1.21659016115
0.751561635622
0.477193280448
0.504544114762
0.560741063967
0.680900144711
1.34183464505
1.33834340969
1.02817903667
0.518249750027
0.697227888447
1.18076568846
1.19654373034
1.26977247107
0.620091566661
0.958840166561
0.410751955369
0.821361387635
0.455764501883
0.94529341269
1.43579322252
0.347120427459
1.49977972934
0.887617555982
0.591496936445
1.14483535281
1.51868007728
1.23739553041
1.01705722758
0.528808839276
0.418423323072
0.555847600732
1.18082157692
1.20579553609
0.444407993563
1.15378375659
0.747988482755
0.85602486153
1.00328295004
0.612887083654
0.876864992498
0.879862348158
0.91421932471
0.879065464341
0.88442010703
0.604176608427
0.941704431385
0.658286190304
0.857260550342
1.28499277267
1.05289837635
1.33240003836
0.373506115466
0.682454834481
0.53663366352
1.05203907725
1.54279924019
0.611208113077
1.15061314331
1.24771310746
0.619842119477
0.59729304475
0.898512429508
1.07571711933
0.975003686251
1.30952326999
0.550750299774
1.21666729118
0.256092858892
1.37948830614
1.27208466283
0.318997339652
0.990922566515
1.01157758159
1.095956957
0.814495487073
1.4577607713
1.22316547797
0.284838967263
1.14326848258
1.23395353432
1.24028946523
0.443045087217
0.683883719707
1.24823084995
1.12538287308
0.920757242984
1.11965491809
1.01877868431
0.859914451134
0.716873038894
0.847053764735
0.420897821529
0.90959766098
0.898479433744
1.30736727357
0.457504165122
0.343881842622
0.695684181016
1.08344262231
0.979939124579
0.906810557941
0.459569165396
0.618456794227
0.528451373174
1.17445965868
1.46203484884
0.944689065843
1.44216551024
1.20655003243
1.18695825401
1.14193455449
1.23235102544
0.984007306635
1.06228347343
1.23008524386
0.779184176115
1.14300094534
1.23753524779
0.470265935768
1.41669687634
0.70316634355
1.1134872427
0.69537368772
1.00451554564
1.03908092491
1.43537732154
0.94962416088
1.0616063321
0.435681522758
1.01480822715
0.835491067011
1.18721603042
0.928872161904
0.466232478882
1.28883511357
1.02972880129
0.807567938462
1.01533732333
0.753240199941
0.600580879288
0.458616913597
1.14519424942
0.657966525763
0.619555151802
0.776662571882
0.387968440853
1.16346790541
1.1749577916
0.441698355974
0.55031191908
0.397645104955
0.481487710543
0.571001105129
0.367186442915
1.13002375502
0.774332062959
0.839320550679
0.58579924135
0.344381058979
0.57165518168
0.856983930054
0.485077079218
0.634147682646
0.530050244273
1.12070584478
0.289820306152
0.987561574874
0.802570462549
0.840214474664
0.969522359794
0.712280046975
1.29531040198
0.891230734405
0.989773740165
0.389325936678
1.45742448374
0.506530883645
1.39933390191
0.910408146766
0.490070182479
1.53852186807
0.617565810752
0.453057316162
0.376878357472
1.33871210315
1.39944409552
0.594183097067
0.578773504226
0.816359152706
0.784542256654
1.20006111278
0.580850711103
0.958141037273
0.433811196653
1.40897603828
0.300896355025
0.430008262633
0.964971919524
0.732288968819
0.587519844511
0.814077981082
0.761034491595
0.665680909279
0.557755850376
1.39388291177
0.724542643846
0.618051739221
1.11340696179
0.667428754287
1.03414678399
0.541153782303
0.509516295041
0.787554920045
0.446687026348
1.06957473664
0.551923454885
0.667454182875
0.654235525993
0.93297684507
0.574106665882
0.774119968827
1.3028597211
0.808843104183
1.10913298037
1.40154092448
0.455761224029
0.668422678199
1.43962269259
1.12503212535
0.550103736905
0.765216783476
1.0284743241
0.32294024813
0.377046853763
0.696814991167
1.13787552566
0.691870742245
0.738618405431
0.863631987048
1.43930044453
0.656131555591
1.04338778693
0.909158993678
0.9915651271
0.895812622533
1.05497787756
1.25665069146
0.85607479435
1.53119847229
1.19334574476
1.03267592947
0.859918650034
1.14306642729
0.240957593299
0.623110764984
0.376468710934
1.15551450435
0.719953767829
1.38745432384
1.4081388397
1.14523729104
0.557489362396
1.02384045819
1.23294886349
1.05001062111
1.18131015446
0.569619245802
0.42220445489
1.10862411896
0.316448233201
1.18808236439
1.37757729154
0.503563852227
1.169044936
0.823161106626
1.28021892655
0.602534085358
1.31056636119
1.17406187146
0.374207326385
1.12156390773
0.957180953132
1.17381333504
1.18895781819
1.13717067151
0.233690363425
0.910719809629
0.19877463773
0.539260143348
0.871831299264
0.95578807294
1.29335161776
1.19652553322
0.362669825137
1.36549554778
1.33954028641
1.32791944923
1.30184917764
0.578048428784
1.53681783241
0.37207822849
1.24159898044
1.42640981032
0.581307055617
0.706124914128
0.714924740219
0.698261580098
0.406235278311
0.967880830206
0.853214277661
0.575313829247
0.530923678623
1.56840065406
0.924093904425
1.2463163766
0.353212172591
0.80305928741
1.2594033857
1.31698712011
1.20138966502
0.76856928635
0.262914641151
0.363163671911
0.695262399759
1.22943358202
0.953709737968
0.727412495852
0.644580945799
0.515338945936
0.453314468525
1.61600407827
0.84597148003
1.41464716531
0.531480828548
0.159395094859
1.18631294271
0.824999429184
1.46641418322
1.38251342511
0.709814395414
1.70596812757
0.559109560091
1.21467170995
0.433816411048
0.517813119327
0.494531483661
0.488705888395
0.912218693765
0.768509962676
0.574078537014
0.632880258738
0.585568362783
0.586240313915
0.580614846294
0.282699185999
0.48437674531
1.65626639282
1.1649963328
0.381278220602
1.53797632864
1.12414115523
0.538042853142
1.30342436278
0.497692350651
1.28321843071
0.806993496965
1.4568163918
0.580557585425
0.496908087991
0.528891745748
1.23807492712
0.457434632773
0.652099645872
0.881664575542
0.404619492073
0.717877983562
1.28941608558
1.11579228942
0.746584607388
0.78183779614
1.13578282522
1.24882213557
0.441686330841
1.07542184093
0.455025620722
1.26031906359
0.862059587638
0.386134363089
0.423803874731
1.21964314136
0.458554132173
0.873303517133
1.06546529745
1.58531279531
1.02409226751
0.832901155216
1.17300088325
0.507457792779
1.23730569629
1.38339239658
1.43367034317
0.543318290182
0.722364279717
0.942754836537
0.621240957288
0.988764062617
0.789534088183
0.687929204675
0.726610642486
0.62510187948
0.525918808282
0.797210544071
0.414953077428
0.329390983352
0.459844393645
1.19171420864
0.799926172889
1.1104786628
0.956186408622
0.5235369294
1.25100751167
0.68907228524
1.17964918128
1.18300238751
0.917929487216
1.49871103229
0.629285743366
1.14936402675
0.46128788553
1.05452326085
0.525340973914
0.464772371772
1.41540669165
0.938597977589
0.397545373089
1.26804999531
1.40822847875
0.5401121216
0.833478557814
0.844458877685
1.27100486248
0.385096277163
0.466769239869
1.04008495506
0.214892169393
1.09337418076
1.26324010303
1.08193274832
0.503136024921
1.14894736085
1.34824629543
0.191861168328
0.303296306656
1.04533630226
0.898375992466
1.58339828498
1.43702950296
0.540693182843
0.761091945414
0.801962392861
1.11610818192
0.402587603324
0.614958931229
0.496347137009
0.45108373332
0.896354731329
0.677675214272
0.537749624907
0.374779805583
0.460243800087
1.06847248834
1.22888491163
0.878578479013
1.04779506523
0.971793326714
0.473129188559
0.568784413462
0.447907975215
0.517437016978
0.315805767741
0.447822472303
0.764140525592
0.861606369995
0.727464606402
0.986119672108
1.67560730829
0.860240303065
1.06630761117
0.497581089602
0.622835091123
0.536437686236
0.500931657681
1.36764910918
0.469520794051
0.881581205152
0.857841537008
0.726322638342
1.03805668546
0.955559513417
0.87237540641
0.66121118906
1.40828070189
1.38063955602
0.274220322883
0.665504037655
1.00506236475
0.449539379272
0.708328449261
0.410817210563
0.762454991678
1.23835477893
0.671392503651
0.503449335176
0.966111031128
1.13583740785
0.458569769608
0.292387204187
0.421619029645
0.808855438508
0.678563548851
0.552516042156
0.512643962358
1.54996913352
1.31867650663
1.2542179887
0.350582585625
1.15081133158
0.41358561999
0.642715858797
1.20825030863
0.784660002314
0.696909053718
0.773657421386
1.18443962062
0.273975689459
0.844456621961
0.413446906514
1.32653763655
1.37800335174
1.31449625862
1.27408610056
0.993974577554
1.09955868808
0.345914365909
0.710306439983
0.956383588873
0.355174645998
0.947628309466
1.35740535394
0.937559784112
0.677604053521
0.428933284039
0.699172395829
0.551842326417
0.958387402552
1.05503754092
1.39941160212
1.50896558955
0.859657547874
0.360613530839
0.533247321346
0.570186208328
0.67950325692
1.28765804644
1.31096091721
0.94617866512
0.844931289836
0.719154288637
0.834622952255
0.411095504095
0.774487544265
1.40759589723
1.13561248293
0.62451098436
0.455237300034
1.57888788468
0.923344928418
1.19409891984
1.04413122484
1.11668042358
0.404120871277
0.34866991469
0.445836152051
1.17670006016
1.06456670925
0.950919279518
1.17614339591
0.582606304824
1.18306760828
0.488892713099
0.973671892079
0.604174165949
1.07258864993
0.603139579153
0.678979682326
1.11395443259
0.793120331276
0.452654051696
1.31896789624
0.754831445258
0.590185238362
0.74615573666
1.06831471174
0.412111924362
1.25091231191
0.853737034098
0.695288599419
0.675681351004
0.483621429641
1.32380544797
0.526331179241
1.36225125712
0.948532106959
0.956952369592
1.27702531575
1.04148304781
0.995420737816
0.461888532054
0.518502055586
1.11849082886
0.570481573228
1.18515729359
0.423864363544
1.31449940066
1.13921167291
1.07505126329
0.869767596982
1.44530648845
0.7084557474
0.335540533519
1.0128909024
0.656979268933
1.07416003013
0.527997397443
0.6825651831
1.42943980096
1.13971258878
1.27253340438
1.04310260252
1.08798838584
0.845106928032
1.32021125085
1.12988902469
0.715569372438
0.723132433627
0.808720640366
0.490322383866
0.728117856016
0.484481745668
1.13468072231
1.12201363237
0.279257712845
0.578403062714
0.780401702474
0.592510965492
1.04544923676
0.488625585115
0.566328664442
1.30595237839
0.776019691031
0.614228469612
0.498666000426
1.39831210206
1.06861476757
0.64141727872
0.372431759694
1.45623872234
0.697412795582
1.35977471497
1.10669124949
0.43467268179
1.09191148737
0.81322634317
1.28200726738
0.700441196605
1.08243256938
0.81409344436
1.52506019962
0.705199352666
0.829068653846
1.1891589232
1.26868319918
1.50637353044
0.767599189303
1.34735388669
1.27092996346
1.1721776852
1.49138420385
0.54004831174
0.582020853543
1.16914320519
1.01090179737
0.901022251701
1.12790258497
1.16881660576
1.09962177955
0.237246710253
0.249839747917
0.861179980472
0.6782147918
0.779712476868
1.25643561463
0.883200107831
0.766901509481
1.20022274318
1.28507399242
0.954864633138
1.24000949343
0.445476291209
0.308963750923
1.59103694052
0.547401277705
0.985938411052
0.51535724565
0.265867427149
1.22953681187
1.03350099541
1.0216223427
1.12325302472
0.446933357786
0.593577405269
1.18298973497
0.890743427225
1.23933864294
0.383078522238
0.957303238837
0.429637606438
1.4179858172
1.48756717931
0.61692665757
0.967992880083
1.21107945103
1.16512952011
1.0285042348
1.5592946444
0.446014594924
0.801059541597
0.74878920385
1.53855589261
0.222201013939
1.35979939747
1.00584077063
1.00714490893
1.14360719905
1.06798115476
0.396221078896
