0.57287322052
0.663917271908
0.91201751543
1.11348002792
0.683822438424
0.514733651146
0.917775949208
0.895273935637
1.29538891414
0.650147792072
1.49196448313
1.10789284353
0.961014537113
0.825079356435
0.557150898578
0.694872875237
1.04326287034
0.694544958119
1.04549977677
1.22199115513
0.365299607529
0.737763642054
0.332844924774
1.38421543425
1.14482785399
0.814238696043
0.408510073332
0.954335819312
1.09881558859
0.409973656969
0.470843951103
0.823790714785
0.858273013698
0.764315725734
1.38526244532
0.456397767413
1.03052104459
0.267083210977
1.08699553652
0.564959052772
1.56228954717
0.389208143
0.957019156049
1.24832755453
0.573064233826
0.358668666831
0.256150801932
0.989318246429
1.01725158084
1.12866144662
1.65269548838
0.471601769514
0.487039439109
0.851037386472
1.06308694957
0.783381946615
0.513670531033
0.986775681096
0.944130584309
1.25078615982
0.333182219778
0.817642381925
1.10879583272
1.52057994978
0.844827357472
1.32137574741
0.625320825192
0.42216062035
0.894400571952
0.999114473616
0.886165785582
0.593605383107
1.12751320081
0.829240060333
0.604934507791
1.15311764946
1.3830999168
0.918037378933
0.559661704754
1.0993121194
0.863346034281
0.191398814915
0.30798713841
0.83721649433
0.977769724229
1.09345730757
0.705770718619
0.713511318602
1.11778063168
1.17555832537
0.710351939559
0.516667168101
1.13858532871
0.748930341072
1.49798344788
1.28342241172
0.672549864319
0.780288904743
0.701065606214
1.12224138684
0.621251841516
0.521371111981
0.585248088402
0.359547578456
1.26173512197
0.742405468817
0.804426266622
0.670159125869
0.477769964702
0.648393749649
1.20943346999
1.19630366886
1.0393053396
0.549909002321
0.884392559856
0.978089797643
0.802495263866
1.17485456342
0.502558696236
0.863217472159
0.282732584165
1.19667430732
1.33956015913
0.737975510112
1.23892191762
1.40153698721
1.54820666446
1.48605358277
0.55565780239
0.979382738849
0.860699306519
0.742953887155
0.518842858669
0.444462502823
1.33241086638
0.438163448545
1.28249684466
1.19256107332
1.03101782839
0.991180145502
0.850581877066
0.349688931534
0.958366018895
1.25464643089
0.421514125913
0.724316892386
1.13819621057
1.04315301085
1.26040109066
1.42497203083
0.771169940108
1.18284950919
1.21314271478
1.01865752274
0.709686213949
1.27548451686
0.555721327015
0.643594336439
1.31731792105
0.779174006087
1.2180614158
0.446788158239
1.09061395198
0.950167448874
1.528012982
0.515354223717
1.42459392369
1.09435226047
1.10797812984
0.670203657383
0.336380135418
0.802616304988
1.22958665238
1.30081192016
0.807614472475
0.359987018135
0.947702602254
0.294982301043
0.374587813525
0.784617169827
0.306663123271
1.20473723604
0.86826376923
0.991015909057
0.746067455468
0.614155501132
0.937923258395
1.2599093375
0.407867103095
0.724132968636
0.94215963566
0.809952621163
1.29716545095
1.11514464104
0.549118124967
0.675598889419
0.86810833007
1.32200275354
1.06049340937
1.17611544547
1.12545245324
0.456300803019
0.993172489158
0.905388508171
0.956960286381
0.47932533914
0.799756997505
0.706748750282
0.493473974294
0.882411665714
1.41202850134
0.892731458455
1.06770090881
1.21815270643
0.879385827385
1.12868301897
0.420448464824
1.32076960934
0.414029461727
1.45522942666
1.46734948245
1.01382439904
0.292001227147
0.544480665675
0.580979521668
0.816301031525
0.640490155678
0.931880344733
0.98968641584
0.960943927211
1.33793479148
1.25037787949
1.07218833145
1.41306527517
0.637271297995
0.470706685179
1.42327206529
1.65467970714
0.850779744761
1.19557444718
1.00138572723
0.431923716892
1.38494570122
1.08219110839
1.08773186235
0.563482169999
0.773840891815
0.681410577557
1.02702639574
1.21731149503
0.663157526328
0.447518677604
0.6152973298
0.956248276685
1.33821449712
1.10567478189
0.974465643942
1.07797092808
1.09505465819
1.36829907703
0.901261144035
0.792670029704
0.912910411484
1.02688337568
0.723460809112
0.965642296914
1.24232479844
0.650630356999
1.37599226495
0.385799817067
0.567224269155
0.788337536643
0.423554173511
0.437599774327
0.521712295275
1.09806600719
0.678194773344
1.18369235019
0.792346037553
0.554694469733
0.731785733524
1.09555566904
0.469177283513
0.769652934284
1.0630631312
0.796283458089
1.35444520108
0.45668122776
0.761046328358
1.12124985794
1.19144431562
0.670538016057
0.96256536455
0.568775427657
0.967600868598
1.27832627801
1.00106906859
1.07088983363
0.589495835573
0.42155418589
1.07268844821
1.02509331702
0.721272909393
1.19909701366
0.920391753151
1.02432231284
0.451202595859
0.771563272039
0.430052087672
0.4806907887
0.563629400368
1.44177937748
1.19400531327
0.358820287486
0.850572851581
0.901935071299
1.36977000161
0.737865812058
1.12438252476
1.09385486303
1.40659226514
0.751831068397
1.00832482057
1.05672305119
1.35736326669
0.430564074336
1.34716545555
0.990196269113
0.754484550234
0.749535310251
0.360276941748
1.14943594984
0.752622017072
0.948369168425
1.1098245441
0.70752491398
1.10300127474
1.17467400899
1.25042077572
1.08384083706
0.632314466592
0.590593701914
1.43446392563
0.762983858634
0.615253919133
0.568814142642
1.15947263223
0.385093827208
0.821741241392
0.862632931448
0.767963637015
1.28072548855
0.997798863293
0.621448835806
1.0882946735
0.831074776955
0.958912791134
0.790872421284
0.599919385701
1.09128657021
0.518458516118
1.1865928384
1.05738339759
1.10959614574
0.380374400695
0.753046282562
0.6144749978
1.18661509746
0.567711347313
0.72169130246
0.622278961605
0.64269485933
0.63056909309
1.30609318063
0.814805996722
1.14063416021
1.21975474943
0.969072350062
0.909087014851
1.23997765579
0.492131872003
0.871588907026
0.960133668882
0.716042037997
0.441126820824
0.72299367004
0.350529990616
1.4642474298
1.11399878294
0.656541950339
1.24806184075
0.303796718591
0.601296049027
0.54816438102
0.571964294741
0.643214813127
0.580619865975
0.778649095816
0.708149156538
0.581367868907
0.772929421343
0.56464373257
1.02935074944
0.42295976448
1.0105341858
0.839300096522
0.411572428766
0.824706278429
0.750120378804
1.03423160134
0.530122863424
0.321939155166
0.373434435357
1.2871534015
0.755874905799
0.455653280631
1.46803730157
1.3328070061
0.961728709953
1.21406048206
1.42613970442
1.31303603768
0.825757328302
0.574592737087
0.505717547796
1.36278952446
0.926282191985
1.01180412432
0.957434855652
1.09357365707
0.589877107975
1.24200216605
0.545622154525
0.849210710364
1.05211273192
1.13170977246
0.391776031355
1.28493549522
0.431667966508
0.954330198392
1.25113697505
0.586961703652
0.609281078375
0.770741944264
0.984240050485
0.827047127161
1.28461272902
0.67112091138
0.601512475253
0.424111238499
0.585654765465
0.495183804276
0.829876969829
0.742068211266
1.15494550977
0.357989081983
0.806596639117
0.340530890839
1.46171208684
0.530108483214
0.967172312809
0.948831600921
1.02726305728
0.570757444049
0.826259103983
0.974914678234
1.02125369785
0.816717657168
0.450781187743
0.857287616833
1.15608889024
0.518842283162
0.71348040591
0.588192201913
0.66598818132
0.442800748681
0.983265973375
0.440838770415
1.00340643956
0.211886144483
0.424767417878
0.513781554608
1.51764375128
0.832152820138
0.417412006648
0.45538054655
0.878757435767
1.17719454564
0.540166704258
0.659292994114
1.308877328
0.569954000324
0.551116420657
0.346156251738
0.669182273742
0.444084026157
1.07989484501
0.309126234732
0.831336585513
1.14472298783
1.21388216476
0.60433606925
1.02542495308
0.90953673911
0.923153567036
0.646755621149
0.770615913649
0.438666569976
0.700688374467
0.705522584945
1.59213843354
0.792400192519
0.301941164198
0.809879563637
0.736650685291
1.24360671086
1.35861264713
1.25678184851
0.277879799768
0.77471219592
1.26391036803
0.608348086966
0.832173481016
1.21405929283
1.07172305716
1.08516922958
0.939881116794
1.21800337383
0.961959376157
0.532611399881
0.898955721599
1.47586608846
0.872067918327
1.05703822956
0.65431441078
0.348259871823
0.615523557652
1.58128744681
1.07579792163
1.5805110483
0.98425733746
1.09630777377
0.880030156835
1.21873975698
0.607858618752
0.498340216249
0.953165274483
0.460236381081
0.937878540586
1.02512448683
0.536081776442
0.902053852623
1.1726057116
0.728500628705
0.475328778589
0.500186853522
0.630843436142
0.459469503538
1.0544930339
0.588362749339
1.03227494626
1.24385448184
1.22757864835
0.877577129121
1.36564954613
1.00066458503
0.821823450345
1.10380125005
1.2672884211
0.707845083158
0.495224770968
0.802826796529
1.43676794074
0.590984825338
0.535676527311
0.960607937096
1.02337568199
1.14250824192
0.565534844595
0.788710873719
0.859176142549
0.584054680791
0.40780416413
0.549552319295
1.06231648164
0.475188448784
1.07075037752
0.442287018387
0.263385810887
1.13290527001
0.996251079371
0.493643752829
0.541795348845
0.687423795786
1.28221071012
0.348999009083
1.10267815479
0.877055055893
0.562640716954
1.33863920066
1.50046179586
1.29311620207
0.780627206243
1.01786597213
0.897884096542
0.527046638905
0.308084555059
1.39440909052
1.00954522965
1.19264688485
0.989715528101
0.692492774119
1.03882815776
1.30207161825
0.274460272617
0.828264374124
1.19745097137
1.21604264518
0.486023399409
0.476242719528
1.44095638358
0.543229950071
0.817388053539
1.44492572037
0.468289648221
1.25335098965
0.581937997426
1.34036224065
1.24745379266
1.05403076974
0.564519304533
0.687786935777
0.314509145935
1.06493468586
0.40006203846
1.1028582162
1.21615599944
0.903506021027
0.484631285322
0.758039152652
0.570433844155
1.12661654262
0.338958525703
0.764035332161
0.63901537986
1.02001232562
0.481406235773
0.752871145187
1.35898817822
1.09769587698
1.01295178859
0.839073938766
1.57457174977
1.22455788145
0.625639213211
1.09982604558
1.18734709391
0.569329950498
0.568933270369
0.930075158159
1.05809422157
1.30640782065
1.07210081494
0.394546215109
1.12300037167
0.330588925437
1.20671049398
0.3810863317
0.873097287383
0.81187186605
0.459489882886
0.261337933062
1.27094890378
1.10683059108
1.05873142474
1.35198911132
1.47501562506
0.634183472685
0.980776156213
1.11262734471
0.50459796292
1.19095839074
1.20383072646
0.846046201709
0.493625883985
0.851914862536
0.907469855117
0.893297252216
0.385683405434
0.17687918199
1.22581776892
0.958872130997
0.982376380429
0.78080761996
0.343630075703
1.54040280008
0.494983404296
0.672798811688
0.281100936087
0.951411867272
0.696305783552
0.842176145312
1.35693270442
0.381787506294
0.610987957085
0.512925042916
0.816094820884
1.1998262847
0.475811742911
0.528496221946
0.508248967777
0.41358280169
1.25389684797
0.416277031895
0.891259801927
1.1631762333
1.12785013966
1.09446077614
0.843069114064
0.592056392868
0.97594444299
0.799526053945
0.857918635459
0.432155663754
1.4479514036
1.10914848032
1.35480379822
0.816864732686
0.522111595466
1.07158552549
0.837949272585
1.00691545053
0.58981330178
0.739207932909
1.26466120314
0.990312779266
0.841824914199
1.00186593874
1.01890313438
1.23737028074
0.378577095049
0.989152001733
0.388644325354
0.711006390452
0.751738394503
0.508863918322
0.525473049352
1.15375555758
1.16381038258
0.666190406781
0.77009741817
1.35961107114
0.725847806745
0.810149144464
0.216622849635
0.718254123966
0.611665912441
0.879352028901
0.474817840487
0.723216523881
1.41851288415
0.816643537067
0.662333206997
0.928106182897
1.03823673206
0.377243953993
1.38560331539
0.866750545249
1.11920175209
0.910034972747
0.863861931294
0.577932544041
0.845991724192
0.302389176188
0.939902754717
0.655308586348
0.362334121663
1.40474539435
0.444388396089
1.2839031965
0.869576923989
0.500834457892
0.913143874502
0.697777064699
0.425473875347
0.816937033487
1.00240919919
0.583675592668
1.09473215364
0.807094975449
0.451505903451
0.542167281011
0.675779319931
1.37611320087
0.306832717307
0.631026716646
1.42877916199
0.43370952464
1.00340021816
0.339219680048
0.573059916275
0.755286964923
0.958714916193
0.767808446786
1.1140236775
0.32588762878
0.899255084221
0.66777289269
1.12814637292
0.832808614667
1.17565998531
1.16018361435
1.12167935032
0.643200324052
1.25672079653
1.02365049365
0.891153207465
0.707005285731
0.950624809871
1.61023622688
0.194834443375
0.899260615376
0.869968953629
0.379975407422
0.8965907853
1.0216156003
1.14043844174
0.829679167561
0.928838305388
0.554805340039
1.24236947892
0.709496331871
0.5750504956
1.35979479956
0.508273769793
0.867560868205
1.1853599983
0.682342948224
0.702024941046
0.472091413112
1.41541765226
0.777618834521
0.747226768656
1.05727883024
0.72115476417
1.06878447943
1.16911727851
0.395121380741
0.806171936101
1.19645416878
0.954052170222
0.794779488415
1.51497830125
1.23528656658
1.33138937683
1.42662727988
0.436301775237
1.27934550084
0.796611344409
0.953968133282
0.569405417075
0.618548514502
0.958018860187
0.572236194298
0.811438341986
0.946655497817
1.21115262325
1.09907281333
0.781960726056
1.17751603741
0.963672048257
1.0765973098
1.09681419431
0.372201474745
0.969539619416
0.417609780785
0.993666781957
0.405386426856
0.778144085829
1.28934581427
0.95198634463
0.788954819385
1.24803262635
1.11917866789
1.20938506851
0.939236249623
0.655542546057
0.989276830192
1.06315850074
1.11485698646
0.900885811558
0.861257086008
1.13129679097
1.28545268833
1.01910097851
0.646184738376
0.50586283845
0.812910055575
1.27233764689
0.629741800964
1.48370098538
1.10800671604
0.957741751147
1.03731460499
0.62799210674
1.1519927707
0.428446907712
1.06434795683
1.34627164651
1.18364562821
1.03094242972
1.19429362781
0.972223032113
0.847861820359
0.982627812929
1.19216524548
0.690931196379
1.65491607426
0.402832609189
1.45504556307
0.816212608509
0.595258443591
1.24282019036
0.474529926354
0.84306669709
0.35190340811
0.726796078447
1.65132162715
1.1965458804
1.08439853466
0.880284125182
0.799162319223
0.274845711953
0.81867264775
0.741518851912
1.37840235272
0.904601150932
1.1570564247
0.487721926612
0.642113055492
0.80028752616
0.63982748826
0.970234337686
0.398851227172
1.48230348592
0.304157822032
0.907459481176
0.594696300521
1.43778668294
1.54122127485
0.48379739533
1.3494353283
0.60105059823
1.52105136601
0.437388407291
0.459043786084
1.43776496447
0.917778481097
0.454611412554
1.06740825435
1.27061631009
1.14537299415
0.437004967611
0.551983195696
1.49933479504
0.512111847315
0.84226394999
1.13045648539
0.590432739865
1.06765219533
0.421864627344
1.18961900547
1.18075341662
0.943143481649
1.05967656118
0.588899035279
1.03756887223
0.883471333829
1.43790400049
0.45462835527
0.674090230588
0.385536889989
0.91548089468
0.519127083554
0.969554821979
0.685709662338
0.620853408662
0.438167503299
0.554691494539
0.52859063633
0.99657649765
1.09429558756
0.895871043789
1.31779608376
0.505381163778
1.12108439143
1.24753701861
1.12393334946
1.2254666859
0.70492310909
