0.812173163014
0.712146548141
0.632072083692
1.26526416222
0.399147059825
1.09234299344
0.990387047267
0.606742743949
0.967526861085
0.688456752748
0.542915410772
1.29905520511
0.578349501141
1.31201286128
1.09762931443
0.860882079946
0.746959041504
0.64416607643
0.337756267971
0.958919259241
0.796382889394
1.26920051321
0.542053831707
1.40164272785
1.21545488197
0.874909414625
0.5145224686
0.919684895648
0.56610373981
1.09013511242
1.22286388301
0.385915226237
0.433413510727
0.62195986089
1.19314411506
0.436506766842
0.618592547617
0.534682434565
0.834311334281
0.478409214208
0.899283554765
1.58221358717
1.42802677985
0.837420319245
0.729922425161
0.892951772983
0.622767691385
0.272228961977
0.772978922012
0.799542608137
0.98392551238
0.377846269042
1.4068317622
0.770398294205
1.13217380316
0.686595514391
1.00774405609
1.05934811626
0.530103573034
0.501373025187
0.702660729843
1.28150878605
0.926608805903
0.826624978763
0.751916247644
0.895666341651
0.678267106793
0.567209809147
0.505426201612
1.11494389038
1.17861368379
0.909380754159
0.801712128873
0.973712474623
0.976640924047
1.09700469924
0.712712967027
1.25252648549
1.15721373899
0.589781979976
1.29935237322
1.18915437629
1.51464593069
1.26335385415
1.11671298355
0.801412568818
1.37012840889
1.48001199951
0.84324626752
0.828585490948
0.925475856432
0.361802992604
0.601000641134
1.09715101646
1.28399646351
0.498279286985
0.596678549187
1.18713348246
1.26906753415
1.00725259721
0.695688866721
0.965359452492
1.41323102846
1.31088734506
1.20121257044
1.2747753857
0.603261453934
0.754656571325
0.482645725697
0.510230733562
0.971338469699
1.36284729371
1.01901882475
0.622262195819
1.19863520657
0.822434091964
1.10670614949
1.0827052909
0.571818419322
0.643974993022
0.980168420782
0.493815708657
1.05180785016
0.637598437313
0.837845329162
1.17305744812
0.46046996388
1.1439302261
0.76990782595
0.746922602123
1.05740467708
1.17156265318
0.905932690138
0.751046458233
0.797907795559
1.48755446497
1.25285768935
0.40977222367
1.02905917837
1.0439180562
1.42749916681
0.770566419965
0.770270258766
0.820673529389
0.950283765118
0.526229897491
0.767479363316
0.644788847659
0.386541163432
1.20519253513
0.331214966304
0.849580084808
0.760583581274
0.871332926099
0.490621947981
1.11419994702
1.16397801729
0.996033488114
0.50511350047
0.932105251468
1.22458022394
0.788968189968
1.2983676943
0.715397349884
0.90616402737
1.13254792761
1.13666584686
0.361206132603
1.33520421552
1.15504693144
0.829674466099
0.574735012638
1.16203849203
1.27266581101
1.24231845922
1.15702054699
0.310220050505
1.21556260065
0.738899266801
1.14074941929
0.708132483227
0.47872874493
0.439858071986
1.47069968698
0.603684798241
0.654214361924
1.44600163097
0.663791786469
0.557997351226
0.723984956436
0.447767682013
0.491628849949
0.500699623325
1.47036475812
1.31412346824
0.509276457528
0.750936792622
0.659997326156
1.30928330885
0.672067820388
0.56685749617
0.920996381515
0.705409999785
0.586945493636
1.01206518718
0.748482082229
0.34513451838
1.27436997097
1.23562742172
1.33973750886
0.88275730369
1.03104355061
1.1883309112
0.49426595597
0.367537795506
1.10884085714
1.01388487545
0.431568661132
0.778362166788
1.26728973662
0.733695147923
0.467856404637
0.691891662294
1.3931362409
1.31339552406
0.926961500483
0.746314347181
0.545817326915
0.991727573889
1.28488557643
0.382027576634
0.819906605207
0.562420590226
0.596507336356
1.00008235835
0.689922611099
0.705355315778
1.09810346954
1.58911830062
0.622387287134
0.660404991197
0.421807484471
0.604277802839
0.673755215982
0.545779138121
0.399062315613
0.679197407137
0.841051735639
0.812213897295
1.32131398084
0.967064057573
0.532193256845
1.0546146457
1.06556799754
1.38757458388
0.970191724719
1.21250712246
0.794053641686
0.807564918099
0.591652826069
1.43240918733
0.784730603298
0.964224794452
1.26135240449
1.01989360768
1.14751891931
1.48027659778
0.457011731215
1.25228996768
1.26282364456
1.05001638749
1.15245278636
1.11643807159
1.18031803103
0.482119717741
0.832807348195
1.3756318136
1.1413144103
0.683211692691
1.3408941931
0.963219650377
0.715987007708
0.490053895101
0.839597667548
0.622856095386
0.996473909983
0.735370626659
1.49825840853
1.06607241197
0.61207715217
0.754585005327
1.31571241593
0.933869725571
0.827122877178
0.903880015428
1.46197882307
0.440620439468
1.01118978074
0.794944927551
0.415828082844
0.453744428237
0.913004024171
0.965476698507
0.98545144657
0.984244622484
0.847766245718
0.371062967269
0.563031960025
0.544415690551
0.904153792163
0.635627571836
1.33694617925
0.631779388456
0.436974530333
1.40806594815
0.681906993632
1.10572927279
0.786144236949
1.05666278153
1.04706905564
0.526971829479
0.578744835105
1.10909527355
0.551245542433
0.679950541473
1.16074206943
0.951868303193
1.03761104842
0.628421073658
0.532927025615
0.410576805735
1.15510937924
0.762859460224
1.16845044018
1.06442423517
1.27422760461
1.00736382916
0.979824712051
0.42799126529
0.447168918804
1.29692757708
0.8820166953
1.03155793586
0.404216960382
0.710857744271
0.716398201104
0.464455593324
1.47508896048
0.297242357277
0.546217247239
0.631220256009
1.10300011917
1.10388979607
0.548651319811
1.05890251831
0.478673606143
0.391977588743
1.13176397696
1.14554667363
1.01114652314
0.541993686897
0.695362923014
0.453451330127
0.698233159399
1.29164717436
0.545320067707
0.530457026848
0.508567130099
0.381427378222
0.478476012314
0.849279998849
1.36307326302
1.05990943566
1.14538772811
0.599985888819
0.350159083475
1.12202622798
0.885708880787
0.959924348734
0.752169835335
1.07686720122
1.07066879976
0.544767812717
0.876856888308
0.429556392974
0.510483948165
0.488017727716
1.19031410238
0.771443342098
0.543158293576
1.22435532468
0.560439459224
1.15117628279
0.503584509412
0.705390879839
0.426974702787
0.394907604924
0.641998294444
1.6145861505
0.879482511388
1.35004176338
0.935547992527
1.05300799725
0.614217903495
0.747227736544
1.14966681273
1.21457913369
0.435185220024
1.22494453688
0.330714106394
0.81095701332
0.478177895492
0.615369325327
0.23845697206
0.57343784928
0.332748408914
0.844308273877
0.592290945574
1.50088299033
0.724947356887
1.27551972032
0.975492216614
0.542719289719
0.976081739634
0.407223358296
1.11437366292
1.03221130789
0.711581880226
0.837113754305
0.580498330805
1.2671992865
1.04622421316
1.26865346512
0.53668889855
1.4477734947
0.674707123458
0.446236686589
1.17203940331
0.649930173753
0.53282794816
1.02283992015
1.02360585733
1.08730951403
1.19384694358
1.56162165713
1.08923591268
1.49377764512
0.492125557053
0.698134051327
1.28892711783
1.26601375589
0.881269997541
0.469661242737
1.11491956713
1.22949571678
0.982497308042
0.582525293705
0.934776226592
1.00464784404
0.317537756584
0.652143891802
0.577743073863
0.813549001155
0.938519223416
0.439171456384
1.24348387132
1.21066250459
0.73706308529
0.196879432455
0.470217817717
1.06317195477
1.22034698764
0.473949101043
0.717193542904
0.576735693142
0.561858606321
1.08903371532
0.302179358853
1.21738769505
0.598559751398
1.03754286573
0.786857883866
1.1762808577
1.07218232278
1.41609935497
0.456788897229
0.753966891342
1.59253884512
0.61874841894
0.721853038714
0.602910480133
1.38695205559
0.606017334389
0.599840112039
0.634056102904
0.70738816333
0.431823023457
0.957958904225
1.44293753603
0.441439596181
0.437371056907
0.312452996609
1.51769818332
0.391300041309
0.566016877073
1.57366158383
1.41902218884
1.10758860226
1.51052086255
0.966770260987
1.01017591889
1.42714892255
0.567763549056
1.32724875075
1.10090662647
1.48129026406
0.743783443732
0.583543839532
0.473392697467
0.487128592195
0.435190465738
0.737101601881
1.23051795928
1.02737385159
1.03620455702
0.986537000325
1.34829185346
1.14329144509
0.327582078776
0.641560421464
0.952063777173
1.14846551454
1.36224860767
0.771060060875
0.682263927673
1.20756461186
0.910369184507
1.40129748922
1.26798991816
0.35286213676
0.348847823719
0.426833770566
0.9153021455
0.720425351432
0.364449828886
0.64547973926
1.12735071971
0.444541200036
0.600724845692
1.18322635855
0.448330229554
1.18400658736
1.42667448482
1.12345757614
1.25422640156
1.34316385987
1.07374355533
0.752778195871
0.530793081086
0.61185647133
0.672262217684
0.415037740535
0.477523849909
1.10891592484
1.49111280308
1.46168940613
0.941164555471
1.56470390118
1.15899895826
0.414742890721
0.57573248439
1.27944148651
0.960104165739
0.402211234091
0.634075577222
1.42286706039
0.991230476259
1.30855938873
1.48670943868
0.871005443101
0.46962744464
1.1799735369
0.311772296879
0.719971748205
1.32635617771
0.432108120524
0.808163157199
1.01987735664
1.0567043122
1.28260755465
1.00078091612
0.474822427261
1.47152004116
1.33730220686
0.438220468146
0.886447379205
1.02780356679
0.943934365589
0.872133921588
0.773346554359
1.05311151141
1.3713817801
1.1709160725
1.14013053317
0.451709093552
1.47783653371
1.14515035096
0.684499133878
0.49165529521
1.17548708636
1.40748065107
0.529377661342
0.675577496112
0.950509243038
0.45577678695
0.966238774109
0.694781246854
0.7561890957
1.13326939136
0.522908656923
1.51234342946
0.701856176903
1.18534544025
1.21336563771
1.30695114632
0.792172256757
0.814463269641
0.883293732288
0.425273078324
0.365885852624
0.603232449387
0.688703487652
1.13323174889
0.905163377296
0.753555101764
1.01742931369
1.08220074918
1.19293391535
0.566567025188
0.768507363951
0.540169433148
0.78019769925
0.931821036978
0.34239907468
1.43940421013
1.26272511148
0.22886501238
0.360622678933
1.17761301499
1.46190448483
1.03526215835
1.11290866519
1.24621102861
1.18570874024
0.79719627631
0.468200880723
0.904531823024
1.53001028458
0.707734091732
0.971716373385
0.38869842391
0.679027015962
0.896874197477
0.486431198689
0.818375679995
1.21501178352
0.592529143011
0.748017165484
0.816007306732
0.513576504474
1.18262345777
0.710372108278
0.959105446707
1.14874984713
1.08048489225
0.847086096094
1.05180341148
0.604898326459
0.587243815139
1.03821727906
0.549396910564
0.990618294388
0.720882579242
0.591536713276
1.05509010543
1.38923411596
0.932252588818
0.642243882255
0.273384714598
0.797263324986
0.702390821877
1.44068508664
0.433342486367
1.02340443798
1.30864787079
1.41700585884
1.20496604529
1.57043943321
0.531602812275
0.918105831114
0.807847622312
1.18793087726
0.525216387279
1.21926436919
0.312416276708
0.973987466366
0.458467124713
0.696813950121
1.29833569673
1.2172888041
0.453497696477
0.46879403044
1.21764781373
1.21987733794
0.418788652764
1.01141013277
1.55463518239
1.22309179512
0.51705622368
1.0475231843
0.358185080102
1.11630902318
0.499162456091
1.04118510662
0.786873321407
0.900731494805
0.623387851704
1.02027706973
1.5868320603
0.625660269273
0.553704886251
0.942835414141
0.539935701196
0.42928364072
0.931398698891
0.607362023545
0.553031070422
0.893339278013
1.12255413547
0.905145065957
1.64841944134
1.25057295575
1.12386996957
0.231241393146
0.651887773578
0.724942205119
0.409328154777
0.281146730948
0.52469235204
0.574085605914
1.05351529212
1.35757548254
1.4680523885
0.643575594855
1.2542301747
0.999364299477
1.19944330493
0.824106482553
0.477971116145
1.43050778019
0.463829951016
0.714577086893
0.403922127178
0.595826555138
1.23918772076
1.30455570563
0.759293066675
0.505938950832
0.743597797097
0.614325334024
0.703432302086
0.911930489723
0.643402424688
0.923556051531
0.727939202618
0.379943919484
1.04995093836
1.07806963975
0.524952088609
1.28178767635
0.88655585897
0.914753952084
0.686469049069
0.558145416864
0.739954289272
0.781199814688
0.317706222592
1.47655880998
0.501070963662
0.552644068504
0.784236786459
0.591297287079
0.608756871974
0.944539375518
1.31083606561
1.16166011112
0.897009488769
1.18887259276
0.960427753066
1.05454375817
0.507294495202
1.51400025063
0.557585987193
1.06130312837
0.645391935152
0.665369654082
0.680670449134
1.15936880952
0.378399221433
1.0258225068
0.970652261348
0.782012396273
0.775188727831
0.984199351511
1.09432303556
1.24696862923
1.06558140631
1.15150920628
0.373994470795
1.40617655727
1.39219581788
0.56181002638
1.06074223931
0.441217507994
1.19411486199
1.03748237312
0.493137958934
0.345494804515
1.36637185254
1.2834413445
1.0120268188
0.707789891695
0.973961050889
0.245475919912
0.472905964679
1.01137687433
1.5373150795
0.603287270657
0.987669046294
0.222994306134
1.02390481817
1.24580556657
0.652131992765
1.2383534414
0.506779505513
0.858497348867
0.649549722199
0.477769936128
1.05608801939
0.450259778156
0.975732959127
1.24520499183
1.21249504576
1.14017164799
0.463552300606
1.2223709158
1.16514011837
0.523989301208
1.06811720897
0.902920574436
0.764826721305
0.52611173686
0.442440324484
1.6111386362
0.622635294463
1.429640494
0.705953654076
0.488485095177
1.34473220199
0.404993802005
0.611031605908
0.952454456102
1.24289632754
1.41158114679
0.450772984858
0.751865495644
0.626815975333
1.09641934904
0.262306732515
1.1716115479
0.470463143328
0.523104071682
0.366100553728
1.17038377822
1.32289158273
0.707993825734
0.658401836667
0.376843213749
0.865996087935
0.38588075295
0.606430598469
1.44070708519
1.48702178855
0.480763985896
0.409178558247
0.537635414975
0.795646398527
1.31605499323
0.783616765692
0.551259331398
0.36094404533
1.13972995103
1.60030864223
0.701568763891
0.47437329762
1.16353306338
0.428487992392
1.52309898943
0.46158288965
1.50259573443
0.967210458531
0.572465628775
1.39726535217
0.821427346997
0.331288501513
0.59642394666
1.24263620244
0.90589776465
0.797744832674
0.962368028866
0.545581615738
1.12202590854
0.403546053445
1.50090525523
1.25766336556
0.736009770821
0.769598718752
0.3441193007
1.24347874014
0.78254991693
0.57856249686
0.440428849143
0.854010765049
0.590077418691
1.24370901414
0.420624687081
1.43939782256
0.963719834353
0.649108843095
0.972185820701
0.317316422654
0.846819637632
1.05679085913
0.454461821854
0.892826383677
0.79271233618
1.04707717708
1.32721417238
0.670508014405
0.716170424699
0.88190949734
1.14994220659
0.50446915729
1.43842077949
0.568618428295
1.21654971246
0.525120600818
0.439268212031
0.9451132736
1.13881331098
0.661065150749
1.00043493181
0.68397477272
0.744535923594
1.38712486951
0.733131484279
1.06169972093
0.690304890049
1.03870229864
1.23654166499
0.489411629889
0.592279442607
1.25134058383
0.576209688772
0.84328996724
1.31345585852
0.812747485374
0.964726748312
0.647643815257
0.238890872365
0.576952395037
0.485057607284
0.709535292144
0.450217573235
1.39976242804
0.559372711708
1.29856596873
0.890693030837
1.44079868493
1.23178302469
0.878349434449
0.362607240308
0.442468103924
0.953019722004
0.574564503666
0.586320210391
0.723560472873
1.38682768101
1.2721022857
1.00595273432
