1.25171946937
0.271248603623
1.55806584496
0.890712917888
1.26237216171
0.88464685891
0.313814974
1.12442123439
0.673580427116
0.839992436028
0.922308627737
1.24666116999
0.509870735886
1.2268881197
0.470566638236
0.939610245504
0.512209973972
0.797784306006
1.36238473655
0.414979252994
0.504730557162
0.984169364249
0.722876490458
0.671115819091
0.6896988992
0.434530564979
1.01432512605
0.164897430866
0.732520766139
1.01603287867
0.919133881292
1.1369390968
0.650020642225
1.40942804649
0.930052596536
1.19741294949
0.389457945967
0.689170349759
0.790634272567
0.56782808087
0.980984832259
0.887376625149
0.908340358712
0.613445802878
1.17584497498
0.602017395261
0.567830373066
0.22827613082
1.21479930674
1.19461397664
0.636257218225
0.42731174025
0.442758311727
1.35475630016
0.890620891445
1.15887734635
0.975855104331
0.507885898368
0.308300332871
0.415219161738
0.507810283951
0.360267724617
1.09094328964
0.731849600057
1.00656002801
1.03914478921
0.942779899712
0.593349939059
1.01505302663
1.20009746486
0.627304687856
1.39612017743
0.90575574845
0.822659888303
0.241209682487
0.563330905544
0.482829302486
0.89410854993
0.2752614643
1.10290326057
0.929169932902
0.294438295103
0.970806831191
0.462938596694
1.16115160094
0.612675640668
0.630810813265
1.17540098916
0.829444295087
1.71167830787
0.675864669619
0.589610136405
0.467068243277
0.882760034883
1.43516310979
1.0890127419
0.54946365068
0.712919261018
1.55633683991
0.717281527506
1.24838974722
1.1093232698
0.677782687564
0.418414337309
0.420418036765
0.768544156221
1.21196490319
0.712850013092
0.989935345445
1.55666676099
1.50834651501
1.22674939483
1.06809491538
0.998482359277
1.20602246805
1.32991714405
0.922779794384
1.34185878261
0.879953581348
1.14105488732
0.407862366984
1.09241763333
1.11143262558
1.23251113707
1.02987455429
1.0694049322
1.3725204511
1.30069179651
1.01251705497
0.78172279282
1.47979984337
1.23035109883
0.981979095145
0.601953120948
1.01992930701
0.919476176463
0.337005623287
1.23686456709
0.406618670449
0.472062453975
0.369837089817
0.649160537085
0.5543819415
0.561653326362
0.252439570004
0.952539370662
1.10601829523
0.789223136572
1.56835276396
0.744128950407
0.753172655534
0.509097884306
0.442256559391
0.489763701207
1.17610195389
0.495785519386
1.38524094917
0.774879452121
1.35243164059
0.921207231126
1.17534047229
1.08865223569
1.49947474438
1.10815899775
0.851014463543
1.12695176357
1.20100983445
1.17503334969
1.28379929598
0.457260150398
0.989699855352
1.1977645216
0.564791204246
1.26725334018
0.502661454826
0.540104967173
1.17792451322
1.35601608351
0.659652093752
0.688406202336
1.28447518846
1.3458938108
1.12804074478
0.748403129873
0.270909076671
0.274695310025
1.31467743344
0.551113880991
0.510886719824
1.04062892753
0.582423599675
1.16989120875
0.46978102432
0.701167674083
0.593465583279
1.16537674153
1.18104321841
0.470616286746
0.489131160237
1.24793019723
1.24531163484
1.26817268986
0.789817061367
1.24865192627
0.463351039057
0.775964256803
0.69487020965
1.51725804236
1.27082741639
0.780488913534
0.851668821016
0.877894039398
1.19474797945
0.563963950693
1.35588119491
0.916062525183
0.73822399355
0.974025148814
1.3438632034
0.774796614766
1.13204383883
1.68477168678
0.794834533691
1.02101344639
0.494507186204
0.484518682962
1.01618866533
1.36716200053
0.787605452927
1.09925319146
0.326211905101
0.549577438359
0.837640593153
1.25202281165
1.19161035254
1.14125260789
0.761900754602
0.878437873826
1.19674196626
0.731164141249
0.536078408632
1.07685876772
1.32801268561
1.34474200309
1.27071835576
1.38070945871
0.866633649316
0.46202248777
0.803891804538
0.75736322629
0.620361027694
1.17979934122
0.515259594759
1.08880202261
0.793437652768
0.352241515164
0.85663040968
0.597923019838
0.818988189733
1.07874775321
0.860863653463
0.982698172238
0.575511086655
0.850009403838
0.61162626217
1.43580395982
0.904819800311
0.509714444223
1.09368499757
1.01270715601
0.481289361336
0.993433846038
0.43869873891
0.657272074126
0.475942055716
1.12926268562
0.603669222119
0.689701945316
0.685278616537
0.463100752289
1.19047291843
0.727436554983
0.973004202611
1.09569421123
1.4661568399
1.33460132817
1.10770703535
0.856260914824
1.33835407862
0.319080568899
1.21796814985
1.25622749768
0.847290905191
0.75974609448
0.932288797583
0.467798452257
1.34827772723
0.927991201671
0.536574274642
0.406476249015
0.494509086639
1.00038812932
1.05580023013
0.936879546135
1.00509755509
1.44424683078
0.905321939003
1.43448760271
1.32691195303
1.31421492508
0.803603949948
0.938480793022
1.03699671166
0.728194359098
1.1580893657
1.2839859511
1.23082783861
1.0795094391
1.01465087829
0.666734295779
0.725340250048
0.874390350586
1.12666159758
0.667140160797
1.28472972449
1.08535914527
1.29582010289
0.407786351651
1.15706648082
1.40372117039
1.18950899511
1.21577193862
0.407375360689
0.247574015624
0.566992279731
1.10881236972
0.68091445342
0.413394557346
0.298857233593
1.50750218859
1.58385686763
0.680864778963
0.614676951356
0.418824160109
0.990269410908
1.03998202587
0.730807932762
0.683224891031
0.44111704661
0.308167409336
0.835054398773
0.655284718911
0.214503194105
1.0920776913
0.602129911191
1.25397994418
0.972606694072
1.27675600568
0.712114901305
1.08836848167
0.434515214722
0.973415555697
1.42915543782
1.1780308152
0.507181894211
0.323079112179
0.724277969222
1.00588546212
0.551349049893
1.28052724169
0.471284814559
0.833664814359
0.499493250145
1.34283440595
0.777628520542
1.24036690429
0.593395228447
1.62561367776
0.488119420816
0.759376997138
0.667922566357
0.471043149078
1.2592303148
1.1594808034
1.49757245818
1.47354818917
0.984067170108
1.09933079098
0.453473467973
1.13008886457
0.595584484737
0.749095933386
0.624836323686
0.413515034087
1.16839715536
1.25712105028
0.820656492969
0.579859380965
0.881319600689
1.26371344825
0.917815013256
0.994152180333
0.752193468481
0.744965847507
1.36767778814
1.13529366552
0.605739809199
0.748070468005
1.20565275829
0.682523194479
0.744548141404
0.604964017319
0.658605211394
1.05524848975
1.00111000288
1.22025660823
1.14213516283
1.08821593493
0.992783161952
1.49313638548
0.840543080968
1.00366459282
0.525054940843
1.14017683726
0.960332692437
0.759232962892
0.925770260421
1.05036303424
1.08773747998
1.2096803038
0.353562356147
0.815145507983
0.837826842151
1.26184866849
0.190983607665
1.39621333165
0.53306059159
0.676529242413
0.694071962305
0.50911141282
1.39610602351
0.497157508398
0.928467060968
0.867069009486
0.411747176141
1.24290605363
0.667250486939
1.15407814631
1.06407763143
0.946511432536
1.18638746296
0.658806138782
0.589045743237
1.33403522292
0.768672438729
0.624653493454
1.22843997964
1.26500002425
1.13989527883
0.74794943646
0.411161062241
0.572853711419
1.23227021022
0.823739586164
1.04032059813
1.29807984807
0.606368674314
1.05270056872
0.914018499978
0.489924750834
0.998434808149
0.951939522198
0.679145596369
0.546601096873
0.720954263678
1.0883866176
0.939178705831
0.638347319706
1.13108899661
0.585867250919
0.676232599625
1.18358856158
1.06543225865
0.883058672519
0.629474032744
0.775415979289
0.215508946753
0.825549097315
0.861979057572
0.686519556841
0.770088882099
0.782020998058
0.660209343115
0.863589167809
0.725071676443
0.97645465789
0.517714764521
0.899567066431
1.40085907591
1.34602961698
0.881808332021
1.54882708773
1.13200799738
0.626703059811
0.948438980222
0.459833863444
1.21064930759
0.61918796039
0.953496984441
0.900652362469
0.610015581761
0.951061758248
0.51844026204
0.828687520682
1.00013754888
1.29121594548
0.694628260424
0.59511571786
0.76470001882
1.30894083065
0.423507475344
0.942495218038
0.380625360318
0.480264960119
0.487497789591
0.984743393716
0.50069739422
0.715453100637
0.443516426018
0.425571169913
0.331264840417
0.505238362174
0.653733822297
0.56646849201
1.00316896292
0.89977452703
1.35814684592
1.08770758287
0.46565288343
1.1260311527
0.641332240258
0.454576516664
0.603764305845
0.859571147249
0.744544221121
0.460180231993
1.38257333916
0.666097511682
0.738025040838
1.16299555584
1.30574119379
0.873363983221
0.761895841803
0.673256519799
1.3551045709
0.398656156146
0.895774632801
0.583877009074
1.24017152612
1.14186696855
1.04903992832
0.732027074676
0.455735263682
1.23152126461
0.634162706141
0.750198234978
1.44145373108
1.27421496889
0.652212448523
0.988801969769
0.672952540024
0.814435704211
0.588586124736
0.568029929604
0.527068947266
1.12068349529
0.864021931782
0.584040049103
1.37415431572
1.07260080671
0.498144687746
1.2414215719
0.532381083535
0.541670537736
1.10490596389
0.923861320376
1.26337702679
0.839280686955
0.701549589784
0.881303975348
0.696237983503
0.89755330868
1.17650812699
1.27810997708
1.20868175254
0.627952679746
1.05813623088
1.00585306315
0.516517959033
1.3969587128
1.04653405833
0.374504246769
1.21602819764
0.760805265528
1.32590960333
1.23833174167
0.553840744307
1.66117090545
0.448496870368
0.585282856851
1.48946327317
0.867686949728
0.850449865281
0.562212555286
1.15425607369
1.23319169841
0.816254564496
1.1980283734
1.36350517322
1.03032211095
1.37593496716
0.413893102775
0.49520014661
0.429837107711
0.974431420333
0.84453489933
0.982503037941
1.14311140401
0.697245514682
0.800568020522
1.05731276659
0.673123512111
0.54429848897
0.596775124935
0.484791290227
0.572201923941
0.89427446203
0.657737452747
0.94143019185
1.3536379902
1.22928831641
0.811982854108
0.287941630431
0.736570546734
0.845094329496
0.731718957371
0.951631372144
1.13013276747
0.679510432172
0.95596079815
1.26171604778
1.02697000766
0.28841405308
0.694574131832
1.37244319872
0.986475392405
1.59332769456
0.575112461648
0.633274482099
1.18315560969
0.715299754292
0.958895983492
0.581258284234
0.45177521066
0.627395975516
0.679009834814
1.09834220576
1.26889537816
1.19408026196
1.06541648951
0.271610521024
0.527506172879
0.262463342922
0.982617686281
1.13196950366
0.684979408191
0.653440784864
1.37139132612
0.533132126923
1.21878577813
0.750543650752
1.50843506013
0.328916648941
1.18084420266
1.42499699279
0.962807881969
1.46108458685
0.886543739372
0.728393064861
0.949345506195
1.29008245622
0.582745033195
0.244444803697
0.458867823501
1.00183969134
0.307825667627
1.03802842853
1.18436522274
0.919904484484
0.954354271082
0.431257680198
1.31804198467
1.31961227762
0.589639353402
1.13100620641
0.95592358304
0.408176701841
1.22346948887
0.937277468123
0.533508123466
1.3058094427
0.897274642617
0.586725653924
0.688617738918
0.947918897192
0.954511078007
0.707636117696
1.0278334591
0.851074868888
0.701515084171
0.514645462299
0.731901409203
1.31847420265
1.47915379979
1.40164847863
0.401490851993
1.15324308836
0.536712726546
1.19990979019
0.407947427675
1.06165816289
1.06239958164
0.460153103001
1.03147435998
0.477923581771
0.911215651018
1.0051924155
0.467200244745
0.506645597551
0.852234560569
0.536145882295
1.35969204747
1.42153517639
1.21965412504
1.0773714215
0.942762924301
0.642327385537
0.585954281361
1.22799741681
1.11387814146
1.09983627861
0.959401697404
0.650250707848
1.29353090782
0.981037412416
0.555977449262
0.806047217341
0.778782758071
1.20083986506
0.742488853327
0.596845364592
1.20547655318
0.763082348342
1.17483517831
0.649184639872
0.559089011981
1.20190702104
1.17011069021
0.374906496764
0.477691027878
1.09124267071
1.32653361655
1.04054650887
1.28854149279
0.906407859896
0.256564377923
1.01987410245
0.725964262753
0.737457965879
0.747939543264
0.581389823419
0.96391087795
1.02236945664
0.857939657161
0.860933875283
0.733110104962
0.646047641144
1.23388567717
1.19918937437
1.06605116306
0.889690752755
1.13169481508
1.08655150717
1.35734264046
0.635841980407
1.10121564306
0.992880485154
1.1513971087
0.364202337274
0.877000785657
1.11087962221
0.891542102058
1.32337369913
0.75630878025
0.625840354586
0.700276755065
0.273594818109
1.28174560454
0.916834550226
1.07682356156
0.709358244694
1.08437895116
0.962055085343
0.876195554693
0.365103274886
0.555735476331
1.32026758571
1.15480643794
0.737834227105
0.596491660885
0.555660325713
0.983087031189
1.20170303019
0.670398347032
1.4444254671
1.11366214903
1.30486651798
0.589991402862
0.205800203579
0.781083366414
1.04891230876
0.737676848187
0.815969777558
1.09293283142
0.278508537373
0.528581585093
0.436991195515
0.52240776342
1.52265865944
0.979961485396
0.484106741569
0.993784646285
0.569339988229
0.552703318328
0.80125250787
0.567118113912
0.7930512229
0.620771683109
0.622640020335
1.27451091066
0.884175009734
1.13632629965
1.32188669529
0.837549165428
0.760989757246
0.473119036928
0.805128614677
0.909816619254
1.00528899839
0.831551432864
0.621898258182
1.20453305365
1.38466047586
1.2569996072
0.987809049341
0.800065566326
1.11840953613
0.915862747726
0.857936911258
1.43919213817
1.37006389858
0.841026929686
0.40699279654
0.783372883614
1.07940017829
1.23461416345
1.12951406265
0.424010494586
1.14588517931
1.11822904572
0.499928131205
0.422542592989
1.16110186102
0.680396966809
1.21616014804
0.839055213518
1.19884634499
1.31912779667
0.867479401258
1.4073848318
1.080706093
0.833309617505
1.26338286965
0.920726941601
0.951621643231
0.592063201635
0.82288716143
0.588473610172
1.55950181835
0.704000963218
0.508809887651
0.359262848055
1.21930808806
0.365141369988
0.567999736026
0.561794595441
0.376374933211
1.3068167082
1.00435898877
1.00212571997
1.25234148679
1.12207651064
1.2008252998
1.24584878924
1.16799270637
1.28803046044
1.15788648856
0.68197979658
0.884041105171
1.02288101704
1.20082430082
0.934440405065
1.26036398291
0.262743926031
1.18472016762
1.4886885976
0.856937913258
0.774975536694
0.258171564692
0.277122994414
0.699182803848
1.18634251343
1.35295128753
0.530465124137
0.962961793089
0.46952862702
0.507463222137
1.42250939938
1.25011193117
0.723802498375
0.818723401473
0.778061181236
1.32239759321
1.32481632613
0.700472428575
1.29382275353
1.48196993272
0.658525010013
1.24586413514
0.889934707277
1.098536521
0.338235333056
0.761188194291
1.51170028521
1.20995958291
1.00463116274
1.06971517106
0.462921855714
1.10153408548
0.727020326832
1.03254382704
1.01753365615
0.46688977951
1.13008559089
1.69903173667
0.734301145911
0.594069216583
1.25973853977
1.30071083448
0.56366256821
1.17579953071
1.22471393556
0.910057972698
1.08329802688
0.443069840069
0.315022684673
0.453383300902
1.04860813718
1.37692764728
0.698609927322
1.50293896905
0.768923360303
0.8004698368
1.17759868837
0.922611012108
1.29962595967
1.01952492636
1.04384904566
0.575315467279
0.887481805287
0.993594045599
1.29125701013
1.1997547794
1.21259171588
1.24864809312
0.334298768744
0.35856918187
0.303034474347
0.32215156209
0.704765043923
1.13525100354
0.956586044815
0.997897314081
1.0447521748
0.724587933834
0.278075995581
1.63191907716
1.22435325485
0.396618270209
0.562757903371
1.17924596899
0.55792957712
0.901879901724
1.51704785458
1.43279060667
1.28336964305
1.1487224727
0.723510322563
1.16033186878
0.925660699666
1.34539229083
0.721348601425
1.19157229078
0.410275383073
1.24568365937
0.509272404069
1.40098035991
0.345217989842
0.636559992836
0.842674506304
1.42475884796
0.619944025688
1.35687661449
0.527455522519
1.3798282688
0.941160998731
1.08202936625
0.657381079772
1.19061968064
0.938163281881
0.656695699087
0.88763464174
0.402723194092
1.18073811922
0.910876620247
1.07228628984
0.771231713097
0.625840317006
1.13039558762
0.770118494407
0.430862721426
1.33215042732
0.60736281785
1.03899710809
0.465316702374
0.819623442897
0.911624990098
1.30215998432
0.703658538334
0.786655183043
0.600316450774
0.743905698732
0.481996408707
0.798487761664
1.1007751523
0.529592018956
0.39706592364
0.484975313158
0.715488831699
1.35390863095
1.0345980478
0.666490679368
0.822129153353
0.819195108434
0.495981108141
0.955899228908
1.30086554055
0.867638114069
0.941012721949
0.679246879363
0.360328726727
0.406503427739
0.60895849433
0.53812123752
0.818191300165
1.05986113143
1.3835983539
1.10350372476
0.887061518853
1.2851537663
0.629688019682
0.343851962026
0.385595105567
1.10541666818
0.545111745447
1.02478655665
0.721879500558
0.982093845499
0.573295183226
1.02693802767
0.766027507383
0.47216244955
0.400395234894
0.965644363791
1.22960096707
1.03515120279
0.547345963855
1.08151729512
1.23743581469
1.20382316491
0.387521228727
0.448838153138
0.689352697937
1.24427816469
0.477485379658
0.496444106814
0.631356266477
0.904054982646
0.887520384548
0.53688081934
1.38291788026
1.31603008083
0.451253613599
0.296425546825
0.775150118772
0.747486648715
1.04143916169
0.925510728849
0.815200329238
0.637998703894
1.05045055137
1.17875614182
1.11527222343
0.45328524278
1.01046870733
0.675330762372
0.500048685871
1.37485728052
0.842544083987
0.854217146623
0.457677316782
1.39503717055
0.735377399376
0.555421287878
1.10403142133
1.27738333727
0.383065316891
0.921932832765
0.452197420724
0.545610524912
0.80689344958
1.2322354999
0.943974352393
1.15056404909
1.27578804934
1.17687396279
1.07349101168
0.776629383225
1.14657093194
0.503218219039
1.32369163014
0.826628898412
0.278650931205
0.709366085344
0.534649423334
0.7241375696
0.682575018075
0.52237963973
0.575206886053
0.959395474549
1.03184810147
0.381249826268
0.613456021798
1.37647216394
1.08023299072
0.455929799052
1.30471430212
0.854936687678
0.901301790167
0.842305943679
0.758239523218
1.13208436769
0.538415372949
0.957397423437
1.56350368424
0.535110313188
1.03957837708
0.851005609646
0.504531937853
0.605763108742
1.01178008313
0.414390482336
0.22731881364
1.09262857646
1.21704983166
1.0403575697
1.41463264314
0.718591109528
1.33858057942
0.697961495327
1.23922048183
1.28464177604
1.34325087895
1.31741159328
0.759827005788
0.716717000762
0.660037943539
0.156166421522
0.586987711411
1.61703397001
0.598030057536
1.03698823676
1.18330393439
1.36627739036
0.96438407557
0.397640338131
0.576633366189
0.912962029789
0.414170201242
1.11406152091
0.850637447107
0.453332458884
1.5783122774
1.1917978486
1.10647061069
0.970871930499
0.97369548932
0.958183262757
0.96885956964
0.923369391225
0.788105636233
1.41349459581
0.757794078032
0.597232621601
0.815055386096
0.367544517234
1.08880050514
0.531804411364
0.672739331782
0.318053951441
0.47671021904
0.656819756979
1.10796085218
0.539789642788
0.784327611098
1.08006077183
0.779508868182
1.20876356335
1.00384031278
0.483679002856
0.417092842515
1.24852712976
0.260299907965
0.813989575121
0.38265703399
0.814070412107
1.43692008841
1.04522382315
0.380014430213
1.23972148635
1.07157554129
1.18168056335
0.414653487892
1.39418791548
1.29719827327
1.16274707404
0.410056303579
1.32895411159
0.874773847625
1.07455454756
0.964229169159
0.689667891593
0.888275780831
1.22913889269
1.34908624597
1.20983785491
0.590424192403
0.497417857417
0.355167108947
1.23509683495
1.38182671939
0.659843762907
0.513036844181
0.829937010618
0.882372405438
0.966641241747
1.27413111624
1.04996789762
0.784946010888
0.535719404808
0.356940990005
0.95991425302
1.04324675572
0.944374046879
1.06244585024
0.545364411038
0.462525314182
0.565948486958
1.52760078743
1.34523405288
1.31636379014
0.556182949811
0.660294847605
0.433583970986
0.500752309685
0.4135860506
0.702984531177
1.11304058002
0.806241445576
0.653437016101
1.04042050506
0.48008106176
0.243777479039
0.711228728519
0.548916531506
0.375162513316
0.58229694436
1.21944379575
0.929649958428
1.3974772632
1.34672018367
0.39495021961
1.18535554029
0.5704298413
0.889088263824
0.913051645585
0.980540123668
0.781208762135
0.649272872062
1.11802250265
0.572319402315
0.436202116226
0.426706984525
0.742161950991
0.995163815821
0.735609002053
0.748128442479
0.456192355992
1.05561968491
0.407071249264
0.520664822679
0.578926547888
0.338152907612
0.98247783826
1.08301886118
1.10042336376
1.2812958215
0.598990161697
0.813747947037
0.856575477112
1.15976050641
0.76201112228
1.00483563671
1.08088419928
0.644463927143
0.498451322389
1.18875433511
1.29018697057
0.273219240538
0.740298674424
0.96315519796
1.55788552
1.18512299959
0.894720323904
0.583710839175
1.23151248185
0.428737471864
0.991237213108
1.09592849687
1.452504024
0.599776241795
0.837734718353
0.545750595337
1.14578228042
0.458131617633
0.927304719032
0.982841384714
1.31625251597
1.41454154842
0.634189574613
0.725737054766
1.31858535607
1.19080250229
1.05814764236
1.26846499899
1.09433548913
0.729700167202
0.991140689437
0.473781326495
1.20315826414
0.641429963461
0.659798347648
0.616911469372
0.96924265203
1.18908580725
1.07766565225
1.05838359432
0.689399242644
1.12610109204
1.21136155396
0.756255154141
0.691699342599
1.12435661502
0.89852548889
1.15586388176
0.539989342324
0.297584083367
0.383760132982
0.907268063749
0.796016893009
1.19902374716
1.38202377608
1.04025428715
1.25467858879
0.802518905834
0.684271151375
1.3666668411
0.992871942368
0.584982108173
1.227274949
1.07513845564
1.18523447244
0.642750690337
0.746688707412
0.440114048901
0.690862032248
0.676688375408
1.06417445945
1.20137855073
0.790942910004
0.609621880642
0.617117306146
0.671661590731
0.680039601144
0.596598684108
0.357111811571
1.47336480739
1.13795660265
1.10739346002
0.533211091496
0.629654521709
0.568564314882
1.15305442732
0.906502081359
0.804362345964
1.15037053661
0.543909051077
1.29045710324
1.28902163892
0.908579082677
0.759082459313
1.03704262871
1.50438575151
0.460816901134
1.11810233804
1.10236198161
1.26850908337
0.943628652439
0.918685868759
0.515922565719
1.45517822464
1.22519163784
0.843711347501
1.19255116769
0.376787691417
0.312144580171
1.11798011632
0.47174733402
1.28798369243
0.403547479309
0.802627081656
1.28455230738
0.352247699835
1.0210020448
0.89296391969
1.08418909803
1.19910857019
0.908663455235
1.50580717631
0.476289988068
0.478518295565
0.748090552165
1.2656267434
1.21062281571
0.746603746723
0.741620408141
1.48213449274
1.18613570769
0.852267125151
1.20660485232
1.02839449017
0.478894327002
0.536627315861
0.243293859201
0.529487478313
0.691693240873
0.818486143976
0.609221652282
0.875555038683
0.530564349587
0.633664747116
0.77327686926
0.78122375569
1.07669594083
0.966058777515
0.924318549589
1.12050983795
0.448908739279
0.695800995076
0.864394008434
0.538341460253
0.332254640429
0.916677377233
0.967663538439
0.39401815057
1.58474845262
1.21791339406
1.00969563405
1.392712293
1.1910129965
1.2263794604
0.604504675503
0.577317081007
0.496556686873
0.973405725355
1.17553738315
0.361944012841
0.857141763353
0.644006775183
1.41079312554
0.377612264235
0.942330779964
0.645182067796
0.831649923669
0.328881888213
0.901083367114
1.39817517766
1.05566960114
1.26434809509
0.80619589267
1.14300291463
0.907257929322
0.690949979516
0.529321367754
0.28892935979
0.777129063438
0.77104284031
1.28221638307
0.738413042456
0.748711311274
0.575947893974
1.20849975081
0.707622708604
1.30818483974
0.758608401633
0.958674482917
1.00415441021
0.437152949884
1.22828294203
0.894652119764
0.991433849066
1.30379882361
1.30936369199
0.61990679263
1.21471350513
0.714443192113
0.59997209261
0.489988290068
0.856661209415
1.19547636608
1.22438052139
1.09027028165
1.41778182344
0.983781433195
0.450043304166
1.19221005649
0.742659310332
1.06262804869
0.597856365435
0.534211747292
0.989399297758
1.21284289751
0.817559416082
0.842387181211
1.13438453514
0.89504342355
0.953527630224
0.684414237525
1.15256771488
1.30291789593
0.355472916201
0.58765290369
0.791718405007
0.726039556335
0.835151672255
0.898249438452
0.598876261608
0.311173047047
0.738178580652
0.417796487931
1.40685190412
0.474165447577
0.965512187873
0.848470556221
0.747497864446
0.937486753683
0.990834378614
0.71587697287
0.586759542518
0.669949615162
0.771952415307
1.14308603144
1.34173390743
1.01356746399
0.856962035399
0.952145995522
0.362730972867
0.252133751281
1.00703706398
0.921221276946
0.504967094812
0.948775820987
1.12194969677
0.99535832881
0.841131574796
1.02889488776
0.44463305348
0.469051729471
1.18837524881
0.895746279088
0.638421550927
0.958301558726
1.18949551116
1.21455988532
1.14237710905
0.517748488412
0.571326320198
0.467593899736
1.00038110092
1.45749323238
0.634515276481
0.3367783215
1.09761418613
0.999593455491
1.2470580961
0.835031392169
0.904731329224
1.20295798896
0.620511264832
1.11991668692
0.484337586453
0.602439069132
1.45853134427
0.587514032644
1.21915551297
0.600659496217
1.36954220368
1.35827306248
1.28777519852
0.947929650012
1.06607438778
0.701777794293
1.19984717703
1.19266229826
0.958968558386
0.447787137857
1.0576094812
1.14144533096
0.826698716715
0.787077688855
1.20830796708
1.2450361363
1.13173822293
1.26662426401
0.333689962037
1.33518972053
0.592805881408
0.757634965022
1.18514628965
0.956655723495
0.984350287245
1.37974685822
0.591265034496
0.909366609988
1.18133012954
0.798178051098
1.29134131861
0.671718079089
0.635682313935
0.91743577836
1.2648544347
0.949524000155
0.74849308872
1.02443329805
0.700178503161
1.08023078209
0.767743676
0.724123204157
1.02047765524
1.09652568971
0.682138258965
0.641311978692
1.4597175973
1.02514777962
0.535072187809
0.762830437307
1.48991912345
1.22176281471
1.12393924033
0.893252205385
0.696957891781
1.15863811318
0.844581038228
0.85126871693
0.777471468499
0.391231533321
1.16752507032
0.656425685788
1.38237863309
0.598154669927
0.545652174333
0.402695854905
1.55117901053
1.1069378846
1.27049290776
1.25305126735
0.777568305243
0.66860563617
1.07032601393
0.58415190242
1.24795236246
1.3707592342
0.858672760544
1.51049047777
0.633630993708
1.13792748724
0.414240819344
0.881516755951
1.28279927674
0.577520761246
0.795402001263
1.32914734527
0.923029038631
1.03439498293
0.819893929171
0.773826498132
1.37292452091
1.23264030811
0.702870888635
0.860892507562
0.53502614708
0.52126326359
0.273814896443
0.809920809054
0.845846286756
0.894214763462
0.71092163242
0.375574190117
0.926921543726
1.12512543207
1.23121422493
0.833199419636
1.36278811225
0.712162695661
1.13897001675
1.15524705233
0.650498576506
1.36960803114
1.2532966844
0.808783673496
1.44938594886
0.749828956905
1.0645861175
1.48678182129
1.31702435361
1.17501938759
1.20314515782
1.30215419476
0.535451877769
1.34010409113
1.4904137015
1.06688202248
0.434728061147
0.556370808561
0.363387897901
1.10132900255
0.543863301892
0.785527345214
1.12570186042
0.686356384749
0.982217406576
1.22122295787
0.877156548547
0.931942782484
0.801106090452
0.612558076196
1.06953562179
0.429910656343
1.27178714106
0.708355955569
1.2347884548
1.17216641794
0.871731657671
0.796089270891
1.23638630562
1.21813189941
1.22796206199
0.277535813147
0.555834138878
0.454109293544
0.736263840132
0.329245942789
1.14256410194
0.90703468332
1.36670030022
1.12412981752
1.20301778915
0.885081219651
0.876481341406
1.22461940337
0.435325999793
1.45150828228
0.461862517572
0.583455872557
0.625705287281
0.415607451741
1.44308677393
1.5238833714
1.01376353067
0.888747953116
1.08099557965
1.28082819478
1.24490305488
0.390075760181
0.354157657313
0.773501103417
1.24995800214
1.22808816591
0.191339128103
0.602656912574
0.923032474063
0.423703487055
0.624361354647
0.506445182177
1.30393686142
0.91089943149
1.07744764388
0.744678503662
0.51956577641
0.806630777518
1.67434432772
1.07075831281
1.29416401784
0.502538453624
0.689491011294
1.05300024435
0.373689146991
1.50154948969
0.604889996283
0.877749011502
1.46711176725
0.637340572463
0.534303246318
0.476591756667
0.633716345521
1.39386529648
1.35437149011
1.350932239
1.56823444475
0.766062575045
1.03693188778
0.504243344237
0.546858959002
0.647522918056
0.503857815063
0.668210559698
0.926321129165
1.31717386112
1.36025390884
0.534064322399
0.847515976963
0.451869586865
0.529844810833
1.1982474702
1.05870452917
0.599864248361
1.43929481316
1.13892714967
1.00460107065
0.845619267442
1.20656995392
1.19760841339
1.20508370526
1.2326307561
1.39209583161
0.495415477759
1.26937494268
0.585780126871
1.18219055785
0.419051638109
0.792193956393
1.39175162365
0.548558858872
1.13595668613
1.29460512251
0.942904921509
0.547065766462
0.432264562786
1.13478465269
0.71973949724
0.503229402526
0.769679635875
0.662819145402
0.832424488055
1.29633159187
0.996923950322
1.13230104318
0.396508164549
0.707180912303
1.09137482855
0.930511830048
0.600722531947
0.631968751226
0.366165800649
1.56620916833
1.16435395424
0.725626556588
0.327942638745
1.16174878731
0.665448984633
0.43280632942
1.41259049262
1.11800854278
0.634789586992
0.692520999886
0.19110237025
1.36218346839
0.277189152096
1.15306028114
1.06281949251
0.446263242902
0.926850627841
0.561839712373
1.03310618857
1.07396729503
0.808838124968
0.831624030155
0.540005621797
0.645415656414
1.14565427005
0.92135225044
0.643714792028
1.30948242252
0.78106182836
0.406375464426
0.74266097622
1.14768213911
1.01716632587
0.456266263974
0.637838986074
0.519222785864
0.783654680608
1.06313810198
0.4430422916
0.759366426637
0.838776919777
1.24454049026
1.25205149581
0.845442002676
0.657414177357
0.920280002287
1.06580185014
1.49790130388
0.51662866994
1.58184893845
1.28414968504
0.469061201615
0.885852849717
1.29984621923
0.738566059225
1.19732416041
0.400271041674
0.616497611585
0.56932789103
1.43539704617
0.722697207651
0.337523546664
1.18182726
1.23270646449
1.35774891289
0.613980871424
0.767074901335
0.807874409618
1.12466484682
0.81400785518
0.413226698897
0.704788460334
1.07783485869
0.991731456286
0.698509508212
