0.868510560735
0.999550002258
1.03894959668
1.46543328563
0.379777884547
0.735848103022
0.332838718731
0.743121563377
0.426280401971
0.934991771238
0.533740360882
1.17489457325
0.568926890124
0.559891722226
0.470419026294
0.447800853625
0.555565719689
0.316401301354
0.924883588249
0.690984817839
0.720596497705
0.851280935605
0.72474405506
0.55493293591
1.31486836482
1.01154570012
1.38569643775
0.471539427135
0.650800417631
0.892538805286
0.756138208698
1.29403263182
0.350705643227
0.342142892948
0.454834116415
0.542705096081
1.43450911625
1.41078773145
0.803634549618
0.861792007973
1.34084672979
1.35885961867
0.61911107268
0.673053471755
1.13743166219
0.914375005632
1.24754012231
0.867813766086
0.581588485797
0.531006280454
1.18340874054
0.43646030737
1.33182200474
0.501203278093
1.16498566645
0.660030330091
0.947797796262
1.54319610107
1.02018139328
0.980856127128
0.820753714648
1.26660141346
1.24067769419
1.1403552266
1.13541282762
0.962889035881
0.883886485664
1.12461506287
1.27420343025
1.14215221326
1.08122938352
1.1816977057
1.09375900987
0.706785028581
0.657166921405
0.596613043045
0.438448986942
0.764324108746
1.23392963713
0.495453623365
0.992093661773
1.01845790797
1.10785566884
0.294114881799
0.434841663897
0.485625870323
1.12576042016
0.558960740559
0.422992450625
0.789196383407
0.868439187521
0.747167384155
0.898997530866
1.12600080958
1.23858315003
1.38967697955
0.617438946913
0.21888821004
0.484144678622
0.784580350024
0.756380321023
1.5360156992
0.486526655136
1.05961859155
1.1886944933
0.898416350673
0.921505394456
0.792566826802
0.876039331251
1.07191383946
1.16049321279
1.13924797884
0.648466923304
1.00645763718
1.52817608783
0.341629373422
0.744481653477
1.37671705397
1.15319429391
0.755015816832
1.01957814306
0.35184217283
1.13211607975
1.33409452218
0.472060969178
0.579970428302
0.390019685054
0.454253420324
1.30776798594
0.708440678553
1.30199916064
1.41179628578
0.77112108476
1.70463805943
1.12261314941
1.23904544908
1.41623603028
0.583822723355
0.416968832886
0.911421150803
1.36784977504
0.799234167371
0.911101073962
0.616419654897
1.062429439
0.50493371832
0.582923601679
1.10701021669
0.922573315464
1.18669002766
1.34752704796
1.06255293455
0.712219492567
0.857235489986
1.09278411648
0.458062474373
0.944741606886
0.464108122425
1.0121988402
1.11941994147
1.23881969176
1.10304984271
0.70289649003
1.17869762691
1.44816724945
0.972436039584
0.284266476634
1.09656463749
0.516600328265
1.02336121058
0.522977907586
1.19007739402
0.947831101846
0.900676019718
0.626265433621
1.5430598344
1.1637194952
1.61374278014
1.04932226604
0.465107806366
1.04838949849
0.449155016472
1.20164537812
1.4830719212
0.462655628178
0.434692230739
0.934983881926
1.12563854251
0.520104156253
0.811094565997
0.581255690158
0.72310357427
0.652988831011
1.04476798439
0.895524738939
1.11960476164
0.514309752191
1.28045615921
0.835424833604
0.877580922776
0.333119132789
1.58965615817
0.773538342202
1.08467377184
1.00094330523
0.568789236032
0.587293433395
1.04738157499
1.15703248295
0.40673175913
1.13881619013
0.665960383816
1.14215615728
0.383690459282
0.715598908145
1.18538513504
1.20231857917
0.537460405031
1.20235590033
0.867255641047
1.01142249002
0.604830096262
1.33763422787
1.1775530377
0.367915946579
0.760632617321
0.814824936349
1.15432757482
0.743521716261
0.690486313488
1.30906654437
0.924523474397
0.70971281978
1.01241766412
0.548447918284
1.0674300368
1.05863777859
1.04989689585
1.30286338887
0.952256517477
1.08780311737
1.14688392025
1.16235919942
0.892893846919
0.828701971806
0.703580364018
0.322689842789
1.27935050018
1.14828308685
0.785016432185
0.945308479434
0.511471786351
1.06673634853
1.35387752122
1.30851080913
0.973655602215
1.01849557919
0.884805820977
0.413844239633
0.399285020693
1.35567092131
0.467729286343
1.25891698632
0.799091127231
1.17886461277
0.307681059665
0.806182463996
1.32689306597
0.585591367142
0.804934904566
1.22353733028
1.25051601266
0.682315062643
0.737793300044
1.18779133089
1.10542805114
0.395439453474
0.981733357721
0.922095841272
1.16305652693
0.447765241496
1.06924924489
0.488889400108
0.694239986961
1.13871120859
0.418582128145
0.515921685263
0.69106822673
1.16513410555
0.92250666701
0.456194710139
1.01650164751
0.794439740322
0.78977674155
0.922189902824
0.637617826264
0.423406726519
0.464037993404
1.20360600608
0.55224503975
1.0172208485
0.490577222286
0.862533628451
0.824964417966
1.08030403742
0.265565514354
1.01625941455
1.02541906596
0.465127466857
1.26577518967
0.705435403986
1.37064922748
1.07961870145
0.882051310671
1.07005268862
0.705713106062
0.572380437807
0.882989694515
1.11482184678
0.588058625306
0.55241384747
1.20335109665
1.07033757448
0.865240023626
1.31334071983
1.02792165298
1.11196223582
1.54166305989
1.25520980199
0.485643264498
1.17036404212
1.36646414981
0.382898914197
1.20709835851
1.27427122599
0.665046555063
0.977881221194
1.39877742308
0.331384464428
1.02202938285
0.51297350551
1.16941503925
0.800464465254
1.02312583809
0.657308239012
1.11201914681
1.53116864658
1.07162293237
0.535260653455
0.971797376203
0.473143162804
0.779864204037
1.11920583387
0.593137564152
0.568666471188
0.58345259834
0.765157802868
1.04857767685
0.873382490805
0.557253605546
0.570793498392
1.57079608856
0.928971892161
0.89494190153
1.17325282008
1.0430921034
1.45670471331
0.816235389052
1.33893653337
1.3274695835
0.748998793859
0.81269453266
1.2645922312
0.915275468472
0.81792355973
0.481418814035
1.0327904089
0.392682768317
0.689640422512
0.881573115571
1.22362769879
1.00306065083
0.495206099999
1.12293419211
0.335963710703
1.04836200972
0.604908764608
1.08999332398
0.476676719275
0.683153649912
1.06280006197
1.16542507318
0.959526282113
0.784805872983
1.18924489409
0.581807922817
0.794696541637
1.11010653432
0.835821941887
1.17129945992
1.06947385939
0.533484994355
1.09890219264
1.02656437571
0.876693519378
1.37114212038
0.476694377229
0.482722257507
0.694826969326
1.12601605044
1.47166614835
0.308916427445
1.25482970176
0.800367127141
0.409854956308
0.764618810854
0.778861850038
1.20984738947
1.26697049089
0.592454099015
0.784827442534
0.896353795654
1.11025669814
0.458541716455
0.476793443672
0.680996671634
1.24173338649
0.490719318447
0.590813522275
1.25119288795
0.651784455214
0.892860077378
1.30447398475
1.03891547334
1.26197669315
1.50972881928
0.573418201177
0.44950954666
1.0063792156
1.02198802983
0.582387805769
0.895907050962
0.486600066311
0.926366401596
1.02698974263
1.53739569551
1.08943101978
0.40274112957
1.38985182362
1.32596258731
0.665841448431
0.395282639183
0.35097752688
1.20826449643
0.554278301959
0.789891506962
1.2814768483
0.625192105686
1.11088929317
0.863525921374
0.914753231768
1.44896662145
1.1906133379
0.469068900605
0.957182594567
0.860757410646
1.14722173285
0.648861939514
0.461211730543
0.939624626053
0.778035304055
0.428223728691
0.613637844117
1.39131786306
0.321300949722
1.16204450866
1.30830056065
0.475070366592
0.304609707333
0.461740922729
0.724732079128
0.986595046693
0.417783147646
1.19712745279
0.996764788417
0.516153757392
0.666100505445
1.03625616838
0.845568358664
0.997591269792
0.397015153138
0.39227592572
1.01148719183
0.415599927592
1.26577683448
1.15141278086
0.212880672322
1.06747966884
1.18877225036
1.33451194849
0.783444577472
0.303166047795
0.70180103795
0.440924128778
0.329732386969
0.778126730972
0.583481375829
0.684346493827
1.25043949062
0.505123578615
1.25651180233
1.13931811298
0.240819152594
0.755530759464
0.722475784304
1.42096625196
0.899089941539
0.905263829892
0.872055926164
1.20771324973
0.515183718039
1.11122831833
0.676544054967
0.327078044339
1.16441382651
0.321085028173
0.505879086253
0.45862055666
1.24037400249
1.16812639237
0.309662931238
0.407999678568
0.62258078229
0.850184779922
0.24837786052
0.67089781258
1.11025473044
1.12863221013
1.19275504177
0.949921654328
1.17395286619
1.29469564253
1.21552839625
0.384057321926
0.744623577639
0.636652493626
1.02986443929
1.1484725033
0.749358369946
1.12231560466
0.45240299975
0.758055461988
1.16762911911
1.11525288855
0.757802829499
1.37163146287
1.12283231604
0.193850026724
0.402643025785
0.932205953145
1.33957676503
1.2883751234
0.937368932864
1.28659187791
1.24267687338
0.418402177358
0.767045021001
0.384781038037
0.909325081314
1.17805523658
0.428228455057
0.776463295293
1.09891084234
0.890132581808
0.393585578941
0.477359545509
1.35765096397
0.939065200036
1.23407872458
0.496108991272
1.07827699086
0.39758698137
0.603506919214
1.05378979448
0.464466048032
1.24063966715
0.810333101539
0.655268179738
0.739578413966
1.4204559672
1.40811726227
1.13940254639
0.575346529532
0.436898932238
1.4752867464
1.22477976728
0.982485976887
0.529346181503
0.684159944864
0.882638685129
0.900168761813
0.631864761193
1.17015688695
1.25585965228
1.32759677017
0.930599486825
0.941683938666
0.871408891839
1.16224386573
1.08447716707
0.931004135698
0.369036958541
0.884830680532
1.37684494341
0.785377899836
0.448579489457
1.40223180438
0.749329820466
1.4291292946
1.07011163044
0.802119357848
0.69272710321
0.40576915068
1.23196581285
1.01704676516
1.09169314776
0.710828355957
1.14263915552
0.76187942783
0.489447023824
0.654027046177
1.52771242895
0.441422932162
1.04425579172
0.408347770857
0.417393956703
0.921946078622
1.19713138952
0.981100747388
1.15134166396
0.319789143702
0.646355992313
0.236580995898
1.37673613176
1.19139596603
1.30678433564
1.05277729754
0.952919578283
0.568271574304
0.567531359393
0.781670145565
0.866485432339
1.01282037461
0.93396804218
0.77889414784
0.600011298413
1.17526523261
1.08884610834
1.56166425283
0.343839867993
1.60594750952
0.699043702975
1.49306350014
0.515443691733
1.25388207222
0.669336073699
1.1255341873
1.09773104349
0.693873767771
0.792226194122
1.06826962425
0.519682384943
0.853064655127
1.21382576327
0.884889302326
1.27817035725
0.47875357807
1.41443714714
0.788095647351
0.643285743793
0.804782382628
1.03686103449
0.812198929585
1.00781589416
0.813404643853
0.508369464262
1.03683514576
1.23882032558
0.845315380443
0.31862852077
0.895234163105
0.337489926165
1.49361547565
1.24137405451
1.23143747238
1.19445396509
1.22463366157
0.619308775614
0.789291505377
0.781714647952
0.873909642464
0.894128373724
0.993786273394
0.641776170427
1.19497571295
1.21708982965
0.603567827505
0.640306869473
1.08336753229
1.26744744646
0.390509521217
0.812493909219
0.390291411613
0.837404541594
0.728511895675
0.475599409924
0.444585363129
1.01852227148
0.671545696586
1.30079128541
1.18940594824
1.50981703507
0.490471407613
1.19690814906
1.25224589034
0.748629368373
1.00929923957
1.2946663295
1.2830478811
1.12719198367
1.09573212602
0.881756720908
0.78253785973
0.792678665958
1.1371440514
1.09996445733
0.534742558953
0.68680991958
1.18995622075
0.417474642971
0.489934182835
1.02362252977
0.873573086336
1.11152071576
0.382257093202
0.439176327127
0.636838459557
0.343117371959
0.180011273301
0.46958957776
1.60599931223
0.971365644386
0.729139445927
1.20367065156
0.773458017838
0.83050234226
1.29965518978
0.505555672476
1.02813693267
0.772111841546
1.37485733555
0.837801840306
0.343145666386
1.20942482261
1.08990204476
0.853522647407
0.960895428416
0.538306604105
0.959910621397
0.686423519179
1.12465422683
1.13116221193
0.854174840154
1.32026052367
1.40724777869
0.46603142353
1.09735247853
1.16204606002
1.22634396917
0.707522488226
0.826786549107
1.18683199437
0.652071368622
0.712335365732
0.692276023249
1.2122542827
1.56194100048
1.04593069089
0.720405012981
0.916138421225
0.983844309616
0.544657900847
1.18969252115
1.1151915012
1.03028947505
1.0316505782
1.1882036196
1.26549392356
1.16804833084
1.05159958042
1.43235498607
1.108845994
0.871174306557
1.06767410544
0.551652549065
0.80797211765
0.33588640557
0.780528085341
0.502255398488
0.707684882007
0.692449512954
0.726564395663
0.904841646501
1.06058148814
0.813447749764
1.53391465907
1.43083748731
0.638706626017
0.432352364577
0.981624054845
0.901124993229
0.983210195803
0.632362913291
1.2362334772
0.682447991964
0.455801907263
1.51877279997
0.694295821512
0.233527719267
0.787011993426
1.2493003693
0.308153543237
1.30988141354
0.734325660547
1.17681980646
0.534469701315
1.43860677294
0.612746086911
0.496076483537
0.544834409618
1.01858887754
1.24015242891
0.363168675163
1.44817800324
1.01638239188
1.12693334838
0.957593703684
1.09654591421
1.22814722324
0.537824910228
1.24382926988
0.37727082385
1.02896438034
0.634485522909
0.672421411057
0.717863403876
1.16350870723
0.502351098015
0.797738453256
1.16585491836
0.451131567757
1.28161028307
1.43442464161
0.39290066619
0.634340467162
1.16097376182
1.27408245539
1.47187808527
1.31073167596
1.13650671835
1.42754795772
1.1576829706
0.727580433032
1.41734135388
1.01926868145
1.1595849331
0.596291054241
0.583660356837
1.52564657736
0.769141089277
0.883500256075
1.0279944054
0.890056916558
1.2422909784
0.659859866644
1.06103446412
0.660390174545
0.958486892176
0.487898096556
1.27482238568
0.881165561945
1.27070047786
0.813583010835
0.628243451072
0.701906987731
0.382478720279
0.359519106823
1.14351354039
0.644047939213
1.07525535316
0.74431630705
1.05040234886
0.308529988056
1.11444629611
0.815857947549
0.291620899888
1.34397906981
0.354573732388
1.21945656103
0.628543257668
0.512599138728
1.5580134942
0.370428318949
1.24363079529
0.56229645257
0.585710978383
0.304152201153
0.780565670946
0.364777063625
1.0219828235
1.44304154399
0.578399802099
0.961597530811
1.36827896048
1.17046781588
1.15488495342
0.916127626306
1.25343427311
0.367811116756
0.778205621436
0.443776160977
0.564992108809
0.533381782905
0.893287105716
0.491148083141
0.517943743356
0.488509484022
1.46865586421
0.875336412513
0.981856306148
0.561950203148
0.732696339149
0.655649536072
0.488774675841
0.404780741839
0.402492926891
1.09236385245
0.977419791663
0.675562259364
0.806972577394
0.558359004074
0.643816753021
1.02528606298
0.986132389843
0.439441587666
0.596675504028
0.503002510209
1.30159611691
0.431754125842
1.40486096904
1.37701306497
0.465262247277
0.504962303386
1.36342367902
1.33524392911
0.433432376561
0.960921317675
1.18879305602
0.601231614099
1.29303010448
1.26721462151
1.27272766554
1.20834429187
1.25226071217
0.645802694409
0.728286516228
0.200547636793
0.585990330783
0.524138925954
0.310370635329
0.913641624412
0.436900893173
0.58626393948
0.710293987053
0.612011563094
0.427956521308
0.872729612992
1.04439061708
0.120570305006
1.10984037578
0.568907301194
1.2636683007
1.34819028026
1.19598916626
1.32761998242
0.785274619312
0.494494332102
0.80753514643
0.769185555499
0.782640818652
