0.419025080332
0.353619337577
1.19927792733
1.57324618965
0.740449750301
1.09387335633
0.39532643321
0.414377413771
1.07965229561
0.711021418699
0.363071568066
1.16559027451
1.15273488608
0.720574646566
0.962318045324
0.441299954385
1.27458805518
0.527292834878
1.13251023578
1.11066211476
1.20628373546
0.400909616819
1.01160346522
0.835833338102
0.73073018193
1.29099515567
0.996994049783
1.11897195596
1.22334730431
1.29004218565
0.849466081056
1.31331522185
1.20469098322
1.08105633417
0.773547895855
1.46275833449
1.24041709656
0.716834775156
0.913209167144
1.25307295058
0.442723213681
1.13091999509
1.11022165646
0.380500814786
1.22066553517
1.00839719408
0.877144388736
1.05446170417
1.1553818105
1.00391115924
0.937265586117
0.526267527128
0.767343152513
1.0406578732
0.739240168277
1.02787887322
1.08809051295
1.08616356547
0.337170257327
1.13438818907
0.789324625975
1.06572451751
0.69471966855
0.450761188266
0.908135941599
1.14651733482
0.904950987428
0.933449674917
1.06885603561
1.33309859907
0.875100408254
0.853175977086
0.744690477424
0.960621891596
0.703210762895
0.845856361681
0.587480396318
0.973803238807
0.816817400816
0.970412852812
0.499267078686
1.52699768573
0.625467668679
0.625124305013
0.752101315119
0.399623654937
0.963228621544
1.00046745585
0.875046038865
0.434925503561
1.10952402234
0.385316607626
0.68960944448
1.25888346224
0.965870654121
0.448382909165
0.802634819985
1.32684468577
1.16336631067
0.962865146872
1.05692808375
1.55159028517
1.56237106826
0.373638076039
0.393432207106
0.47197039217
1.04031297084
0.295828008092
0.204260436972
1.54624098506
1.16710840319
1.19016400044
0.482760528335
0.806784160552
0.542467963388
1.36705360859
0.295795025423
1.04807278617
0.90162967827
1.4809560476
0.564308427841
0.389914330457
1.59496693268
0.51859939232
0.862762478477
0.522472822863
0.727153105669
0.504201022728
0.322246966115
0.687358656067
1.41215009979
0.360920702093
0.497626588741
1.11962010856
0.488725087169
1.09689270512
0.746564476729
0.633790227879
0.943296698255
0.484769808499
0.914870581559
0.925703262742
0.869485585211
0.691527666594
0.922195804563
0.875137550038
1.26209669057
0.961835251546
0.818249067264
1.28462935038
0.935971713823
1.43441230288
0.429514728904
1.09509418767
0.580881210945
1.24523349875
0.744858988541
0.588688315264
1.27813368579
1.1061576729
1.29916024538
0.428783303941
0.799331815094
1.19248547575
1.11414125364
1.01550429466
0.695689074993
1.03305383185
0.547724922175
1.37572517542
0.987380583377
1.04680485354
0.832315152874
0.847836382457
1.39460628451
0.426736714801
0.480734158917
0.470605422136
1.35508488866
1.62402538097
0.691311680481
0.612319588556
1.42706687498
1.32391388057
1.1654211184
1.00396843689
0.477003628284
1.13391286989
1.23406095435
0.472164435728
0.662378812365
0.865301459031
1.26056826675
0.752319379452
0.502926852466
0.741213031111
1.10569551578
1.02286266245
0.7012383487
0.695200618779
0.322755012282
0.761277129093
0.48900818928
1.08927110706
0.892490916905
1.16625651846
0.506454156459
1.34995372271
0.832026177027
0.874744444579
1.18685277732
0.896850352107
0.995630632134
1.48801463819
1.32141741619
1.48885747364
1.1251878858
0.670806187805
1.1531497481
0.853490047918
1.0314528527
0.692114464257
1.02710956315
1.04941931064
0.552389320957
1.01867571871
1.35997115454
0.566545096947
1.50389547224
1.00598109245
0.606721125142
1.33100366714
0.77851573399
0.357462626894
0.56504947511
0.653382754867
0.62521408277
1.30393178818
0.494946716742
1.15367630482
0.516422899675
0.660774445895
0.706021192344
1.13544534776
0.611233678493
1.2061881584
0.995337467862
0.448170316408
0.563156415019
0.751731995734
0.870127114712
0.260941333078
0.50710396319
0.820301777835
0.50305968342
1.33013267445
0.494620161748
1.08985695143
1.34704562595
1.0660712395
0.504129390911
1.24421388527
0.460409661133
0.681309256724
0.602843298917
0.584434495293
0.401455296474
1.15309643451
1.23217836857
0.549315862771
0.527919872197
1.10106857819
1.31806938417
0.747075822411
0.81825648272
1.34209075275
0.214146445601
1.24302233327
0.936078721469
1.04765030365
0.409645348175
0.5782245376
1.29627597939
1.13250673081
0.437286367301
0.54302262944
0.599513042375
1.35654723354
0.581140258773
0.953373262441
1.4969049487
0.670248091388
0.863744396291
1.27711222256
1.18610057399
1.25514872493
0.445801422859
1.02514252965
0.91477168229
1.14452757889
1.14712185475
1.20109666113
1.27861373453
0.675296805603
1.00100438019
0.748115565704
1.18276877716
1.20431987461
1.48034481602
0.544439707393
0.231000051433
0.432378230112
1.24638201038
1.51202560047
0.411492754865
1.34990281155
0.93142404564
1.48950017673
1.05870708421
0.396723922547
0.986731282968
0.401553037769
0.598379148537
0.538309019295
0.510464470245
0.976091858022
0.988974505496
1.22158919829
0.400798623101
1.45613293382
0.507587092383
0.442284495204
1.20735853624
0.618824328904
1.03129439517
0.752236912863
0.321808665733
0.915141119267
1.26603639237
0.932222357363
1.27313426137
0.934414453393
1.2604494421
0.685816117951
0.845486383776
1.07528765952
0.533433378388
0.708157245681
1.01215099004
1.05475897729
1.28690121946
0.418936973154
0.684751389877
1.47408502954
1.40964088472
1.4669684248
1.33347005915
0.937908688981
1.01236890854
0.548593064447
0.839310599917
1.4259016709
0.987931127268
1.34796992434
1.34563554673
0.704158647011
0.798225839216
0.737982130089
1.1139557362
1.12982930308
0.43230597345
0.665273593203
0.629093174526
0.432363034793
0.229750120881
1.44495769527
1.109431058
1.24673436244
0.780529939394
0.89221827193
0.975534215864
0.534612945182
0.726852485111
0.502565072573
0.759717863899
1.32144008237
1.25922959021
0.681278360005
1.1310006651
0.766319146996
0.34910649339
0.637113009607
0.512151297153
0.699364058593
0.538807419955
1.10980122642
0.741682408746
0.844274904435
1.10111886332
0.486471807818
0.903837537112
0.624750606738
1.12925601664
0.376965330007
1.04016815477
1.13343089716
0.64536012354
1.00472536611
0.560686361274
1.16608733652
1.51434648234
0.601201267696
0.864641145538
0.746587472447
1.27396084557
0.522152125327
1.2037024423
1.37820902731
1.12528730386
0.997587469151
0.482067466064
0.447472606911
0.861905281234
0.600676013754
0.398259578374
0.397865282168
0.856221867646
1.30117409135
0.926258965787
1.18389969792
0.840327580028
1.23501734991
0.239769850927
0.556718986884
0.41680613169
0.492687728054
1.09182386432
0.573870046792
0.32051915815
0.83704418106
0.682879013392
0.712505181499
0.972402999321
1.08536797539
0.462940675079
1.07545204976
0.503863013592
0.621877118986
0.727602038192
0.329555564045
1.004959521
0.387389923401
0.301560956266
0.664639913482
0.629279730203
1.00188742205
0.572244631279
0.819252977439
1.16454828688
1.51848304412
0.454674510663
0.787105829449
0.872682892912
0.996471326827
0.619145799157
0.565684875804
1.15607561785
1.02521256708
1.04033183395
0.891054195024
0.504409491085
1.12553714253
1.46612909967
0.800847626163
1.46575465168
0.784411502163
0.707519602518
1.15476289192
1.205293142
0.509846427463
0.407880430457
0.770592953664
0.473088865697
0.578227116115
0.564824977317
0.40382495862
1.23094509629
0.640954689575
1.1464019595
0.610740543469
1.10041979709
1.59157138593
0.612596184262
1.25900599076
0.528849424834
0.614801733333
1.18919096771
0.612490400471
0.631420213075
0.810965027031
0.607722452728
0.704294158591
1.25361520808
1.25718568831
1.14784191414
0.625029004171
0.760596677728
1.24541432232
0.59119215572
1.06614917079
1.31619321499
1.25605229089
1.29057114314
0.570060735373
0.912538077857
1.04898111894
0.821514945826
0.224290745145
1.09676940105
0.8476668482
1.08303988858
0.625364373736
0.566362432482
1.54386950114
0.597710878625
1.27944035313
0.696621437267
0.523100961099
1.2025190289
1.14929502732
0.723190527333
1.05683896232
1.18241323705
0.746481390557
0.491562629362
0.991589222326
1.13627048456
0.846685270358
1.59285353008
1.40849486559
1.01099122576
0.534272138679
0.332450018546
0.98028686416
0.420071431573
0.453949096257
0.578892682973
0.711352186355
0.871269696361
0.305692414371
0.55393052914
0.582445270439
1.12965562811
0.701867664028
1.49470023641
0.803770651806
1.0949321989
1.04528044653
0.606462781569
0.79684983868
0.891299177278
0.600442253366
0.578838322578
0.80459451151
0.588365639006
0.976617891628
0.57504282547
0.944856783494
1.18344537893
1.12238039637
1.14547946703
0.706706838012
1.09511459716
0.386571025759
1.3820006638
0.950033521959
0.494153094733
0.867294793814
1.2896903291
0.411837000563
0.623045229681
1.128779173
1.07694606135
1.1716096724
0.635018803116
0.687860252917
0.883031827642
1.04729271177
0.580842539981
0.818607950978
1.31527346106
0.954872952447
0.633775534146
1.20839797824
0.833965492556
1.23387510071
1.12449175705
0.822796710269
0.666614953911
0.456074750646
0.720882531488
1.19374265052
0.908491565826
0.527384048282
0.505938678309
1.25461122022
1.16317945945
0.580574755213
1.17998906671
1.0063613791
0.482011826043
1.42522950027
0.689954021274
1.37679373239
0.448824820572
0.408179955738
0.916495786468
1.11752497794
1.14999954739
0.351725413387
0.558601773715
0.857039098448
1.28630654148
0.468872132703
0.444234399037
0.658085079546
1.34057194316
0.659109399879
1.24427080715
1.30554868445
0.645288997114
0.521455808927
0.411949817579
0.494657605052
0.343996597728
1.15145412406
0.815744267185
0.851121364034
0.832706285618
1.20393939456
0.574014528331
0.987861290698
0.50411256414
0.705353626322
1.12346978183
0.642087077332
0.436662044948
0.629846978366
0.583128036196
1.15395040739
0.85868370322
1.07085308899
1.48070785261
0.585117162363
1.04355710319
0.23447537917
0.327606666267
1.20167602998
1.20007477948
0.696959112247
0.777978174839
1.45411979863
0.512002087436
0.404267041839
0.58754150984
0.505774528202
1.42919743439
0.451457071335
0.964426652374
0.487026201659
0.806842803816
0.850230065109
0.748553765447
0.319378103261
0.999277294047
0.266539728018
0.254542703413
0.5168619023
0.617729990101
1.02001639212
0.554958605898
0.715031205368
0.958459814334
1.01871451866
0.307417985045
0.727958447923
0.544191768737
1.35209133182
0.633457258174
0.58073939709
0.631407068012
1.42007272731
0.605997964864
0.426101025764
0.524120045291
0.566773853345
0.94995878138
1.0774913059
1.1367280926
1.18471497572
1.12070481104
1.11043998386
0.499340556042
1.10301366845
1.31860365116
0.545585069601
1.1410534787
1.44883412779
0.733480861596
1.37729891819
0.523780121435
0.506025940956
0.843394125056
0.562108074641
1.09551386186
1.22018282851
0.545271422223
0.293071646451
0.843678467751
1.1616025033
1.2314534704
0.666078817283
0.464888088652
0.866081618622
1.19695872869
0.742644850716
0.732210471908
0.328446518666
1.4144932896
1.42203873194
1.09929412241
1.02271953294
1.22672416487
1.12159547843
0.700313842636
1.29663036947
0.359177464238
1.41934261662
0.817617238208
0.845141569682
0.27143768403
0.411510048779
1.26795677612
1.36993598077
0.975000044287
1.43554677276
0.303375327258
1.59355528841
0.452473999417
0.707901736501
0.506393209477
0.480301864719
0.368693839789
0.942317473382
0.653509733831
1.48121633173
0.682814521215
1.15951021992
1.28657952252
1.23891049216
1.2897686455
1.21651987135
0.891636915136
1.38917372863
0.46884677256
0.448851547514
0.557884423852
0.6204838948
0.903401314193
0.93030352463
1.09581625856
1.44129454678
0.501016261512
1.04898168253
1.20791586113
1.36086071991
0.824948767154
0.989918107698
0.613747945299
0.68985926576
1.29272018527
0.433303721409
1.55596889859
1.3487839801
1.10725249486
1.02013659509
1.19847548914
0.858980222374
1.05574713265
0.711876140312
1.24447747308
1.34731684887
0.564821582995
0.418751845627
0.225585753056
0.950378299046
0.959186976426
0.802511611747
0.794106875183
0.994683711734
0.665611848594
0.691948732944
0.62639680967
1.15430432154
0.412552782588
0.578565245976
0.33999107246
0.916549521202
0.699519904575
1.12361181863
1.33431977061
0.297768748672
0.929779306873
0.397212740428
1.09983599775
0.482772452884
1.4235137343
1.17590134771
1.00490042458
0.537796823444
0.317815844051
1.19221816707
0.648204040426
0.714274052608
1.43402417724
0.520289370603
1.09556031509
0.600862174598
1.19272428781
1.09908620254
1.27354034168
1.1549318205
0.549972894164
1.37709260596
0.402114123931
0.548711038535
0.2598504688
0.892389534007
0.462202939861
0.652029378609
1.30566039243
1.13902401017
1.01285315552
1.06402254853
0.936984937834
0.900790062452
0.581102252369
1.20199506771
1.09176918783
1.3565268226
0.991098885076
0.662337444335
1.103218009
0.568959491351
1.21765735948
0.756270292982
1.36371118837
0.858428905779
1.20312814637
0.394561392229
0.942927161127
1.10324824549
1.13260804021
1.22825384592
0.855836172103
0.813051526853
1.20011349916
0.629181535463
0.450770886836
1.31759298745
0.6768468542
1.08516353375
0.775402229028
1.23970379234
0.83649283742
0.489129025875
0.993766276916
0.751823913292
0.93903557289
0.350499078619
1.27682587128
1.3517011119
1.37009366237
1.24682311492
0.503818567215
0.914197433918
0.50638496448
1.32589541323
1.02476509271
1.14631285327
0.770091366341
0.575227829188
1.09740669684
0.9079304434
0.850023351674
1.14467774572
0.660445724858
0.930849553682
0.765535973893
0.516193690561
0.466487639096
1.5062085395
1.36260846506
0.509170184056
1.55195600712
0.472284837858
0.454670960918
0.406420514203
1.38481504919
0.553655255202
1.04628935618
1.07438631505
1.04017627332
1.06318481107
1.31599242831
0.82544599165
1.31975784353
0.563006625777
0.513489500255
0.741936633976
0.343186503195
0.801555489232
0.834168055301
0.509504492258
0.659235184167
0.581286311786
0.458350607462
0.399885819168
1.03734540187
0.86830497007
0.530022603282
0.558303061523
1.43783339304
0.907890619888
0.518986298213
0.546911571744
0.732032812163
0.547360298012
0.567770722084
0.541386479767
0.526856326544
1.00507562523
1.12905138051
0.940326512143
1.21815963237
1.1956109831
1.25871643071
0.93905550183
0.822707897229
1.17438449381
0.66395424457
0.307544237966
1.02933353575
0.883747758059
1.04275876592
1.30261720887
1.57191814983
1.11654859158
0.706778492862
0.987611714151
0.978462049546
0.977237165057
0.578042000832
1.02300314064
0.262390848401
1.46050790555
1.0225911204
0.991727226864
0.333525230437
1.21474170208
0.962138204257
1.22554339114
0.481178652859
0.702387080161
1.09646936803
0.47943775831
1.06296963477
1.32660052666
0.882535091927
1.25005658351
1.30127004922
0.517721398832
0.744049970188
1.20345442109
0.299560608892
0.499713453359
0.270572495085
0.681017512061
0.604675554397
1.36782525224
0.532370690171
1.0021230973
0.407552691395
0.973882614996
0.273823499395
0.774639606854
1.1500398155
0.991138729582
1.32001642125
0.502236558078
0.952596664555
0.372298683292
0.985682453955
0.712789365616
1.42720413048
1.13487221229
0.976171866233
1.50001803377
1.5194075147
0.508510177937
1.5388219015
0.845186438437
0.661350717413
0.675531212107
1.09065093491
1.10773333769
1.27644516291
1.00747441597
0.727204843193
1.06856004782
1.27414043346
1.08847806156
1.25902235266
0.977400388067
0.834241233886
1.26286188808
1.34742244734
0.606232829893
0.625044756067
0.879278990977
0.406015016212
0.575045444213
1.07508386248
1.03737244312
0.694367188268
1.44107834304
0.602691972789
0.902021930335
0.563971820509
0.993972516074
0.639413766998
1.39330786381
0.611995557458
1.12842454493
1.05851171059
0.534959475728
0.545260838365
0.950738878288
0.56100666574
1.11601078922
0.956687614228
0.399193034097
0.543667232039
1.12554874711
1.13809588276
1.20529291107
0.563859330525
1.18769120932
1.1115980899
0.892047898214
0.661176833849
0.510044772231
0.849122212873
1.43048489785
1.16851178633
0.999929928674
0.592591398882
0.924034610148
1.27605669675
1.46036087567
0.982124980317
1.41227893541
1.20316949877
0.203244178961
0.611575748714
1.10809800449
1.09555690771
0.958800687472
0.465893279534
0.669092450006
0.871889810803
1.23632246636
0.971612725344
0.522149587643
0.450695991875
0.723833153682
1.52115100416
0.762354436668
0.619497005654
0.712760090653
0.428045096878
0.511619109711
1.01043014871
0.7613958238
0.524175413024
1.1440511289
0.792255199838
1.19274183576
0.794759751522
1.11920961215
0.839930697938
1.0677742818
0.655513971001
0.620338236836
0.649658534156
0.646698271828
0.560939325315
1.10052281435
0.510174270604
0.647261908997
0.55778196283
0.812827702325
0.888159375913
1.42918529522
1.00081304052
0.768626264141
0.885828587903
1.04240261424
1.38763437058
0.553150868038
0.930354691023
1.15854403944
0.377226350118
0.864396432919
0.882343859838
0.575342523131
1.19632175591
0.743597935872
0.694612864552
0.350412664009
0.560613212999
1.16876204655
0.891639452508
0.452423955104
1.13451569455
1.21602455734
1.28416614276
1.17324284657
1.30911388641
0.807524759827
0.621250392158
1.41529047478
1.5812012413
0.581848878707
0.400286371681
0.97539534157
1.1326910907
0.49681955823
0.968838426665
1.02321768398
1.42287892652
1.20357094871
1.23691566497
0.407205904117
0.664022792096
1.14511471333
0.477290637664
0.940784169384
1.02717866228
0.429022220443
1.24973073104
0.645978737389
1.38099797386
1.14128976203
1.16614145464
0.588282998671
1.32731864947
0.585486593905
0.512863513109
1.00061169832
1.40744088645
1.09727396557
1.22239929352
1.15826387424
0.683268737901
1.29451993897
1.3860840393
1.04365420457
0.888150691975
0.384062091695
0.960311545205
1.20853764165
0.625786822368
0.586466047137
0.460206443394
0.601452967451
1.33133577254
0.727836874587
0.807548224896
1.27969254069
0.748404700395
1.17999136797
0.765057834215
0.95215285118
0.57069793689
1.19282910195
1.1964502593
0.39278661453
1.26141125754
1.19142465166
0.375152499163
1.10777621261
0.498524750784
0.715913212095
0.454822967233
0.953687315664
0.86473161387
1.24475238626
0.653911559406
1.05797012064
1.18531149271
0.621268875148
0.703287739509
0.885449262425
1.1533438636
0.879387351613
1.43121692367
0.801875658791
1.08147796778
1.16915401864
1.05591149214
0.742083052357
0.49333079927
0.424951599523
0.93466071534
1.1558945719
0.253115279445
0.799893061503
0.586072530661
0.385056286519
1.12052617095
0.855129309323
0.494538025562
0.537715015628
1.09558806702
0.636702672497
0.881364646727
1.18622684824
0.937209385135
1.27319649074
0.995883679088
0.473522293766
0.949387195183
0.644079465187
1.1320744564
0.730902779112
0.865256077899
1.09401135562
1.20762330323
0.867770178685
1.04513054184
1.49666679086
1.61042664797
0.880155397915
1.46427794053
0.973335622081
1.23622902843
0.378970130752
1.08300391636
1.08912360069
0.423903287963
1.42765766064
0.555641629837
0.930954858928
0.520833228887
1.24655187558
1.12971839135
1.14084013077
0.929705581494
1.11989597981
0.802593992981
0.616750688199
0.919830818005
0.364770861631
0.966885118518
0.393909107468
1.48029452513
1.27060380708
1.51619512334
0.742966273244
0.54061659606
0.540278591272
1.03186160304
0.574018097035
1.13087656018
0.750816398961
0.758198797295
0.595448568345
1.07706049672
0.937926073828
0.700751153481
0.65185886693
1.01119589461
1.34517860902
0.889240758137
1.07624398538
0.683545597003
1.53796203086
0.998757813407
0.43745734177
1.22880765046
0.930089368168
0.474927372145
1.26362783432
0.719117980392
0.862387394345
1.02821256624
0.822383459952
0.825304812627
0.781721822043
1.08402675268
1.21407102525
0.13817616856
0.598684705059
0.386596980133
1.42645435963
0.568202035484
1.01026431897
1.61780032645
1.50193766168
1.13294854949
0.872317564449
1.10653299739
1.53169761334
0.773361205306
1.39276503667
1.06278915357
0.934057621752
0.264801862022
0.719863825165
0.667582017631
0.923032220116
1.36091591497
1.22522518203
0.572821583271
1.11194063238
1.24277631338
1.46912729159
0.55353931722
1.46375888339
1.37610640578
0.599528716752
0.438629071033
0.615357261621
0.873927221166
0.859848884238
0.588749636607
1.12425863247
0.988567492267
1.13256196106
1.13335802769
0.671738034679
1.03055102364
0.347717032145
0.830148880081
0.856835770662
1.15671543638
1.01065206934
0.815863522605
1.31769811288
0.378862660697
1.11299086985
0.345224184853
1.17671805521
1.34437153927
0.391308500933
1.15494869303
0.540827577242
0.73819309268
0.496835061608
1.13334752222
0.99088359945
0.906853184598
1.23744926146
1.11032619136
0.414903348051
0.734795187835
0.582662148697
1.27550743901
0.683161943492
0.960421776872
0.328837544639
0.363958139568
0.482363858124
0.79312747037
1.12816718908
0.924922845713
0.859371449697
0.901797789446
0.822147156228
0.592903808929
1.1363659892
1.12865110616
0.533957838256
0.862890605059
1.43337164476
0.754745581597
1.34185584697
0.608950088679
0.952752724514
0.845700909129
1.33763660592
0.836403741277
0.86179338925
0.801707356491
1.16856497544
0.678889566455
1.10127474961
0.636932584579
0.763995651665
1.480661379
0.571015091016
0.612373881584
0.385049341791
1.10418135582
1.07775610405
0.78026675952
0.767559952426
1.0278316659
1.23901085713
0.613707311019
1.25850749066
0.632980353918
1.31980945322
1.03835958392
0.902017702212
1.23829402546
0.57047667325
1.01602775918
0.488243094526
1.24468848565
1.05235166174
0.401319915402
1.38350487171
0.710433373544
0.478532143914
1.33204938487
1.19594374399
0.938850743613
1.48790419047
1.12069748495
0.672501276466
1.13495147918
1.16040594792
0.820709831728
0.78164835263
0.840158725716
0.597139285873
0.432341944922
1.24631745207
1.21606664448
0.936766884463
1.02765943452
1.16215881405
0.94445672579
1.14973458221
0.595219550625
1.23720697462
0.734913962004
0.604526597201
0.525211615662
0.484438755991
1.03646566985
1.26457031798
1.27693573072
0.964882951434
0.42892643436
0.451472992163
0.856242833815
0.537649424362
1.31177389257
0.80523549247
0.702003894512
0.281925921311
1.22513038065
0.612446925008
0.390928788949
0.574961190655
0.779806372322
1.04773289893
0.268084140317
1.00904254477
0.609009819094
0.884069391994
0.642808226677
0.437685053197
0.867770642781
1.17020274283
0.755956933279
1.1190161629
0.747909795175
1.023016074
0.933971478927
0.602851722382
1.15645928731
0.64335321589
1.39773872118
1.20539979267
1.03138512106
0.608984877999
0.691757805887
0.72626720375
0.771815138337
1.36935139624
1.09357715312
0.338468364805
1.12896340667
1.01769857735
0.825497583444
1.103175833
1.28230485442
0.598173462559
0.672221626165
1.00005220866
0.845326494524
0.838756936634
0.82638470631
1.26433575269
0.869181626933
1.36084432147
0.38906664015
0.95305909543
0.760544509584
1.08086618941
1.21682123246
1.05507386284
1.2286949683
1.28773829322
0.447597152841
0.932110816527
0.550191854235
1.28195573412
0.383242184137
1.38878350817
1.04447362783
1.24879379446
0.852775779312
0.917348783062
0.810576762516
0.600504324699
1.46696054396
1.24858643661
0.993583496689
0.330974452004
0.703384654442
0.499588498579
0.964850027687
1.08306045327
1.45213440093
0.988287957446
0.444355907885
1.27528896673
0.713339665436
0.787895536969
1.2497679762
0.577085496187
1.01609132655
0.54750958038
1.0727521909
0.532849769369
0.79116374439
0.999690264643
1.19072726462
1.12160383272
0.45889313874
0.406375492321
0.546259450513
1.18411183852
0.621651545534
0.833261837657
1.04952468729
1.0975601109
0.449542645516
0.495855777175
0.982445979474
0.700292406876
1.40280195397
0.432141585243
0.795536878404
0.420363556216
1.07353953933
1.25261168074
1.20424197968
1.2983499806
0.655103071584
0.919740495032
1.15758685015
0.352130915872
0.581658782456
0.953184743154
1.47109926253
0.448595513448
0.722214840733
0.30890583247
0.676153867215
0.450158367516
0.922922661807
0.598830934805
0.600768371189
1.0490045778
0.602287068161
1.24416490724
0.858365873007
0.835454551811
0.925793734143
0.615440497544
1.25329168215
0.448470032578
0.351596117433
1.0750142783
1.25449323159
0.758802444449
1.09383637286
1.28119255707
0.469281915553
1.25884405459
1.67752043816
1.02225386362
1.0760983774
0.780167351235
0.53115501135
0.489466701052
0.949130364832
1.0429892049
0.973545915604
0.85661405664
1.09851812062
0.886308068849
0.266321078294
0.859183720119
1.03144367661
0.632256599667
0.631800661634
1.21859173064
0.493413243662
1.39564396165
0.552462830356
0.701113262655
1.23124487148
0.829987538265
1.49024379602
1.1042777475
0.715025428113
0.561051309544
0.91982353095
0.487111689161
0.717553823078
0.85089654407
0.885708439091
0.665118957265
0.778084953142
0.495845626592
1.20370414233
0.981172085992
0.484245718664
0.457911056515
0.462671204995
0.928260539626
0.839780030944
0.412415895888
1.0953972368
0.851610672356
0.58397598454
0.43501731132
0.957524758541
1.272452633
0.930727908549
1.06552948981
1.35140034424
1.21299763989
1.06502806295
0.766433981588
0.865028218084
0.904413420037
0.333023227743
1.18104142561
0.797919306731
0.363148748075
1.29029230151
1.38641213969
1.33876544409
1.06307755321
0.378710196777
0.595168119584
0.853945445453
0.808325612661
1.20956475072
0.94916156182
0.561814740462
0.831581669913
0.640209998326
0.303706872961
0.797181861738
0.578374460268
0.423650012251
1.15095782628
0.902555258202
0.577513921253
0.553369961356
0.683790501088
1.57966622661
1.39906345574
0.820119443755
0.947183458313
1.21399503425
0.820389314348
0.481701947163
1.02635891227
0.853172833071
1.13666241119
1.20690862328
0.610342064134
1.0141855802
1.32417682815
0.992122122012
0.61316536032
0.431334978371
0.89002478004
1.15134079344
0.220843518002
0.983836107187
0.66547827933
0.68990888379
0.61258471517
1.18077770717
0.390763867065
1.31487206832
1.16145145404
0.732716435259
0.494122527401
0.543385062342
0.518840774981
0.5731562469
0.97758082464
1.35221782261
0.857190689907
0.522685798535
1.18471082245
0.896856550395
1.54157523148
1.11532185004
1.31732505156
1.01482997036
1.30067545556
0.774029083173
0.717277558677
0.563564854391
0.927921355919
1.19028508462
0.40090279831
1.16378659945
0.966508291202
1.09389097123
1.21770672549
0.292833897177
0.345486843014
1.29230636118
1.13849985365
0.598056130432
0.777925623582
0.659478676215
0.34256544507
0.661324212793
0.880187298183
0.666017457003
0.83080191368
0.832038468608
0.489952344059
1.18704006907
0.52514735983
0.850785661209
1.40470824976
1.1568340524
0.936301622397
0.595975399084
0.745712681191
0.366251929698
1.0747453622
1.21060991701
0.915479723089
0.981498049383
0.660075107964
0.546556548564
0.629978562587
1.04191220237
0.832034743102
0.599288115909
0.42173449368
0.899740469897
0.676816401418
1.55838279651
0.229612503019
0.861898198385
0.600908476412
1.02896090094
0.522935694994
0.308888375467
1.15494385079
0.956251955858
1.43205009759
0.982618249217
0.803807651578
0.606554325235
0.519222929054
1.17423676773
0.488840937025
0.48356948208
0.704706204131
1.36519862445
0.462387531005
1.28308071815
0.883092364415
0.986622236837
1.61584296507
0.710243393035
0.514879095143
0.971211367226
1.36017107541
1.08112712111
0.636115395043
1.09358240347
1.13459078849
0.499018549996
1.01633615115
1.2766295464
1.00522613146
1.51815496465
0.631720841753
0.570109527913
1.20325230399
0.934601423093
0.7936541914
0.858146980305
1.42287492252
0.524751659074
0.923660716707
1.08635157869
0.556375349031
0.272483521854
0.778716994821
1.16899736943
1.27375702595
1.15420605571
0.913619422143
1.09208137629
0.814364425236
0.778197542796
1.03076763349
0.476070609039
1.08137942365
1.17654556301
0.735489093578
1.31884063721
0.720661742239
0.890027091828
1.16220229274
0.928684982332
0.898857965604
1.23905330935
0.316830535102
1.10971206211
1.33348895567
0.812063255222
0.946761110212
0.680145154721
1.30406958408
0.594095837047
0.583496463953
0.949956073956
1.18988300234
1.17274411045
0.187593406275
0.697076249277
0.593925547418
0.834518911199
1.4442271971
1.3432888627
0.490542418044
1.31951841219
0.834582563911
0.878507430914
0.333322428369
0.660547774124
1.21455137157
0.857209379323
1.21589590051
0.371436409738
0.530248049118
1.44106991955
1.22418829287
1.41732639066
0.92362173015
1.2228425767
0.732178221169
0.724446414287
0.664461298304
1.33737840867
0.359186283868
0.512649152818
1.09891406932
1.1730288281
1.06229703645
0.908644181012
0.557037629194
0.676666507025
0.562559921456
0.519919470719
0.417892182411
1.22040587241
0.868075607237
0.375456039116
0.759619785669
0.939325972695
1.44185122231
0.853425812757
0.524638978686
0.486477296412
1.28328751739
1.31459472897
1.18171406538
0.396045938184
0.48437838785
0.7266826589
0.995047286173
1.17622705942
0.952339580842
0.670986134419
1.08715322278
0.380953342566
0.881563405637
1.11762420037
1.11185803272
1.32493968746
0.929862844521
0.837993483639
1.50684846164
1.30015886862
0.184722572684
1.18121979452
1.1592102651
0.406311192564
0.976757058078
1.01603894764
1.10324601845
1.19917479208
1.17708788275
0.795124267773
0.556910647436
1.11052466769
1.29029446371
0.750554943807
0.624026724335
0.91745759982
1.00764820826
0.957169658579
1.11912841714
1.25198815499
0.472110185378
0.827298003689
0.66097920495
1.33367068573
0.606570489093
0.953718325845
1.16552095603
0.78009943146
0.945429737419
1.21702888713
1.2205945277
0.244659835648
0.769904806412
1.18303611523
1.12325519812
0.661497274523
0.910310979337
1.22715055051
0.680863046158
1.37852471971
0.911631212046
0.903361781497
0.637046015434
1.32853871057
0.600511090281
1.33879925518
0.863478158367
0.587323887914
0.976213860564
0.827725138341
0.389899535164
0.381940390731
0.830410449514
0.995447728596
0.818242952856
1.00418752109
1.42085557871
1.21646981239
1.16805539711
1.09645057489
1.03314872215
1.43073256355
0.29917631587
