1.29760062671
0.673757983849
0.281514343251
0.82701267366
0.980621240914
0.644624512887
0.619040251597
1.26406002149
1.57769081372
1.14543158241
1.18448079837
0.455332222465
1.03343807157
1.4494555571
1.35518516007
1.23681510255
0.487522588845
1.31170500644
1.13420345832
0.552896964366
1.21394316475
0.574538475996
1.19158298344
1.03481506471
0.676032021864
1.11913939589
0.541131429167
0.178831300413
1.43603370085
1.03389529712
0.746574422141
0.904188181539
1.42922497964
0.5974408489
0.67924871617
1.50814000005
1.43309125441
1.07873335004
0.922026338835
0.978651020666
1.46591036228
1.05019196456
1.17825313576
1.14271533324
1.16687598319
0.970326681513
1.26087215427
1.20889846647
1.1021157229
1.413651217
1.16995082743
1.47248241872
1.08242066927
0.753730869715
0.470382667165
0.399536344019
0.512742334179
1.43471051058
0.612587396606
0.721831638109
1.07016486525
0.329642204818
0.366084156739
0.751912470172
1.21099486865
1.22224588115
1.24567996121
0.647776608663
0.217709230002
1.15434826091
1.29289275302
1.08595662312
0.554422483268
0.308675737552
0.744032715277
0.699058047749
0.650164020488
0.373531147886
1.06287982288
0.423477777774
1.13119596347
0.399753095448
0.677340111151
0.762193510834
1.20599263366
1.16218959718
0.57364025799
0.330340749355
1.02521801653
0.625191585482
1.21410928796
1.23198633291
0.828832761831
0.673128873693
1.17113183719
0.566086577465
0.550468282433
0.867703096437
1.11514098174
0.6975422632
1.61232545959
1.54213952528
0.911005035266
0.539393735325
1.26209487085
0.646020686324
0.661919259902
0.969753445423
1.23105688852
0.941934510201
0.744981887976
0.528740742833
0.615605141173
0.944648041204
0.371727537916
0.7357849238
0.849270194912
0.697423399197
0.438995008227
0.972548378957
1.41140648627
1.04872404412
0.495862322834
0.781358803968
0.67896217567
0.582326895395
0.658921298436
1.47573799192
0.867310535158
0.546518093966
1.02874275925
0.481839144916
0.62059596736
1.10195240395
1.0135857162
1.12336545309
1.49150255909
0.923056819656
0.593380119808
1.14106748618
0.700974704566
0.577586375146
0.479233010377
0.811472230371
0.482077426501
0.89151959951
1.01089701596
1.2356276673
1.32416924472
0.953174899737
0.587250967038
0.394981566685
1.09450243507
0.412738816864
0.717710799938
0.663282086636
1.23478054881
1.3498023932
1.52297804516
1.13815214283
0.542500602478
0.632023155156
0.516354602133
0.499402036878
0.474322827271
1.10163198514
1.10197379137
1.48756813166
0.707243216017
1.19265197366
1.12562960507
0.688827591991
0.458399523123
1.49806234719
0.608376749584
0.5098682057
1.26686151483
0.447467338951
1.17858879969
0.639508262937
0.98637744573
0.681399140194
0.814667251342
1.2694835943
1.29376111555
0.660752080538
0.469794947296
1.03705269897
0.460421170328
0.910648687955
1.01723610915
0.99815330294
0.819899945465
0.404383083108
0.589875663862
1.24059812126
1.25308526496
0.392809672375
1.15334177899
0.957191988802
0.857753118998
0.640455906083
0.323815674656
0.307512687014
1.10584623621
0.70954637231
1.30976478197
0.333731833092
0.936440889154
0.670621868062
0.485988027028
0.690848473635
0.959810590687
1.14635495004
0.611615398199
0.44456350472
0.587818410665
0.996635860483
0.746187888551
1.40802449894
1.15900465806
0.970432925319
1.06186411613
0.771123115939
1.06217118149
0.903134578893
1.04726699559
1.28998469387
0.791981279402
1.16351988071
1.36431485552
0.743051398348
1.25595145464
1.10349958922
0.452887691341
1.20509513224
1.34926306095
1.16676752686
0.577802072868
1.17557328964
0.41130093674
0.739658223172
0.190827552116
0.546326302846
0.90621292556
1.0492436188
0.580835429957
0.70472412021
0.424695492943
0.712515847482
0.350660424806
0.917468431298
0.738357085532
0.717994564218
0.5547994441
0.467614182951
0.959984643437
1.10542690746
0.765849378399
1.12578421496
0.363590102776
0.548901878927
0.474459094801
0.838078282084
1.27319136193
1.28728454459
0.243292508491
0.739930798
1.02312913612
0.352433610842
0.990002569474
0.493521871466
0.894372543416
1.08975312965
0.731970657513
0.541039465735
0.962597209602
1.02554226392
1.12249225684
0.909651310332
1.08725243571
0.469451275616
1.63294981292
1.20732400445
0.809343528955
1.10213777878
1.26776521228
1.38056333618
0.866339365784
1.14270070941
0.464767903892
0.91207196065
1.42986058672
1.14635976469
0.660238967832
1.0655516233
1.30391138625
0.879460242718
0.454756450651
1.25180485639
0.501451403932
0.882203963132
0.799057029597
0.616519032881
0.73768274744
0.907702387088
0.585884852691
1.12258785659
0.50751101403
0.660675327655
0.545061834157
1.16318807036
0.662587529176
0.606866874811
1.32145162314
1.26050677506
0.727753631759
1.18317316099
0.780965536576
0.234915344794
1.2811119328
0.426376831153
1.04570665741
1.15915388212
1.1371181018
0.388923114821
0.622800169589
1.01998664403
1.4028833668
0.99178135346
1.12821490968
1.42923134092
1.19796908981
0.43583256557
0.313598350137
0.924682729525
0.762634209789
0.417015998293
1.37744639419
0.971540338398
1.01579677961
1.27166306278
0.546697012014
0.23464527949
0.453125944253
1.12523807036
0.382264181678
0.482645455049
1.00661424158
0.592852829654
1.35106451188
1.15258097769
0.631845171474
0.904021769593
0.971699645565
1.076596695
0.298452602787
0.672113230582
0.327156802889
1.04230497783
1.22251669296
0.951263191585
0.649027248839
0.846109524277
0.966594817203
0.878659040942
1.26482982532
0.60488079157
0.637104481844
1.40332134678
1.23892127147
0.879728274511
0.789803998858
0.934790812258
0.616212438697
0.526014028313
1.11785623409
0.810086566643
0.716630881271
0.716987975332
1.11937097295
1.27481675522
0.697790625327
0.753261740787
0.850686180303
0.736574034953
0.71819925035
0.412594914728
1.00538806228
1.16493442073
1.3813823242
1.23245950031
0.991307666063
1.37620772129
0.740553027865
1.16990468628
0.906093369774
1.53563275241
0.999425157785
0.40339104547
0.604844198601
0.523062100414
0.499048663384
1.29111335331
0.439580561557
0.367153549546
1.50751278711
0.987977853707
0.505745313824
0.518176501018
0.941719688879
1.0736700374
1.30466499531
0.961658632806
0.633167256207
0.617594762917
0.579127322403
0.997715870296
0.755576441086
0.453323240365
1.13587746669
0.413040152926
1.04476673995
1.30513679027
0.825922046485
1.28203404356
0.52892046374
0.593208992267
1.27132574435
0.608937306507
0.472533676205
0.440961668467
0.613119970347
0.49037254352
1.05975604153
1.35804785246
0.748993281027
1.24585077155
1.15344167787
0.798262355815
0.645367093295
1.01633561922
1.25785041576
1.14246289685
0.941024558129
1.42752743099
1.27294415154
0.840343920546
1.08945765383
0.582790423954
0.376427885139
0.717386130918
0.476129914225
1.17536585661
0.586345647972
1.27877980542
0.644300263161
1.23339667674
1.22036247993
0.482987751531
1.61934923984
0.713047236386
1.11579425499
0.846570749913
0.814640646254
0.688302372806
0.709167357634
1.05978993686
1.57471185421
1.40468545783
1.09599508228
1.26697909567
0.819860080261
1.09411547455
1.15209059523
1.13295116304
1.44078934232
0.671777645805
0.82606267187
0.885826117816
1.0504788911
1.10426667729
0.734167447406
0.498303231089
1.30783442495
1.15717435705
0.644410228014
0.48160147238
1.39804547305
0.648555821249
0.578591892484
0.673930707337
0.575063142506
0.388936819011
0.62922177388
0.97624182129
0.797985854312
0.779418338041
0.854964785982
1.04606860794
1.54733931306
0.855735280664
0.814930599222
0.675961418932
0.591025310499
1.02525393221
1.59562160245
0.674619130935
1.39638304853
0.890951950431
1.23119380119
1.08620291658
0.633992078397
0.778350233327
0.767281808816
1.15084988086
0.865922534518
0.935667216299
0.571740353566
0.404257114221
1.00618320344
0.712315761242
0.989783679205
1.39998765632
0.564820101708
0.421107113826
0.928762933554
0.436242935616
1.55215525552
0.942446180974
0.978106098938
0.541603446411
1.06294391835
0.716587148337
0.802498768516
0.973371071274
0.712005623506
0.825846365747
1.08381079244
0.394577755813
1.28156282221
0.445779744874
0.672522760136
0.602387588505
1.57711642518
1.12299497243
1.22228009198
1.23834044402
1.09173584505
0.351175078606
0.381435331048
0.501088821386
0.616355616451
0.725401701745
0.709074746733
1.31947394777
0.789819932058
0.686428017863
1.4569957205
1.25826825891
0.233523940643
1.02808952601
1.28965329752
0.300092813238
0.507173785012
1.22092217049
1.59444286086
1.27481694447
0.674984449766
0.668249256039
1.15884868325
0.453815970941
1.39176755157
0.89068326451
0.924730321572
0.820395271105
1.14975238346
1.44788953525
0.593127122505
0.648067909982
0.956872642424
0.405862898061
0.932919191299
0.481275133751
1.02487144514
0.608417853696
1.2208721131
0.875229366273
0.893129946148
0.733845552347
0.769735495098
0.640896718704
0.777586861455
1.35219667845
0.491428850582
0.67425661536
0.486679792362
0.908667581377
1.37410941684
0.942286849175
1.08258972549
1.02992828624
0.6880327057
0.806704596534
0.762705528539
1.14862977286
0.808024616842
1.07584539091
1.33198499574
1.35305382785
0.990519059373
0.660384798657
1.03052862576
0.773246325543
1.13237506968
0.745216575388
0.80629361156
0.8884548643
1.18751307392
0.619317924949
1.43660853041
1.20952075133
1.22975079356
1.03808118685
0.853488743928
0.836754201516
0.535844152845
1.45079595237
0.581823243743
0.553355532305
0.604126451051
1.08519832107
0.899940053961
0.988158790091
1.0781770326
0.864280933864
0.979141819908
0.977884315262
0.48947768434
0.851392169655
1.08041073349
0.482979829717
0.322646121591
1.44520419506
0.244252084785
0.766395645037
0.472385048678
0.857920407228
0.82007485161
1.31742507437
0.737900432099
0.982108664554
1.65244851321
1.52402813202
0.478120848866
0.388543900169
1.53100783297
0.371601525588
0.726103129975
0.977636390281
1.06739559164
1.31446340542
1.06767180757
1.39317397845
0.38035635154
0.797361849324
0.932923827428
0.635563200739
0.60882795333
1.3539101421
1.12473220351
0.868513910991
0.884796575885
0.477428727682
0.76985709802
0.6188889015
0.849682573244
0.730300673003
1.08439813719
0.851710224888
0.890212798063
1.1508484542
1.05005212727
1.07208983879
0.549577877289
0.224512762241
0.613313376788
0.9971357477
0.902731332834
0.964214308544
0.423809496056
0.347678885004
0.416837463773
0.828411479872
0.871707799517
0.359328385022
1.21220060319
1.38809059624
0.602683480317
0.479062969712
1.34038986579
1.55923061669
0.459944295637
0.891139144548
0.866343370863
1.02706609766
0.839718623189
1.06676262992
1.23265929848
1.06046092208
0.590674027454
1.04244019784
1.17167755507
0.474141534187
0.364679670262
1.14789362145
1.00045654209
1.32023519311
1.21751247807
1.22481234588
0.58789906983
0.415509263761
1.42722865239
1.06597798933
1.19672667962
0.667846332312
0.480009042319
0.747003289517
0.382784902261
0.955137025556
0.939449304316
1.1385961202
0.919838832227
1.62218643214
0.434801248438
0.808852792491
0.58570265053
0.592696782332
1.26901883678
0.561776524588
0.909072398209
1.03413975805
0.920045799982
0.816213609494
1.27115873176
0.483861076028
1.1309437706
1.01762777812
0.610185572418
0.407354421011
0.389923639191
0.703488066446
1.07799563211
1.21841163025
0.6998601876
0.844590277873
1.14904859044
0.925609903559
1.01007943107
1.2629341702
0.68553389839
0.48297056991
1.48702640622
0.324150286613
1.18267821093
0.514631139201
1.09268909532
1.18973667705
1.13306934969
0.70280443869
1.09617055783
0.695594187748
0.420656643748
0.68202246315
1.18620042493
0.646034638797
0.861647651263
0.78348831094
0.874094879334
0.673256127446
1.07330184378
1.33302980811
1.1646676402
0.900769209775
1.42899908142
0.852503653784
0.395683211797
0.830395237719
0.565505038054
0.596633726977
0.480545862116
0.281149406956
1.11688475099
0.53878434084
1.14661213995
0.934797778618
1.20821878472
0.807119976243
1.28648572739
1.19320635509
0.29517833755
0.298094549941
1.18695276854
1.1187303792
0.8679844698
0.577853844746
0.658944958576
0.927185269345
0.834041794913
0.702516714059
1.40885330138
1.02937274798
0.486107470911
1.42517389279
0.479764475709
1.23067648127
0.323216461962
0.636497947096
0.73956837439
1.36730366668
0.878890213978
1.37538946067
1.42659442597
0.502887669667
0.814035002345
1.48327038925
0.72410338979
0.404461122637
1.12035225443
1.08635504859
0.690598817646
0.641453978018
1.10244685043
0.997284137618
1.09945509215
0.77809128081
0.668632207889
1.49668048328
1.25415996755
1.17501576871
0.437229749436
0.683594751677
1.04637638975
0.514703950204
1.04075462118
0.320659707342
0.698752487647
0.281455559093
1.53913680717
0.587755636586
0.636913640661
1.14468525591
1.3222877578
1.07054755482
0.832220681785
1.19648904299
0.716182425539
1.18935224635
0.568715562651
0.86393933494
1.41270721201
1.23103985034
1.11178988502
0.43435042169
0.584126572945
1.5975205446
0.867349457413
1.03575622173
1.06172482137
0.690027178647
0.661925429181
0.482892207622
0.716102338666
1.06019518293
1.10615974159
0.772596165775
0.652582715771
0.778571011234
1.3407492957
0.839930684012
1.06481192845
0.829407428751
1.29279109808
1.07222281143
0.259016319281
0.251950479329
0.709725569319
1.04813617449
0.243816255252
0.633717360409
0.572528526794
0.865087686434
0.676403664311
1.12227253939
0.558235062975
0.374402095707
1.16029369712
0.866310419826
0.439531604009
0.635707453026
0.551027702938
1.56653466642
1.14061867121
1.58873195011
0.514999403813
1.24658108748
0.691814593967
1.2353149277
1.40235631967
1.15062369329
0.580819975769
1.08846016046
1.23911722425
1.09389474295
0.944574550773
0.742638249802
1.3125485997
1.11976651413
0.518419592262
1.00675431956
1.01003155585
1.52136375618
0.609538110493
0.331713759735
0.616814344966
0.799419252966
0.965668877839
1.2362556036
0.887366946877
1.09275861205
1.42695194127
0.302191365088
0.845607150179
1.17177162507
0.978447474774
1.43846268983
0.967915373961
0.883564893546
0.747246990216
0.295597714458
1.20702613283
1.32495685855
1.01252134064
0.633491246662
0.473698240363
1.0039306416
0.390967806017
1.03965564556
0.505199518804
0.626474470596
0.383624184925
1.26296296222
0.707371743034
0.875553694347
1.17580320545
1.00548542752
1.11106953526
0.8599628812
1.13194393223
1.09154029207
0.911681552342
1.41063328378
0.223402578973
1.13420296328
0.597532470484
0.251771795683
0.866394100725
0.664371244341
0.590699074915
0.399966586209
0.255435890643
0.466498414898
0.727053643364
0.490946454944
0.832137511995
1.03305999461
1.0217085893
0.82811347424
1.22061321347
0.22749849265
0.842881712242
1.15158691382
0.660327466745
1.2286293979
1.01286758914
1.11187081423
1.21039870736
0.570078791964
0.245480129518
1.40570743987
0.887219573717
0.893253770371
1.36708152156
0.479539275933
0.887443107104
1.57118553221
1.13207313242
0.635605355694
1.18915417616
0.858246730724
