1.44182407011
0.55494292868
0.919858922262
1.00166516265
0.800958135523
1.01562358915
1.16281295544
1.31277784974
1.089912401
0.580806633494
0.896797199226
1.16864289535
1.24714227302
1.1470026366
1.07045203907
0.768595922194
1.00234773544
1.13187862546
0.527849081168
0.644447532333
1.14175746015
0.983964060701
1.0892720072
1.23782782829
0.800033166965
0.386845246892
1.34780114262
0.604411585137
0.815713542353
0.757488612619
0.41689492957
0.786284562426
0.310190148005
1.40287495193
1.03108739641
0.634312891757
0.317317088564
1.21254194801
1.12756261443
1.31708202057
0.948578003757
0.750739899403
1.33870960662
0.528113374665
0.652167843442
0.658266159568
0.777519621493
1.34652021949
0.270102512375
0.772901157356
1.25101997471
1.33424306337
0.586782981591
0.27670759909
0.618792897217
0.456791972186
1.49326416566
0.591299629202
1.58937099042
0.511051067457
0.554067357812
0.91851783443
0.805270394643
0.478856903218
1.14158384738
1.03977673123
1.12737473682
1.28689660875
0.415938139922
0.382464685844
0.442082691857
0.739996664168
0.70345690206
0.740181324284
1.21361511223
1.19835604152
1.04161758708
0.381889637223
1.5618750965
0.999868811169
0.869276107439
1.21419957571
0.90634386939
0.505094050727
0.48577283808
1.16854590202
0.51653283795
0.845877614653
0.984487800768
0.363379925648
0.608311772102
0.456297494329
1.22640309513
1.23778851762
1.33190355392
1.13998786499
1.40705323442
1.11975244622
0.453609765617
1.42431505729
1.13737631643
1.08247848778
0.412509717753
0.718127331345
0.980652063109
1.59593942767
0.353814631942
1.00636278529
0.990420502482
0.630776742595
0.91563197195
0.747003792395
0.875010162769
0.404870668384
1.16709209743
0.986883757175
0.762514131631
0.591435836069
0.582826579135
1.36196985786
0.58224970143
0.951164023584
0.589957916127
1.10930495194
0.66493526108
0.997975370247
0.71357305966
0.880418095466
0.740956736965
1.2616059405
0.728171070604
0.529155196149
1.14530740271
1.08130235237
0.598242607124
0.568378801429
1.30940639605
0.962188109382
1.35668387146
0.79714254304
1.10734359152
0.704357088339
0.57212388822
1.16203109663
1.02849276759
0.443604384313
0.701429982549
0.71214063566
0.427160412927
1.28135915465
0.715851939632
1.06352849685
1.07943187314
0.615361194497
0.417661921268
0.545342801706
0.611111236616
1.51828300079
0.421551018705
0.975300957444
0.477661133214
0.376468359778
1.20643329346
1.11299707232
1.10339006152
0.712569436191
0.638702035859
0.674102311765
1.22475204668
1.18948126317
0.703093005083
0.800036731903
0.598133651308
1.20266585149
0.344040780226
1.16509928561
0.747803610782
1.10202440359
0.743551603245
0.749729648597
1.23822732132
0.846655939011
0.963590071186
0.957383909695
1.43449302733
0.402217987841
0.779702085852
0.942127867854
1.05000616054
0.659872896888
1.06398015903
0.719315168819
0.734419235636
1.22143826404
0.219517725506
0.65507930615
1.36129600435
0.82571784714
0.423096060854
1.06840538506
1.09984326475
0.580630635478
0.918611005409
1.17222228352
0.466186443631
0.885430675514
1.00636615711
1.37028701512
0.905661943703
1.22861131693
0.630843578577
1.60348834124
1.60403487459
0.757042253762
0.817074205596
0.838379086137
0.42336055741
0.870689841071
0.956795631421
0.593342454036
0.674700518347
0.237837339622
0.329885447046
1.17713343824
0.796280725856
1.06466012656
0.587265658065
0.455844000024
0.456223672509
0.352743161445
0.68258585352
0.534706192353
1.09031849747
0.191356065974
1.27596435705
1.14563600514
1.47299184994
0.846589558021
0.4279287682
1.41631343082
0.751531792798
0.272934136436
1.25366468595
0.670037068589
0.895674219794
1.13819059591
0.669792493933
0.431402876345
0.851596160127
1.0996904733
0.933949790217
0.960963262508
1.49648435633
0.679590940613
0.74102952619
0.845459317536
0.632548075986
1.0820470658
0.778521117765
1.19192510292
0.498937137989
1.06940314975
1.28609387363
0.5929745893
0.887773094138
0.807631258584
1.25940760247
0.184309114158
1.07894421187
1.00588078084
0.672028174775
1.25440235824
0.867196838449
0.372613351242
0.615926260876
1.24228495565
1.04471121834
0.759951560926
0.772346676561
0.720440659148
0.490068259591
0.843875559663
0.637381244554
1.10216075596
1.2117020423
0.879581537408
1.34891539514
0.525336958462
0.748159301561
0.424602277357
0.700728001121
0.522516894895
0.480801129801
1.00469697184
0.375201379288
1.07244864427
0.317184238049
1.06491925849
0.614478472768
0.388032196594
0.753878429458
1.51622030912
1.51541595557
0.519803433403
0.53292858093
0.919612458179
0.389339360713
0.742101383388
0.42298287649
1.20163406665
0.973709042601
0.470596945933
0.580885095617
0.264021639919
0.360870059761
1.02491891797
1.05517533719
1.09566801065
0.596201180711
1.32064935214
1.14627416844
1.12279396528
1.23578536838
0.573312290122
0.891183257427
0.573430979893
0.492258217997
0.331743802056
0.50037762187
1.11723663817
1.02256613814
0.68689976184
1.07702789044
0.451277306271
1.56314995168
1.00445167587
0.566660481423
0.727467476974
0.861992231403
0.305078225326
0.924512163275
0.412790219086
0.927571933141
1.26576199072
0.581579940843
1.5540308833
1.19454182485
0.973904709566
0.775650377756
0.404199296777
1.16804407825
0.43847853146
1.07559416532
0.542755626375
1.27299549964
0.389602411343
0.31051804337
0.435411619909
0.556620152385
0.980109097477
1.25340975875
1.34940711415
1.01837343089
0.896722389282
0.625031499055
0.714473921134
1.33313768947
1.00729746718
1.15129039264
0.378743703763
0.679522709331
0.447718684805
1.12143432785
0.587473249921
0.391891137809
0.993241795129
1.05504053878
1.07448072776
0.597802348453
0.659860085607
1.38263527421
1.10133794563
0.587766997336
1.42182733156
0.573204438137
0.282587565684
1.1898429653
0.621296918188
1.46684556477
1.13252738629
0.581901906253
1.07165542045
1.39469226939
0.533519130177
0.441730627047
0.387535069653
0.521349245371
1.00799883717
1.33408959847
1.23385359317
0.946546318904
0.600305047887
0.774790753861
1.38503970669
0.547806263593
1.05013665275
0.731583894306
0.318786591967
0.535138419961
0.68314035424
0.594218258701
0.459739467309
1.46451652967
1.12607881715
0.537317372671
1.19411600001
0.829410978945
0.490656046175
1.01034735222
0.870202983403
1.38330047199
0.953987401353
0.567431576123
1.19972804396
0.333671777079
0.785467897941
1.51269552519
1.3775591826
1.45683902476
0.574459958527
0.536041995862
0.423366100054
0.588916964449
0.38508754542
1.52981869039
1.31491345342
1.00689277524
0.681716799532
0.42339503622
0.566282497136
1.01575054341
1.51700211648
1.14142165144
1.08495955788
0.947897752791
0.530427576459
0.905690066835
0.393544552192
0.430198441562
1.18064505922
0.759299072473
1.0197426252
0.327449440388
0.972171232615
0.506064397217
1.23749718409
1.01226341645
1.14854676199
0.633715720376
1.15140117115
0.782982529626
1.08558416126
0.403346675381
0.928905606949
0.747198255498
0.510163823519
1.06823268881
0.473253872946
0.687055838265
1.1159764947
1.15509254173
0.432652113362
1.10909664586
1.0121344545
1.11997183021
1.13791022748
1.37867447034
0.878071851469
0.594967906543
0.792447407942
0.56494116838
1.25572828641
1.48365563704
1.01501002005
0.840513871113
0.392690357303
0.755565087873
1.16447138842
1.14149098806
0.597532057513
1.19159857563
1.06808525194
0.488792195699
0.990297626195
0.774361999698
1.02940775199
0.753550076393
0.59237256512
0.380562391477
0.505799953299
0.429001377055
0.415651357355
0.581047504556
0.623424124475
0.710289978443
0.372826618735
0.802058834454
0.850908522851
0.937867484743
1.06093399446
0.534796228976
0.530611154006
0.0965695083934
0.666852687423
1.14876008719
0.707932522759
0.483466550449
0.885770198886
1.10572271569
0.315584674397
0.693737022228
0.684924495069
1.37637886284
1.31614107881
0.520175927018
1.05313063538
1.28955971387
0.402866225655
1.17979491825
0.536481544813
1.06799890695
0.598814071584
0.424332096915
1.20280679636
1.175100057
0.785361515662
0.54060839994
0.835595295552
0.447402718482
0.760301949025
1.14046222867
1.14538767253
1.04178635132
0.606583174358
1.20691732188
0.841712063042
0.418514898145
0.414451113165
0.379648654619
0.785873943114
1.26891460112
0.308194629759
0.842176243648
1.03381502946
0.46880933005
1.65707199268
1.00858739221
0.539896629803
0.832491031022
0.980761588196
0.746775471748
0.667520739352
1.19107935132
0.103362329938
1.03217165129
1.26469992261
1.16598053181
0.766638364659
0.667802926594
1.00977814666
0.946494473665
0.719174420982
0.263303235866
1.04340799627
0.467949314509
0.513780568473
0.332935891227
0.731581309044
0.514434450212
0.478080425994
1.28867678007
0.451027325524
0.640401902545
0.593739378729
0.363719169456
0.48289828321
0.965187383037
0.739103857607
1.40094802688
1.24038023769
0.882059266669
1.15312259205
1.1121897769
0.431405431979
1.03798025682
0.817769666526
0.621380905722
0.742656444983
0.881089531246
1.00095968483
0.995399913181
1.24308662441
1.11627787151
0.625720012445
0.657896825949
1.46115761367
1.37926764199
0.345192673411
0.331004808388
0.545336900981
0.631982898524
0.729209280088
0.634964588234
0.829432119463
0.791560261897
0.476992045037
1.48238218292
0.505472257847
1.30090392898
0.844735486431
0.51938316925
0.614847138582
0.82480514624
0.370607066052
0.792955434298
0.730255129256
1.19481277153
0.431911840161
0.855228965808
0.553999802386
1.28489712366
0.211376416393
0.551906772864
1.33934095068
1.21169848461
1.45177979027
1.2852845722
0.573905940913
1.20523588717
1.37169238064
0.639473379728
0.649767571929
0.723547609238
1.16431191955
0.64017421876
1.45382797051
0.761501593699
1.42799882378
0.970486896996
0.627498473747
1.12521921441
0.976557891249
0.562424369345
0.989323509072
0.508028750774
0.277951437504
1.10521161042
0.802008577846
0.900002228405
0.613080836992
1.272468513
0.93220716898
0.384562725775
1.04059716351
1.03797554055
0.381623089127
1.05377373647
0.558665558946
0.652921478446
0.491260344425
0.174794094284
1.18292520524
0.427971196853
1.09750414056
0.422264108834
1.01829548706
0.835708741451
0.782560096252
1.1903403578
1.02539322709
0.611473190857
0.927492730463
0.497137160133
0.910506622891
0.884521157793
1.17348398075
0.96401709399
1.13461777521
0.962031193333
0.909907673567
1.21104779518
1.05888005065
0.413370295942
0.521451349105
0.971269090577
1.6209272065
1.0924145382
0.950326087739
1.25927703585
0.640963165852
0.89304055487
0.984406613062
0.948650686124
1.24661871444
0.458120926896
0.555219038146
0.737225628642
0.895840680436
1.2289078791
1.06433247104
0.745249496404
1.07210407343
1.05800194281
0.517097769206
0.537216885196
0.804374066629
0.425996001599
0.609349441086
0.43314627253
1.01244452481
1.37722332521
1.06010445641
0.910420900202
1.16553809588
0.428522972683
0.929454776326
0.8305230269
1.1055826
0.742834537381
0.702797536481
0.255710916721
0.943865007008
1.12628979153
1.00630207946
1.27148667585
0.349197147781
0.819521960966
0.496322746572
0.50210637484
0.861165760935
1.2510781165
0.804182322894
1.22377092789
1.2079872229
1.48877535798
0.725676863403
0.457459936012
1.08915386679
1.12108904633
1.1487311553
0.676295856978
0.518694117611
0.993525758011
0.2650475724
1.00755501847
0.865517189098
0.439528171786
0.757801225972
0.780509047543
0.895575185448
0.431715718478
0.782837328334
0.63209943435
1.20145280391
1.45710570283
0.652738977094
1.26906783561
1.31067458526
1.01170880915
0.401460527723
1.24728628136
0.894293854806
1.28758223045
1.18239782481
0.70399210427
1.03710327516
1.07067810058
0.788050702337
1.16905751974
0.654424721649
1.57407626908
0.602436844141
0.781687462454
0.791797143408
1.13958350028
1.16334134222
0.414309927884
0.998206514091
0.453407107913
0.563581818074
0.808634639598
0.297824016144
0.87410192241
0.647075461366
1.13217078186
0.39274638593
1.37464045673
1.264857659
1.29459059732
0.255848812678
1.39939876435
0.852673304832
0.526376145954
0.628911516917
1.22211331953
1.37238740031
1.14390334681
1.09392585812
0.674160646592
0.864308729228
0.857155638339
0.633009806414
0.412727823585
0.976820272357
1.27042135368
0.712811833427
0.463637128814
0.347839547146
0.887981045052
0.81046800366
0.981298965475
0.29939055035
1.38519351409
0.461775988523
0.394701472172
1.08176174049
0.958569149601
1.0236222949
0.89806229399
0.604747001936
0.86151255451
0.58427644034
1.07333668507
0.703924870776
0.866469038523
1.01735628749
0.683639852925
0.833014424593
0.609825266632
0.942729842544
0.872814265265
0.428468672602
1.31246351774
0.396943825972
1.22045563471
0.416375783101
1.24445158244
0.770162213718
1.02069539477
0.940781804613
0.567606750011
0.807285181032
1.24049948065
1.40632311978
0.802892364976
1.09340799979
0.75221659796
0.5148500949
0.533254986477
0.776939037201
0.811264821515
1.02286855302
0.569015120736
1.33636205391
0.81669852967
0.287608970091
0.235942308039
0.35232984585
0.787207333801
1.14594286497
0.981339038
0.970219464716
0.513206585546
1.08913823434
0.763602633887
0.462493837457
1.16467787456
1.32303712336
0.747565647558
0.408585278709
0.977658281913
0.852015306463
1.29716287834
1.3236275919
0.948801302167
1.48927132607
0.375927544343
0.720956214613
1.20344926452
1.23275536084
1.10451654265
1.20276998549
1.0735233002
1.02318459844
1.28954349599
0.643912657356
0.451613605388
0.681603300648
1.1453501216
1.25403713444
0.970257520217
1.0858855853
0.818970665704
1.1513434124
1.31771810721
1.02206015703
1.17086118439
1.16262686672
1.49376682796
1.13341869552
0.709902312849
1.39136152891
0.643392509553
0.802137096119
0.659326893477
1.4419388589
0.755962430672
0.422770302504
0.863311967134
0.558393528554
1.12182488466
0.337874511129
0.505841592263
0.471147951499
1.13374957984
1.20820675496
0.815063730247
0.982066736318
0.507787314774
0.911338943406
0.968708205889
1.15834334251
0.869474254876
0.268426690111
1.18646351982
0.454482874581
0.327651242602
0.864245725338
0.400546548399
1.15442414269
1.12402092152
0.540206864685
1.22020842456
0.336063946883
0.406601870119
1.21796457395
1.14489815916
0.472725953305
0.780298394501
0.533878978114
1.32194963001
1.02625693918
0.995583316506
0.743417066551
0.843310563825
1.45285198842
0.927958436969
1.02334461336
0.761068809807
1.18558768933
1.06637896673
1.16928239793
0.892653720441
1.44977728642
0.874987004586
0.774797734915
0.803738996114
0.466014194226
0.731191162741
1.46344474873
1.19939424631
0.886323218157
0.491792117959
0.456412940752
0.655335908187
0.549334490645
1.40721049484
1.32271808183
0.79143037851
1.29762743961
1.29544657161
1.01728304174
1.26804982153
1.42275984007
0.566489809167
0.466783658198
0.707532440587
0.764364864988
0.778968499109
0.858936641996
0.583529170498
0.497533832034
0.579109760518
1.15290154122
1.53047704571
0.605645491601
0.60615797686
0.423862231057
0.572839544376
1.2514286906
