0.698563769323
0.499292389427
1.20122754824
1.01576540773
1.18452503295
0.722518062877
1.04531607275
0.446158921334
0.894364758838
1.05505941755
1.39569697289
0.670785621401
0.335323254106
0.98196751121
1.3129653398
0.802170374957
0.778696608058
1.41550719764
1.50608750603
0.693618655097
0.341967090303
0.684057396349
0.55547709641
0.860859793005
1.3707231029
1.33337169271
1.10572189737
0.758391037494
1.14344819607
0.607987898596
0.903661994383
0.339525706752
1.19708279825
0.441783558054
0.79230718477
1.38937133669
0.616850296839
0.971501293051
0.387654603935
0.6409818179
0.440322557415
0.882045058257
0.688183005506
0.962235682602
0.917291101607
0.91389868422
1.29666669042
0.478378893992
1.3034846714
0.812640611964
0.839776947687
0.968270138573
0.964215163252
0.822401958788
0.682954431978
1.13846379071
0.544649544412
0.323148941102
1.60512874203
0.819558736553
0.868979501242
0.961106270615
0.697772814522
0.92797006744
0.349464000541
0.894347223629
1.22460450777
1.04239517575
0.542351903569
0.467314907616
0.828993640571
0.816913864298
1.41153137691
1.38894838036
0.725420857427
0.550955800551
1.14450367887
0.333609068079
1.01109903005
0.429940620386
0.955533602662
0.989380173932
0.566159433745
0.572761055619
1.32007303442
0.529395350043
0.567245666873
0.613662997393
0.750955709815
1.34660899117
1.19175205409
0.918394900846
1.29664125655
1.25640995961
1.35299534055
0.80952888071
0.447649527501
0.542028231128
0.803110532241
1.27442533072
0.951098993865
0.494565807389
0.563350566648
1.19568169844
0.567642345445
1.3461545742
0.931753228732
0.719143041234
0.738865995115
0.778681496548
0.734080137819
0.358582011312
1.43776122511
0.752710281021
0.224521827724
0.860773836977
0.829339461625
1.21132017677
0.361423333483
1.10962593817
1.14961650188
0.338613937441
1.08638096705
1.09632118155
0.838586242494
0.759491988923
0.91352012739
0.974954614734
0.455879541323
0.667098980334
0.418248362747
0.333200569879
1.019164668
1.21304010329
0.305616909687
0.626236913667
0.633206165978
1.26500267216
0.456592620295
1.46672412368
0.714350074705
0.771673192443
0.4531687356
1.04812188818
0.32289109072
0.9146061833
0.279870009497
0.662358151241
1.0051946286
0.56287314955
0.850131800337
1.17631940027
1.47237807526
0.444092564585
1.30800808467
1.18767830301
1.5296073775
1.39143771363
0.419877535136
0.454120592885
1.36346865846
0.729981975298
0.714263630719
1.32874621106
1.24591646217
0.892228298851
1.41159190124
1.20471571571
0.376191532534
1.03676970588
0.638986143914
0.883917430667
0.719049625833
1.28426892387
0.94858973329
0.923290359375
0.82596672382
1.06779215174
0.266746841724
1.15529035169
0.375490432004
0.423975925284
0.536808822566
0.340661715967
0.937317422227
0.420620818599
0.376242854347
0.38017801103
0.876329690059
0.847713672228
1.02030743703
0.789872236258
0.482499864704
0.728578045112
1.1647981482
0.605936772946
0.655663706434
1.31267441964
0.369892815605
1.08397222885
1.39262113073
0.97120152986
0.579583897999
0.525488951105
0.721231344903
0.67642937064
0.514917144493
0.14884322765
0.592629458052
0.466773463354
0.838569453679
1.18456675467
1.21609516457
0.752488529798
0.247366337404
0.976504747415
1.06467886339
0.885154224522
0.727617975642
0.556491953745
1.27512911845
1.10773971424
1.00252226258
0.992389893347
0.489475216017
0.72875579111
0.79534706396
0.357110366791
0.985560572024
0.741688994982
0.418244894219
0.320897446524
1.01903129276
0.485492162762
0.90014855927
0.692514403578
0.442850781475
0.803022642331
1.10319009538
0.733438677605
0.406691762599
0.866121573073
1.03880974811
1.14268295227
0.441770939309
0.419463889828
0.364566546326
0.771261811978
0.908212725711
0.530591383079
1.20889727778
0.708530953878
0.821698151763
0.730090645491
1.42000567841
0.42404091276
1.10753650138
1.57123248927
0.364330020603
0.366718856159
1.18355836592
1.45773878224
0.584747321562
0.314685411083
0.614951704675
1.33765059996
0.718701453065
0.433993650545
1.1402328181
1.02345440722
0.58001746445
0.582902216699
0.89950780019
0.96041472908
0.65461211365
0.533999309595
0.467784236508
0.468600696029
1.47258043529
0.691840398437
0.468972720938
0.321765132775
0.396512862073
1.28342296837
1.09369085426
0.565975481571
0.98498699653
0.472650045475
0.432699555814
0.74375470122
1.4180360004
0.56147007789
1.3446693184
1.18240802783
1.1003796982
0.67995378925
0.562559799161
0.893321562512
1.45803682509
0.985086598513
0.431269877857
0.236312710423
0.947904526165
1.25334493876
1.09551159868
0.483482652465
0.701853679965
0.7833287581
0.628241023759
0.662643751265
0.615637414479
0.579100467223
0.818851850658
1.22131353027
0.283462860172
0.91616781915
0.921817164545
0.765382846366
0.676095001821
0.766503569618
1.20913675821
0.220310958071
1.14497914395
0.772425025143
1.21055978902
1.0058444745
1.06274448061
0.87284804567
0.900041796772
1.33699711204
0.305064663103
0.339916418944
0.470211493901
0.961231770994
0.263561067002
0.444019088603
1.39477286176
1.02814731588
0.913945691202
1.00467760614
1.13189403203
1.18214386974
0.290917057968
1.07899363374
0.78143107503
1.19640576432
0.697282859689
1.13038156969
0.652874903677
0.593894398925
0.457223736146
0.920493198449
1.30979105088
0.494261848703
0.275919181772
1.13078139747
0.291272696705
1.32133270413
0.457271854989
1.13247816535
0.490140453134
0.596812007631
0.356235953989
0.162422179499
1.19312510738
0.451391416145
0.827582554152
1.47012004621
0.468400517434
1.31840921151
0.763971513589
0.548224813361
1.01424855433
0.833604991142
0.744312104185
0.636176757408
0.767387643803
1.23270041858
0.480372328934
1.39358312582
0.832273612698
1.16985799604
1.01781674168
0.755857349043
0.908512763124
0.923938845315
0.245112086188
0.721472324599
0.4591688041
1.27751709848
1.3553214483
1.1838211382
0.777980702683
0.442537351853
0.90811057613
1.00016289869
1.02364610993
0.54445167911
1.09307374039
0.423478786311
1.1863745586
0.651282987525
0.807905091135
1.59427420789
1.33224001639
1.37606484142
0.947559423736
0.762104348126
0.964899117953
0.762156726823
0.417583357666
1.12860517968
0.477936268823
1.03106588184
1.08697070387
1.0892172381
0.279806121201
0.750795365089
1.20632619541
1.08890682417
0.592406955197
0.841038489916
1.20976658139
0.873835967354
1.36322967728
1.29310122768
1.3166686423
1.27310958728
0.206460959023
1.09431920443
1.28046832829
1.01893757261
0.595422276894
1.30897695946
0.723498290548
0.887585148654
1.0629610581
0.566007960971
0.754156589092
0.5361729845
0.964082769003
1.27365457766
1.28940164484
1.17384683717
1.21819360915
0.4486756601
0.847478646452
1.14702780718
1.37196300359
0.53593370184
0.892767515574
0.673251818101
1.41100450311
0.268241560478
1.33855942991
0.344479038803
0.854592111821
0.40955613386
1.1283590544
0.941339451091
0.964764476948
0.890509577938
0.788293631429
0.608672574564
0.981139131004
0.452478350482
0.90690210947
0.441170963732
0.64533429475
1.13682345168
0.588591334553
0.732222131449
1.01814109874
0.585666794297
1.11027370408
0.744168664048
1.40122967845
0.45639661921
0.550944741336
0.611804030295
1.10778998636
1.07030271252
0.701881133379
0.449616647023
1.08196259218
0.380204082953
1.15749366754
0.698095535132
1.443022076
1.09019953889
0.544052644186
0.511076086388
0.465986656974
1.22350013592
1.09766655928
1.07055946128
0.876382437222
0.754417143817
1.27610530046
0.452281948095
1.15908495194
1.17961841012
0.360455201095
1.07395918608
1.20936343368
0.245567525721
0.627338642107
1.07447757909
1.32048449328
0.177527000169
1.59984965302
0.771008116141
1.02471640199
0.680184756785
0.608168648491
1.38889074896
1.21628118721
0.395480265388
1.07991814284
1.3339651413
0.661377439637
0.718311706347
1.28558172094
0.592939444706
0.568163229464
0.663911775115
1.1475007211
0.861677065579
0.759155622092
0.593402957562
0.795954051867
1.17671705969
1.16533279125
1.06992542108
0.593241012196
0.761822270251
0.896856118645
0.605085222825
0.583682292764
1.16463385185
1.06154967329
1.12018808175
0.551892191516
0.740765505408
0.55635619058
0.930798597225
1.36344569866
1.04126344596
0.612661148412
0.820406045492
0.931161971311
1.25780443844
0.458271608372
0.619104623813
0.520078609855
1.22561610261
1.32972086016
0.527088944439
1.23075971171
1.30314818933
0.781277944704
0.592356568844
1.1889471877
1.02881441567
1.22237193844
0.363861411149
1.12205701028
0.403889653893
1.1493738279
1.12369689315
0.439046926235
0.695522490091
0.662602138776
0.818896783331
0.802238813309
0.333906811304
1.02379437603
1.34072704125
0.964345895533
0.287966778076
0.64321539566
1.26013553638
1.07578401928
1.12704113753
0.711821619463
1.3044223456
0.425481109551
0.757956657862
1.03693841874
0.331035194643
0.971159984931
0.808166323996
1.01948794855
0.715076888078
0.823476899987
0.548233372295
0.931999920991
0.621342860438
0.882867409386
1.1137521706
1.20576439626
0.279297134776
1.20123915962
0.709462759908
0.434769444449
1.26855522976
1.08449611253
0.822273821344
1.08354837678
0.334662222869
0.896806261868
0.697159965389
0.891904919541
1.2620376506
1.21843934809
1.0939877511
1.51402555937
1.07876574087
1.34064154993
0.710847746577
0.525049054242
0.682789916756
1.17623742778
0.371054139672
0.956946281128
0.707295852026
0.618192068886
1.04047975516
0.365701207631
1.10246855447
0.426138982558
0.764219019216
0.922620800475
1.29782987878
1.08464398084
0.436862138862
0.716761594335
0.697815199607
0.909868214945
1.24297408127
1.05943639964
0.478327076774
1.00306549114
0.923948155695
1.10010416082
1.23022559759
1.01380001009
1.31176514666
1.3127613301
0.966558585655
1.29057391109
0.914628692984
0.745796291639
0.545375927639
0.428605609367
0.95534852793
0.321649154852
0.78703171023
0.438911061114
1.40759394473
0.747872275086
1.46007674107
1.27812202497
1.4160850191
0.502591037239
0.227047131182
0.390138722015
1.33097321646
0.887371845562
0.764706352472
1.10392204131
1.01311195715
0.633246422261
0.72268767036
0.433748175405
1.24011717923
0.522275832139
0.524419001667
0.448266531614
1.17279703579
0.405141405917
1.02146852886
1.27800179393
0.76464917437
0.909979699365
0.499657431197
1.35442989393
1.561045933
1.3059363258
1.55680989057
1.23025409103
0.955339198868
0.374268506478
0.361412106922
0.504380221188
0.904544311321
1.04285514005
1.30275433943
0.657206130578
1.08897386954
0.795992553611
0.735110477625
1.06736021609
1.22373915435
0.245631387799
1.02578839058
1.02698729214
0.945511334604
0.419335814441
1.32998025069
0.928567172533
0.434157735523
0.491628088585
0.517075247714
0.325426493861
1.32098454987
0.491836787969
0.63878050658
1.15391428236
0.637549734908
1.35796419095
0.841586943327
0.908572677659
1.24254331654
0.511451286545
0.788386300581
0.460155697325
1.01125674615
1.33530693815
0.787670090483
0.451692757424
0.590244471512
1.30256129647
1.44326369633
1.05132655937
0.875583523701
0.357863403558
0.360526454117
1.04825066474
0.304548500849
1.3883933249
0.346300474707
1.17842630135
0.538732658632
0.988485239668
0.999347966544
1.22709587639
0.70861748682
0.979456388352
1.266575433
1.32022826254
0.319505456321
1.0052938213
0.49670624207
0.848426453846
1.16974598
1.03566035353
1.17654444434
0.530139779647
0.39493755343
0.930837079146
0.831945745842
0.718604573944
0.616963442435
0.892084258054
0.929914594005
0.736401858877
0.952923358883
0.979706614057
1.39692630657
0.549789680603
1.25812774343
0.917991416015
1.41876045217
0.411781575092
0.247996831002
0.386870654397
0.410392461078
0.861614167149
0.432849872707
0.677263497608
1.26817778717
1.52605865661
0.77820113624
1.245028872
0.502968202078
1.34675517121
1.0917690762
1.0794848223
0.421919418777
0.579539424672
1.17826476324
1.26659283847
0.657080110077
0.938234357032
0.733801456427
0.44702321925
0.742605079057
1.26804677751
1.18462039911
1.11551901346
1.25766407165
1.09906872776
1.00895336039
1.08038049203
1.01101329818
0.407902751385
0.247210425193
0.60621600252
1.04714961451
0.697135014903
0.941456234081
0.465457771426
0.454189858744
0.287458409699
0.734311596589
0.353694814208
0.402231521898
0.475276178875
1.03460506305
0.72047351961
1.44928257124
0.807475618418
0.433554318749
0.424689341895
1.05641128288
0.712005521538
0.780846790684
1.56939274363
1.0931671631
0.952560073015
0.371782605105
0.675467748567
0.625559869848
0.591158938851
1.38649776785
1.08039104764
0.982053887279
0.456004212017
1.20656743106
0.689697135689
1.39543465658
0.665444782335
1.17766884825
1.11114047703
0.593472937713
1.18296042596
1.46636521207
1.42082767717
1.34993678282
0.901312672757
1.37838455185
0.877255301274
1.1488832325
0.352186303488
0.502383680489
1.32571539572
0.66316396038
0.854065860036
0.968590460413
1.12159252722
0.822395358042
1.16256209617
0.920114867111
1.08835344471
0.596183599973
0.430357325779
1.48258537076
1.1869263285
1.06323387069
1.16008366246
0.255253521702
0.804008950218
1.06469316752
0.559200778646
0.795121322475
1.13200537734
0.835036422907
0.372871828405
0.810670576341
0.591140861514
0.59687818333
0.363212901046
1.00784215194
1.00877965594
0.92798910269
0.881399482244
1.12208865639
0.269015593352
0.946525278044
1.25307321498
0.744893234992
1.09912847017
1.30697614872
0.886518482861
0.501467048464
0.856312344172
0.460111286364
1.37504679669
1.23949514665
1.21050367719
1.15095535324
1.13894530252
1.16282502503
0.73505606476
0.578293015362
1.00225101087
0.659594444517
1.34221927783
1.25843460055
0.548024255843
1.2310818576
1.36377783168
0.423070037042
1.03686505746
1.17679006499
0.445277364246
1.38523854377
0.161764565541
0.347845346507
0.734753394266
1.26921110144
0.487151890972
1.23620891149
0.985041521741
0.466065581781
0.907994325218
1.01122411133
1.37486139598
0.855317781751
0.972214913629
1.24877086567
0.735894605771
1.3254722339
1.07771032411
0.529598848507
0.454650241958
0.905579933367
1.4558878983
1.25412657999
0.907064372517
0.773439024213
1.13911527195
1.31308411176
0.672810681767
0.746430218454
1.16187245818
0.985554591804
1.32871811478
1.14028279709
1.21951012637
1.01021200308
1.13837246194
0.823190846659
0.425915669661
1.02316306876
0.784109067129
1.04590915741
1.16261255865
0.907316040447
0.974179505169
0.990423496108
0.449043902015
1.25317406225
0.409544900906
0.680204736304
0.947440426584
0.824873961669
1.20096642434
0.738216621331
0.55654880074
1.36951748845
0.332728700875
0.558960810702
0.857876277939
0.837478702102
1.0383496549
1.0378572379
1.104980448
1.02544526855
0.930271749959
1.09422644924
1.13751967828
1.26046624677
0.924035785111
1.00376284351
0.84045060555
1.19852876166
0.953937393475
0.414647193359
1.44315782631
1.00139455867
0.403379810568
0.510816152641
0.50116808544
0.821203049267
0.402315857246
0.698967722105
0.62973886012
0.41122901804
0.959446051336
1.44035936114
0.259648394203
1.29744969885
0.649450423233
0.830050047142
0.830824471
0.953642565093
1.19605770753
1.17830827107
0.257858188684
0.78477681374
1.0106301668
0.746101568848
1.50800045016
1.08859291642
0.584509380216
0.531208834643
0.455967229411
0.690175066648
0.535864232564
0.614456031598
1.10616072094
0.758004933735
1.23201836376
1.37986864883
0.947460837507
0.946805256744
0.642798544527
0.406153270083
1.22094062689
0.630505102061
0.856013577826
1.0224252086
0.669430328183
0.523044264012
0.24108122083
1.21004440188
0.580291248464
0.435412090699
0.64399047987
0.283717907016
0.954341491113
1.38232449807
0.567285500048
0.421194366809
1.08599094274
1.32767140779
0.963256177299
0.365177370614
0.673154120835
0.609516636175
0.513165220956
0.848071657646
1.15655052114
0.723366628885
0.461163660985
0.567462024011
0.699407545854
0.536453864103
1.15350182175
0.395107765546
0.930933921093
0.765338812133
0.986821073593
0.481435394558
1.16510253288
1.00199782602
0.553659339374
1.23951516799
0.820134354238
1.39608374195
0.496289087679
0.39390106222
0.631967729255
0.876885463453
1.26767303585
0.698224295229
1.51081411949
0.485526541173
0.765181444825
0.576956146934
1.32388724666
0.986232774638
1.20577489544
0.474306237367
0.861040867602
1.17772726855
0.694069421933
0.679521224682
0.577662865557
0.566421198849
0.284283008328
1.37518951434
0.459614310422
1.10460303295
0.918056304261
0.188241764439
0.39508360901
0.47873602855
1.29828714606
1.01957508687
0.601276551589
1.36124363517
1.32333393498
0.44319821349
1.20200692918
1.22737705938
0.490288526284
1.01163879501
1.44914527914
0.506182956608
1.14943058174
0.544597176051
0.993487578267
1.16034685429
1.10514184459
1.05896903409
0.571225915899
0.303500419714
0.871580340444
1.22749170883
0.912802004838
0.610512561259
0.700284755719
1.12372470268
0.690434607646
0.857944323952
0.402771143712
0.519508051302
0.362156683141
0.523596335019
1.41921073638
0.92381370335
0.820356583329
0.525659466158
0.590812650224
0.957896825677
0.503069668936
0.590503350677
1.14603507868
1.18286374888
1.52455066942
0.823400330528
0.419976273259
1.1552591319
0.762082619768
0.250649854216
1.10130669035
0.363743865173
1.21225912328
1.17963464335
1.06473467504
0.225116226732
1.24442004413
0.917525891205
0.20052610434
0.548222403471
1.19742673628
0.336178454889
0.687193509791
0.819185626839
0.623113037087
0.685322677265
0.793151014365
0.865883689147
0.628223124683
1.19897610329
0.540879494312
0.718144138947
1.02073998926
1.14901193757
1.16228669697
1.17603696605
0.568718561417
0.763256107681
0.57656346784
1.00088920526
0.784482354655
0.460121771627
1.11429960953
1.30207571226
0.743195017483
1.22581957914
0.472548816259
1.20304006045
1.13240697771
1.17473196739
0.585014369653
1.54096672242
0.627658777974
0.450966116554
0.831547786788
0.554158015281
0.499750090372
1.20176394826
0.356343850188
0.383495587613
0.676851503011
0.811511480308
0.372395455331
0.501652380451
1.05745477055
0.810833886691
1.11092690712
0.311980503546
1.02003384144
1.06676786966
0.387547448831
1.42446293304
1.39462099147
0.848118736915
1.20301462068
0.37865189963
0.86725457861
0.795550439336
1.0631752301
0.262135309739
0.657750564472
1.05781272548
0.507848888471
0.853113773252
0.928467500183
1.4178381964
0.838200631018
0.769478644453
1.26686725478
0.894283710253
0.520772784139
1.58722645429
0.671938421004
0.533235771232
1.15325084914
1.00848658035
0.82086803762
1.05677167967
1.39602680919
0.552013680859
1.31919588998
1.17815867286
0.357372689636
0.776437745959
1.49319981622
0.82233069718
0.292726736791
0.507707484933
0.534253686123
0.938849314914
0.778609874426
1.09385263341
0.455796692076
0.559665383838
0.24923995163
0.963449293898
0.923022912749
1.36018112965
1.19716225159
0.638458693157
0.718497071416
1.32747929877
0.75010091456
1.32085680033
0.469359026034
1.0008769996
0.78363492522
1.0887690063
1.19627898818
1.21682172925
0.602554172906
0.436562096266
0.751576654176
1.36672695409
0.569970188475
1.21195189901
0.463951789852
0.70615442371
0.929748296606
0.556800901944
1.1345089091
0.972862813633
1.00857324889
1.03698222589
0.861015716271
1.3118410761
0.456783741631
0.51468419522
0.942523136812
0.419300975816
0.593595875284
0.783900358305
0.923837562436
1.60615309746
1.02074559014
0.978686873129
0.513056071515
1.28055830267
1.22188586185
0.379920537866
0.754829461042
1.22651943067
0.917185201479
1.11924886454
0.986326375559
1.19373982725
0.600653757904
0.880749557157
1.474301338
1.57706282449
0.956282410985
0.533686240741
0.99509419312
0.996594095926
1.26140170427
0.810761516626
0.986975185458
0.374639611237
0.539725700024
0.863678615668
0.629880969471
0.772881426656
0.344264908281
0.923752480486
1.12063260663
0.587660292766
0.666044833817
0.704142832201
1.18144200013
1.09918037413
1.11150135681
0.666613103035
1.4556262356
1.32090882762
1.03996507505
0.784221491781
0.718351188571
1.13374537796
0.542379520606
0.401041999066
0.904348401026
1.15137178589
0.897895100719
1.28061994333
0.413391718324
1.53807880844
1.60818778843
1.32725520436
0.407362047971
0.805004805234
0.688965224326
0.657322560794
1.0052596789
0.20576256596
1.33771964377
0.755730342692
1.04730383584
0.438335949405
0.534971656374
0.636151682659
0.497280235298
0.382134195023
1.22093428185
0.265926903418
1.19040520009
1.52472159729
0.711960305738
0.501480837791
0.569192253117
1.03974666253
1.24920018179
0.997093691148
0.974859009636
0.655744103584
1.08288651164
0.699901504605
0.519511361676
0.598721510505
0.39427299324
0.757712749681
0.381111115325
1.25315061506
1.09296554878
0.901576442912
0.367829412044
1.28564904114
0.774789832838
1.24894767022
1.27168250827
1.16653498634
0.968257790937
0.294797835103
0.721511531459
0.608619525255
1.56787844799
0.761890372693
0.654504538271
1.20651294897
1.23844506564
0.927511068653
0.588538416289
0.869176719048
1.45043712445
0.674052980109
0.774844928871
0.377215096864
1.49419511524
0.635848272557
0.695500727265
0.717188391429
0.899361682913
1.4433291572
0.542214260525
0.863288512032
0.491547052316
0.926102610681
1.38163977118
0.690252717153
0.844631703305
0.648036000243
0.161128149058
0.555173541203
1.23656713639
0.778207208507
0.240536004957
1.28257183466
1.57058412822
0.360275220971
1.03384921137
0.700588701059
0.642565664843
1.50874056218
0.644362248983
1.23357428387
0.418997334206
0.397172145805
1.32118632777
1.27379562168
0.676846649547
1.13305162388
0.604546231224
1.28856187149
1.14113763472
1.28266335957
0.848870452349
0.470555501175
1.3628274679
1.14571504524
0.24189077265
0.876857468918
1.10453529673
0.405825092139
0.880297593993
1.10972014924
1.23042365062
0.647777766113
0.381641845268
0.599413463802
1.10664676733
0.455459416955
1.10064094528
0.395570828504
0.802937566052
0.509294879165
1.08155775717
0.650225020594
1.21897263912
0.634632590347
0.882981050979
0.523903049844
1.44473804988
0.913479650577
0.922672837988
0.851500777959
0.688071765523
0.578005493145
0.887563018873
1.33221521658
1.12719325196
0.822004671602
0.63817076435
1.54522559942
0.578988685722
1.25223048098
1.15842330189
0.632464645409
0.532735577153
1.57062710122
0.539838325551
0.619019378474
0.826248236577
0.369756489594
0.539540816172
1.02016013336
0.617490669062
1.31530536925
0.914384634779
1.22501285421
0.488703506288
1.01947856172
0.872035955368
1.19640139343
0.999304934772
1.12324993598
0.616460986712
0.908096191826
0.787182517076
0.691800589471
1.23423437421
0.483747428599
0.441103084623
0.732222562319
1.12334908991
1.38858411399
0.611103276381
0.491337911033
0.755713790435
0.716906732223
0.588931377302
0.396650042243
0.706395191933
0.814775232825
0.513947544715
0.434238184795
0.803104610686
1.42652054415
0.708651815857
0.597986049775
1.46650522652
1.06978653771
0.944550952683
1.20363099054
0.609045857622
0.683870080275
1.38285048834
0.542028738504
0.861215580845
1.02854431127
1.04127239421
1.26834319033
0.872387093637
0.604446133024
0.631140018113
1.17349590473
0.803193282361
1.40818287474
0.584081738951
0.287791403463
0.307099249967
0.84483944798
1.15274245935
0.397536009092
0.334632361888
1.50794855937
0.978746027435
0.900475452203
1.12085371374
1.19756953835
1.21884291372
1.04111299696
1.218612838
0.615223326292
0.650972173243
1.08061189811
1.33884630843
1.21662846851
1.46434417317
1.09522719425
0.534073137936
0.53964769138
1.03895863381
0.477184733648
1.13172391816
1.24597179995
0.44263037094
0.9294656736
0.893141532919
0.996073551432
0.834311318998
0.886728712913
0.653610074141
0.856469077619
0.773750056963
1.21234555908
0.899830436223
0.778740046728
0.904635285679
1.29363027654
0.459799065711
1.01683537509
0.550555675982
0.725722233309
0.845480790045
0.515055392861
1.14692862963
0.358123214286
0.838559125458
1.52867806663
1.41010906876
0.877401722837
0.652630117668
0.629460783074
0.294503674578
1.29648960443
0.704921183269
1.29542277981
0.6789665717
1.30728477923
0.563283739656
0.548509678796
1.20268588215
0.677485137897
1.21839056629
0.571272299783
1.26886668098
1.2196929797
0.582719319013
1.06835793156
0.916633954027
0.623316175476
1.44503274798
1.11091554793
1.04360214959
0.924287210461
0.501967876605
1.25397459545
1.11672701871
0.499688648998
1.30693635114
1.01872936085
0.968293380855
1.0448324435
1.02388779557
0.375539613988
0.275765901356
0.781923953247
1.06045169253
1.13020889683
1.0946813564
0.506475405211
0.659153804296
0.726009687319
0.510343184585
0.455333593792
1.27448761394
0.481921873358
1.14539324635
1.02035063953
0.734734785273
0.565130227621
0.474466689944
1.19614665091
0.898531106419
1.11372725335
0.671819187609
1.31052087831
0.584983072634
0.896786246897
0.682263569838
0.96154924819
0.904049567369
0.991700792073
0.460994121811
0.3626312689
0.775666954642
0.726471221614
1.00187708821
0.502801246953
0.547850545189
1.32859897569
1.10663147228
1.55058903421
1.13397875275
0.52753310024
1.15788313077
0.909360740548
1.2065673936
1.1511805081
1.27069449236
1.02681405268
0.794521088891
0.635664728654
1.18058952957
0.838863509874
1.3404128692
0.526366303757
1.01384778143
0.856909282553
0.736153171448
0.544199020415
0.774686099441
0.503607205688
0.536236612887
0.373661526181
0.331277365505
1.69291717817
0.80096787298
0.317127942727
1.18896921029
1.01408249203
0.500302393213
0.534085484325
1.30494086944
0.363656336247
0.908038664817
0.863345032805
0.326557305021
0.99340075435
0.607570699814
1.09017592284
1.16316419456
1.26892819988
1.19151792667
0.497903529557
0.742834668688
0.994646675674
0.901291283288
0.787622172155
1.01591793289
0.949629045476
0.836582179711
1.30074783841
0.498702789393
1.46707265044
1.27409895305
0.293122941053
0.499202432941
1.19671694842
0.576056852992
0.861488600755
0.846646862547
1.34518386716
0.805968800257
0.62546559209
0.98357875092
0.775529807501
0.917563858217
0.350184749013
1.1463661923
0.766804652955
0.858490492714
1.0774715627
0.636526472921
1.16901969971
0.429919214113
1.38196814267
0.451988583139
1.34017623697
1.25592249
0.734060090585
1.20000514038
1.06640019883
0.600406747982
1.43525036238
0.867676925794
0.784135668722
1.23113419913
1.06038945446
0.675105709358
0.976515447047
0.989357198144
1.0334748385
0.93274356908
0.908104771106
0.788595714184
1.49255328737
1.45215525335
0.66043773966
0.775346174268
1.05766386299
0.840796486301
0.766096519842
1.37369367577
0.764899043348
0.529455932378
0.836139005094
0.618201967438
1.02146129411
1.06342565203
1.24266685219
0.423030255453
0.386999208046
0.443773184856
0.659584013738
0.255407842105
1.35530255244
1.06183289275
1.28695419232
1.26906679719
1.37822347621
0.763405547759
0.274938889606
0.580796865583
0.444962971549
1.42081809651
0.660226198586
1.1234134068
0.876410413536
0.474490893358
1.19041880188
1.239134033
1.33602937352
0.86933271935
0.79061441892
0.630303880209
0.848581381332
1.06140107217
0.480218151209
1.23181577684
0.81009058829
0.415831156233
0.5984187206
1.49953626277
0.807324276547
1.1462243177
1.10806354731
0.436899332256
0.953363866589
0.452223145891
0.688518637634
1.12515623833
0.490213639644
1.49334549706
0.763676592723
0.72260852826
0.371205852677
0.816523344397
1.36370521795
1.07678433962
0.437754338184
1.15291413248
1.22034651531
0.780538090163
1.2241215923
1.24161518793
0.532936980025
0.966082857704
0.814315283444
0.9171441003
0.858017466208
1.14415112725
0.430908208409
1.28144274454
0.781290838774
0.330202339129
1.09224036205
1.17082341024
0.66075996794
0.393265321235
0.715934388747
1.46506112497
0.918237769514
0.690115638776
1.37770932036
1.16110097498
0.416136788574
0.520255277257
0.921208909554
1.33338324078
0.729092774153
0.99992840156
0.435683050376
0.391796564228
1.1947545415
0.584999974253
0.903703262631
1.09313465388
0.856001970568
0.641373341756
0.547779544521
0.890232427799
1.1689381432
1.01251361507
0.806331506729
1.38305301896
1.46869359056
0.556353146539
0.523364328886
0.408678342023
0.813602274476
1.20975408499
0.377747871398
1.18503529122
0.628045415019
0.773893745094
0.387343927531
1.17942204829
0.558058596873
1.30262323871
0.516322104697
0.758143662326
1.02428331193
1.32146933671
0.437822715189
0.657437745461
0.95899656421
0.311660109924
1.1225488858
1.20757132605
0.452683170828
1.41868028047
0.435898946883
0.909721133039
1.39498361361
0.393063927006
0.75395907809
1.23036030498
1.18508190983
1.35746623972
1.04814715455
1.224525904
0.702999734978
1.22027566268
0.563690311926
0.91993667015
0.745366091533
1.24363459501
1.16687325883
1.11095738773
1.0392149547
0.757279334756
1.27150487624
1.33863271744
1.00244623003
1.4705803011
0.519327435706
0.590291520424
0.479107139509
1.43575931059
1.24264736519
0.872810986926
1.36679782266
0.761410367793
0.906219081717
1.07445467348
0.542381461807
0.729205105056
1.29114116631
0.700748879023
1.25565920878
0.830912571842
0.602377272641
1.25842103184
0.412734550182
1.26675297216
0.676948290198
0.961326065882
1.29876351349
0.912959229502
1.15283002632
0.818647441009
1.26745097226
1.08677507663
0.426144239804
1.41554762261
0.53166269897
0.797635332158
0.57979466959
0.897705781839
1.19494995788
1.04779933883
1.09975390028
1.3871455293
1.25107123686
0.335411640157
0.619311995111
1.14342132029
0.670842991518
1.39498842163
0.872098145316
1.03893785151
0.714019378352
0.921565707954
1.00863148533
1.24617215742
0.929046415712
0.678095273816
1.07846808945
0.657828970378
0.516652645807
0.75338612863
0.635371490206
1.09035339642
1.1125948632
0.647122892929
0.980264925891
0.571401934311
1.18446293912
0.57470955683
0.976762315256
0.429219954316
0.868769531366
1.02362491585
0.409323180751
0.958796197137
0.46886159754
1.15468046069
1.1277522176
0.528573307176
0.855187942046
0.464642184894
0.952508174665
