0.605877176996
1.21249585125
1.14133050503
1.0830519197
0.883231180437
0.371611678516
0.616087392541
0.140114313592
0.864024210612
0.679368021829
1.33529206426
0.986835929344
0.828220985951
0.423906748636
0.569319617957
0.287725031221
0.327237477802
0.68608372309
0.742910497206
1.5036088368
0.4336669839
1.59226201993
0.986896166864
1.3117276959
1.1320549116
0.94506037628
1.34659156177
1.30925018635
0.827540868178
0.480883874086
0.690018552652
0.334409607325
0.638448318177
0.463098247327
0.659209987401
0.344811644098
0.503310133015
1.69488739034
1.10312842432
0.525102138534
1.09389203922
1.15391299058
0.857947377951
0.495743307801
0.76342135076
0.330231173359
0.885502828553
1.21441058265
1.32203779591
1.25217635053
0.650256595226
0.704071877216
1.4353428614
0.662260390242
1.15052428166
0.420075756887
0.801022358087
0.930554852614
1.29996054419
1.25385419696
0.565828882442
0.655110082762
0.638202003581
0.940972844441
0.64765192769
1.02503173292
1.0259321023
1.168105073
0.880242302091
1.21927765262
0.937155133793
0.737212922966
1.08707396809
0.900559650429
1.01184469667
0.598672719392
1.4470259058
0.883378034117
1.05446107832
0.478386450206
1.30361518158
0.3478285065
0.737243609473
0.477112209609
0.546583619011
0.564232261448
0.996131360165
1.08318106781
0.810673532544
1.39838581635
0.595129256551
1.00404981289
1.15866944719
1.18431315135
1.03442998706
0.971144528449
0.720958766545
0.901206017254
0.766541821741
1.25186721124
0.507040336387
0.782566742882
1.15278926728
0.767134358185
0.955188158025
0.348738632418
0.705802712183
0.381523811764
0.823845736708
0.881848374065
0.686910026569
0.828932006341
1.42675921536
0.664766639932
1.05098864402
1.23601821801
1.02678319786
1.3354267608
0.35528647226
1.33597546067
0.745964497881
1.55663238757
0.924964634985
0.625331743111
1.18116832093
0.666875971687
0.931732699268
0.420957456517
1.18071515437
0.753025483901
0.43152147047
0.879953706357
0.827023334353
1.17178958868
0.63285941971
1.17983680076
1.19021314264
1.34868027568
1.1331370802
1.35238400443
1.20609102384
0.561522643074
1.03102323643
0.541064431815
0.621361745003
0.929251430827
0.451590590254
0.451905319802
0.469814111462
1.11505006867
1.20162140666
1.5576018523
0.866067984003
0.528949390997
0.618274239435
0.80522411546
0.6305165798
0.527348308998
0.572864186123
0.494747752411
0.883182697126
0.522850167408
0.962865420204
0.627132190414
0.777361258281
1.01389330889
0.813889139632
0.408495383668
1.20989741547
0.772182477529
0.428573824208
0.493032073774
0.820640600307
0.845748223074
0.684753188203
1.17472289052
0.521612869321
0.62874546007
0.721673534692
1.31702939939
1.42218604305
0.577962039289
1.08954077745
1.02939965331
0.839288245332
0.535024072897
0.873020256553
1.09146754133
0.950609795481
0.458427150913
1.14436777489
0.658331081159
0.900106971963
1.43636033917
0.737283384598
0.788427595057
1.18524869532
0.486341393442
0.492382926654
1.66863144805
0.983723475309
1.01554205451
0.60925610855
0.603064569271
1.60735160485
1.27203562059
1.33226322539
0.588415558778
1.1489991334
0.846979775325
0.887971386416
0.592255544
0.569546344677
1.12002262822
0.638273905225
0.563517509871
1.0410118176
0.883254252366
0.877156802872
1.12665903879
1.22428981969
1.15169168013
1.26993614042
1.21609962612
1.0184015833
0.973434320581
1.17552821573
0.966268531856
0.268965800602
0.687505757623
1.35438425384
1.1411404889
1.01088986993
1.19048176514
1.13126626487
0.398695150088
0.470416823785
1.1358915322
0.729539596575
1.03224923475
1.01797270726
1.06215454328
1.15820212904
1.06528096399
0.597935155185
0.517703983472
0.504220728873
0.992238764204
1.10764313082
1.44755747388
1.4085085884
1.29406274876
1.17482611851
0.871365669597
0.632792100935
1.34047020918
0.423750250239
0.731410969165
0.449434524795
0.490178523586
1.12441427352
0.656398952245
0.689297467758
0.979574182035
1.30575239618
0.998943523593
0.450497662328
0.746826923159
0.545813502729
1.42656214779
1.30237320372
0.927828247976
1.35762076647
0.49074343693
0.999114308277
0.486558370606
0.785418125552
0.905785142824
1.55418509816
1.27038106591
1.4637508241
0.803376556089
0.851199000303
1.52178017768
0.976346129521
1.02031410163
0.609178767269
0.756452071678
0.522026930944
0.524308325285
0.982979251945
1.15803072186
1.08181965291
0.942234917642
1.28815891399
0.650463819531
1.13764366712
0.429728298244
0.738863189268
0.622888435315
0.501605135815
0.494025319768
1.38360232494
0.809522668475
1.02176915998
1.00632639303
1.20913201793
0.427051502472
0.396561216481
1.1356477784
1.19738356217
1.47829676245
0.997584110122
0.894556910732
0.166413162114
0.763613677347
0.824725381382
1.0367241302
1.30930869455
0.439361430749
0.641974442655
0.408214013384
0.454775966406
1.0502746854
1.17065533549
0.533558945068
0.88031956611
0.787324866121
1.06738279018
1.20053366086
0.493296195018
0.975157021152
0.892329647208
0.784987037027
1.57994354425
1.19734531782
1.25662873967
1.15950238676
0.981184804241
1.56610340675
0.539266816422
0.809287239369
0.780608991267
1.07225706715
0.685069028009
0.965566031977
1.11696080254
0.821016290775
0.59336735773
0.970856832366
0.610731101581
0.700660267693
0.42508091423
0.596822839732
0.965447441298
1.12996209767
1.24978914681
1.0282568706
1.25293240567
0.87258010065
0.991836680038
0.523612181451
1.17960524691
1.51512917774
0.716000190981
1.13498952117
0.751120739117
0.560211592779
1.09310877545
0.617732403378
1.22532868238
1.08022172565
1.33837895584
1.02103583923
0.572974472016
0.575331761029
1.16924741222
1.04454934686
0.551930156282
0.346001158249
1.47792761202
0.723584959501
1.11068796123
1.05569119815
0.456842049317
1.60092944888
0.707460958895
0.994710156503
0.72061546604
1.18520877745
1.44608079539
1.21889681122
1.14827249782
0.885228040228
1.29124857048
0.569148330201
0.509300164113
0.380724016245
1.02271485628
0.733570133345
1.12145393437
1.05764474299
0.820559140837
0.46131540554
1.13488884322
0.733411507069
0.499762168456
1.30074206907
1.19354233431
0.816526054623
1.21368766196
0.941433694239
0.25103392112
0.488598559247
1.62470497042
1.18743182917
0.350832413808
1.16500886903
0.442269734204
0.794937256829
0.421181012745
1.26774563538
1.09662028135
0.9681308281
0.807557617561
0.644236976368
1.12734312838
1.10203690006
0.679893874846
0.598759589612
0.672953786656
0.845112700202
0.506529782139
0.388207568866
0.471796120633
1.26533640394
0.954293538819
0.903480469635
0.663921659079
0.583528904387
0.688753744101
0.21810676203
1.12878379496
0.442724913437
1.2732068037
0.335807603334
0.848470442059
1.4891383732
0.419640474942
1.09737287921
0.920952199202
0.904057534925
0.801890373684
1.05675461479
1.13854249816
0.47125097684
0.601178574538
0.267321120212
0.461006759857
0.602995595255
1.06428991639
0.380049377454
0.693575931425
0.551493870661
1.13757991931
0.574747999529
0.61926217542
0.551176174294
1.08063246506
0.535759944638
0.995484149276
1.20083650565
0.520652296904
0.936900729714
0.614894843857
1.21136193212
0.596318630783
1.26803437835
1.57058735134
0.860135119145
1.06372632394
1.19006433751
0.571348490031
0.688028062869
1.22389059211
0.565663545345
0.535850419768
0.765443983068
0.962257463903
1.44007499369
0.405115539564
0.556235683581
0.506241511263
0.299252201934
0.610437156797
1.14476989983
1.06185313344
0.827349261544
0.405553745173
1.48724840454
0.673710810977
0.690131490676
1.16792744328
0.787755838933
0.813301921953
1.04098277266
0.422408546419
0.867867289433
0.479605712696
0.430319106102
0.574420862933
1.04613485751
0.548211450978
0.77069084204
0.514462746764
1.04059468052
1.29103459487
0.860609064203
0.644674741064
0.635525634135
0.229982226123
0.454363011675
1.2634118453
1.26920785531
0.695285304086
0.846366292015
0.82444737633
0.460305414109
0.775847536986
1.06591971699
0.821307787297
0.989061496521
0.990783234612
1.34078267778
1.00698217689
1.11063746519
0.873854407173
0.498929793592
0.894400501173
1.24099901458
0.534223254294
1.27274489754
1.31582929587
0.798957765899
0.854677545711
0.875646181358
1.20312724123
0.902867840249
0.355093431288
0.782100432685
1.11995521218
0.967338728395
0.16605421968
0.352139909009
0.489880563114
0.244135594653
1.4338332446
0.595850515588
0.411481421801
0.639162195134
0.592547686433
0.368543277542
0.897290071721
0.448671083423
0.484184639749
0.37854250702
0.543941270839
1.40406594316
0.432835642336
1.41691354925
0.969898455667
0.586607947316
1.00528423034
0.825305323689
0.362992770724
0.879429922412
0.427084658696
0.543515451757
1.49884501343
1.39678022341
0.207297463973
1.09786263899
0.979622514905
1.30330306837
0.45264085865
1.11276744802
0.783123695668
1.13802358092
1.21658325746
0.654887621163
1.29684398581
0.584062523368
0.976139161915
1.10930104244
1.28335439223
0.567236820596
1.54739695571
0.358886879112
0.977202993395
0.840859226751
0.584559022443
1.32175596422
1.06045960066
0.979982458185
0.893134536878
0.702386305743
1.06096050033
0.600071508913
1.29732267839
1.53856671202
0.72952029686
1.09670778469
0.484186114303
0.875969704215
0.633861139797
1.36841599265
0.59955013276
0.0881808199575
0.967010886807
1.18942413527
1.35613306035
0.936283801469
0.867099810674
0.902182771772
1.00639551538
0.441568808846
1.01528425885
0.463065827984
1.22136958714
1.13057998756
0.725706138965
0.542459789981
0.434138780519
1.38515797545
0.721076111728
0.475410196057
1.3123862296
0.476374746399
0.61381861841
0.533566122741
0.562346487221
0.573589593214
0.891359137329
0.383356687745
1.30205032631
1.42105366188
1.11562077774
0.758890287786
1.35748799347
0.457344846988
0.639674542384
0.881725317494
0.69381006624
1.20098082623
0.812603185624
0.741020063588
0.874976329072
1.0774879484
0.601701671874
1.22087736794
0.967232224311
0.39310592751
1.07417297832
1.37421472823
1.15378041376
1.07737574729
1.38202241745
1.56429041646
0.743567504156
0.613478628145
1.18304910351
0.904843653673
0.947665935685
1.57283844839
0.932150365933
0.635812742696
0.599930366661
1.17152013159
1.07504814051
1.17340569834
0.731590481985
1.31406218733
0.752287601971
0.35698334768
1.30056298439
1.28934577115
0.83099666466
1.17724977433
1.08523797213
0.915745257933
0.520358317745
0.657947366692
1.24450159593
0.811955014201
0.974843672734
0.949937655109
0.951119104469
1.5699440151
0.864991808203
1.22766878299
1.44907778106
1.28031502545
0.559121373443
0.287487656988
0.898332170477
0.93437368332
1.10910653777
1.30868473909
0.441856892168
0.47596532255
0.845168720945
0.523399600032
0.616907822431
0.595838880808
0.481584275793
1.43622409577
1.35590146494
1.30463245832
0.77569394106
1.56251870556
1.08395319664
0.657598326248
0.56420485098
0.943512134808
0.3100698249
0.279689408888
0.26986110755
1.62832265741
0.905818497057
0.930547841994
1.25084201838
0.450028568577
0.364748288464
0.902409004376
0.967893096338
0.765929673511
0.854775807547
0.553246587199
0.978628364613
0.804353566499
1.00342151274
0.761550439746
1.33770402106
0.466216378179
0.697108233063
1.26541135524
0.681387893123
0.365928762783
0.813978394266
1.09401126376
0.864621297114
0.545710918727
0.70785796577
1.04993795925
0.976443634851
0.912453375305
1.16137564026
1.25633360383
1.24030864065
0.89157000876
0.997522429486
0.677739374549
0.393122522598
1.18480061575
0.463044056372
0.660760896679
1.17096995218
1.23616709947
0.606495830798
1.02627778011
0.390685329778
0.939142548263
0.515312664186
0.916093324522
1.28052037448
0.70032095312
1.11459126834
0.552941632295
0.637970368076
1.2568140999
0.715998899735
0.586662843265
0.393197204914
0.565606547513
1.38261043114
1.013915146
0.683326120157
1.47044824122
1.24894320182
0.716436638905
1.15651803669
1.21652748791
0.648285819906
0.659071294174
1.01711730877
0.429443119855
1.01556360261
1.43978351584
1.42738411426
0.642652070105
0.418333056233
0.541071880051
0.70317282248
1.50165242309
1.19703362065
1.0783776776
0.559488134166
0.783613913543
0.657433063594
0.683562596477
1.00396385503
1.43060730795
0.783017140416
1.10394108937
0.824753731299
1.42704809393
0.478127458318
0.336137083909
1.56733228531
0.733460349434
1.21975481991
0.693250342481
0.824957984686
0.811275917802
1.21419619567
0.682253889217
1.05613711806
1.26440547365
1.08152004045
1.15974126527
0.440293941932
0.664319528013
1.21076826744
0.76782057395
0.509214067052
1.12656937814
1.09347411069
0.526390707605
1.17578546317
0.587199186399
0.783208155881
0.361080717286
0.302233865667
1.20685503907
0.50234865701
1.00249771789
0.903793270077
0.915928931727
0.786117043113
0.475982543028
1.23257466545
0.772591674184
0.993353058344
1.22926907791
0.430761478083
0.811817258756
0.821395986312
0.790026694038
1.07688981155
0.522710599417
0.544032201908
0.452592830892
0.533693434518
0.361256399012
1.2855703926
1.15222419184
0.601772916275
1.24136226882
0.92375565658
0.333066076774
1.12918113989
0.535152923835
0.396719363724
0.360432815979
1.00040790551
1.3518157686
1.01932238174
1.14812864396
1.11510091343
0.436700433714
0.543722791959
1.04605134417
0.974386603509
0.934694288048
0.883563116634
0.634417998101
1.05953875039
0.81641821534
0.698086369862
0.22391501245
0.883098293132
0.875379679485
0.812044435826
0.654621561938
1.51399978588
0.86595876653
0.831240181633
1.14383019217
0.955502436481
1.14282283922
0.374870706523
0.432687908708
1.51891534165
1.0564935419
1.24103509686
1.08289280665
1.13030018846
0.714619202249
1.16503790145
1.24254168081
0.301646294279
1.32349711373
0.713474679527
0.670708364049
0.468894751088
0.499833415844
1.32334169382
1.24900748381
1.22017216836
0.684095785555
1.31360248655
1.21204331163
0.931100282862
0.621052889157
0.82824355989
0.981076505843
1.02275831432
0.522352766163
0.555030322635
0.623442867718
0.736093096093
1.36628076778
1.47877195804
1.24180942243
0.502401064709
0.680672413222
1.10199797684
0.632151948387
1.07250812432
0.330778345841
0.72543822798
0.621336950251
0.496679298725
0.679996336991
0.576365546741
0.943363356978
0.813746298763
1.43681615593
0.682470667245
0.411969572415
0.461585434817
0.656351392144
0.958131347246
0.960984448311
1.01791110154
1.27301545361
1.34345441777
1.25156422239
1.24063498432
1.10085270378
0.602355776527
1.15715795599
0.465026455762
0.46765077138
0.554531073095
1.11154979308
0.656327334302
0.675686527887
0.883922285214
1.18882647902
1.20976509939
0.392312385544
0.925257797334
0.526288514136
0.728927388334
0.919586802045
0.708839499945
0.669276942324
1.24246348484
1.55217972885
1.05251283087
1.10840768228
0.580231342084
1.13782522917
0.946805507754
1.23053203571
1.4256357096
0.484605818919
0.193287855581
0.877468747173
1.03860374548
0.307551652358
1.40047008356
1.2995283563
1.57329990772
0.815648312035
0.751985805159
0.397652273487
0.630465247679
0.970172130585
