0.510377905406
0.567568152208
1.2422858742
0.495926070354
1.28727594146
0.816070938892
0.638909584654
0.816787505081
1.00791145045
1.29012379808
0.559520372374
1.05433255238
0.871464375654
0.667897874823
1.14223526202
1.14869243648
1.4978609222
1.10192659909
1.2441958381
0.481675479537
0.973295362441
0.550629146248
0.873092471357
1.16457963192
1.51351611572
0.564716942139
1.01616499526
1.1738806378
0.266577029973
0.627002724344
1.07333641888
0.668711681282
0.900245001446
0.977073596563
0.43365111208
0.265549787765
0.650092646578
1.45892355209
0.342691691706
0.861754397155
0.734046593101
0.982926757289
1.2512983967
1.41077013402
1.15330299931
1.08077370769
0.419664445434
0.908367038556
1.20822979355
1.24470551986
1.19781814585
0.750294413479
0.360228944768
1.55021945813
0.660190448885
1.18071102871
0.826428087378
0.930720561063
0.637937989697
0.453375347123
0.458910763782
1.50690834715
0.36513035857
1.5480508763
0.339639573865
0.655292998718
0.925468335188
1.12919057927
0.920843542685
1.19279808397
0.532560423802
0.457089367125
0.409855439288
0.427777895318
0.967568017934
1.08125755789
0.546105432443
1.20553112157
1.28140136926
1.38839508554
1.08745723545
1.21682418769
1.27036992136
0.46063942339
0.509455832698
0.793196441362
0.979320192877
1.13644112269
0.366420455879
1.01522464543
1.34715599028
1.21393567957
0.957309011831
1.11471506093
0.905271033529
0.597527597388
0.661720070984
1.08432237235
1.50363705572
1.31599313471
1.21205929112
1.06247129577
1.19112638626
0.891361597518
1.04484415467
1.24775030247
1.11318573258
1.03420533531
0.47430712728
0.618135659992
1.16428086837
1.60204662232
1.30046570766
0.86182206466
1.03165125712
0.280393502083
0.622546329468
1.25572322422
0.847540446592
1.03100439628
0.759646067124
1.26487808576
1.16819921089
1.06026349017
1.0897553869
1.12811012407
0.754346009924
1.37873125374
1.15150043035
0.73406837152
1.46200976379
0.506417297312
0.509255870066
1.05597804048
0.666930790952
0.336370719024
0.727968567154
0.459465911412
0.716220907103
1.09211960743
1.24236362712
0.595450829675
1.07112002259
0.340099154615
0.890790173211
1.01212172368
0.940664301311
1.02379794293
0.330444121094
0.620934885253
1.25091096786
1.46315676691
0.940561199034
0.625507930085
0.850640564358
0.425083451022
1.10684827619
0.687143796156
0.431203880621
0.910733918321
1.13752206697
1.11325412009
0.945818917268
0.812567641216
0.591844594158
0.494849736416
0.25046805621
0.653970995308
1.31994706413
1.33196733343
0.746356868123
0.489824541281
0.416687621471
0.534887567698
1.21160244521
0.583918798658
0.812459666493
0.944660212918
1.36870635631
1.23743397878
0.60476499415
1.06113210491
1.17254965102
0.45756827572
0.434050565991
1.26000969917
0.857555081885
0.664423607903
0.41277586038
1.05165894559
0.562139186434
1.50267929301
0.78789438962
1.41298123676
0.492377676955
1.14366671501
0.447900372342
1.04836790487
1.54185776811
0.646987204863
0.57554443844
0.904621123676
0.553705490637
1.39112504155
0.523226920169
1.44996663573
0.659930398927
0.981321389308
0.788951157456
1.48585796675
0.907612035368
0.650108486291
0.873384319529
0.710998252912
0.530648093499
0.95070761696
1.05520228526
1.05306832788
1.54851902088
0.688877473758
1.13852826488
0.579462111232
0.485811107198
0.832135824183
0.522921671561
1.18541893408
0.393167950239
0.447898220104
0.641932029118
0.675704860402
1.39761638031
1.23915988906
0.512558931294
0.61058941089
0.956790755975
0.926397379393
1.02054017859
0.939014381974
0.722509884689
1.2230347729
0.93889312237
1.46947126816
0.92796487681
0.954972726658
1.19395991875
1.07365350234
1.19604619716
1.16294086709
0.420131975337
0.320314124751
0.796862297451
0.55076897639
0.651048352069
1.32354458103
1.5255490213
0.515793701834
0.367460629231
1.59077290002
1.16455818481
0.869623243032
1.05729737791
1.4120526926
0.863651696426
1.42378952886
1.14418858301
0.996015804586
0.999225695244
0.44690534506
0.935010094316
1.19867182527
0.74032861844
0.749536101435
1.07840253002
0.806822930578
1.0568689533
1.50955001688
0.774676500782
0.510549250313
1.18983625193
0.440559786915
1.46237441156
1.23616404523
0.852707175224
0.754603972531
0.903333799828
0.715314760159
1.09186439541
0.602179384306
1.51543251716
1.16867220277
0.41900572603
0.903670132395
0.4079087609
0.394050675052
1.48079779924
0.581211648912
0.541497448354
0.586166258284
1.24836268273
0.877940403562
1.10105592878
1.03809523406
0.723997541901
1.38538569056
1.21475371612
0.74457146286
0.486626537106
1.24863339759
1.49547907012
0.955959702329
0.581573540604
1.16437230838
0.92665106589
1.3578620898
0.903546727717
0.387557701817
1.00872056408
0.702514225618
0.808202452797
0.886084983175
0.839153599407
0.972276477033
0.941058989236
0.611608366369
0.418890634707
0.642875039843
0.923964400373
0.458746941128
0.533811923001
1.53818514673
0.703892216937
0.990077515207
1.62472611727
0.6011842575
0.513229420767
0.469206523726
0.682669045983
0.974054336973
0.740730948538
0.574557741504
0.808591257457
0.4262520654
0.239595033065
0.612339481097
0.288609921814
0.924908461683
0.948561832389
1.13920972653
1.57709751252
1.56072251157
0.810632588047
0.582428723149
1.02441740562
0.981556633182
1.16959686831
0.852787553657
0.805545248142
1.20666958012
0.65399517387
1.13928709676
1.23731165309
1.19403481806
0.615059645566
1.10156151747
0.659209362851
1.173513598
1.36316865652
1.23635653167
1.4412128101
0.633810710064
0.590317530205
0.742251468505
0.494785216684
0.823718918159
1.64831685181
1.30695293923
1.52476870389
1.05259268947
1.22532377876
0.668022415543
1.12861203948
1.3221845253
0.996104071468
0.280295008997
1.20593924636
1.1753983607
1.0710666869
0.52974771717
0.453230518453
0.435523844102
0.62843890535
1.25082074674
0.384126621101
1.00586329523
0.351388760481
0.778967310922
0.871854479457
0.678564185227
1.1597670737
0.667564346465
1.03478998318
1.58504151075
1.41280021726
1.08135667573
0.696692346707
0.499169359572
1.12861075626
0.371138404146
1.11120437394
0.88250456287
1.39265110548
0.651570336912
0.344864104002
1.02394513766
1.20514734052
1.08735710086
0.59461393409
1.21958874178
1.47183602102
0.958518250789
0.797057569345
1.08504115216
1.26760387524
1.37075875941
1.52719797454
0.410429035445
0.782248971098
0.888304934544
0.589935309184
0.833413382533
0.557918479213
0.647328902402
1.47259804351
1.37847135149
0.856313857098
0.876379247323
1.22196718656
0.637881904794
0.576880652744
0.67013842211
1.15650109432
0.746295908968
1.21707604197
0.915349083914
0.715614165238
0.953149629455
1.09241529409
0.779124793365
1.43810346425
1.08761435751
0.665962887881
1.39155155497
1.3046762243
0.613180402012
0.790742708364
0.443243827162
1.07880646577
0.485889610053
1.25296167447
1.08090922267
1.05056382363
1.04365183163
0.418775949852
0.671826681948
0.904971963906
1.02878939585
0.534761077707
0.54827204296
0.558617476128
0.833140898101
0.88981518527
1.18084613142
1.12631902502
1.12510513819
0.886409577115
0.689207996713
0.605534644366
1.26416465739
1.11938009371
1.3962474336
0.461325290984
0.721031935342
1.10384112097
1.1697676775
1.44952773724
1.18295553628
0.254523885275
1.14781647292
0.652650885436
1.37982534204
1.21481909873
1.25184920709
1.00263238767
1.07469592765
1.26776422713
0.852017241273
0.319681437987
1.26679397159
0.741223521342
1.14374760142
0.88306206391
0.684003622743
0.918650679457
0.97202161244
0.775540660194
1.18705036886
1.20724329295
0.415057876364
0.988662594741
0.788786371853
0.431280383941
0.642993344564
0.377292350067
0.491396111261
0.670881419652
1.31916092553
0.811823231649
0.705281454869
0.93945651728
0.474822553175
0.3745548251
0.463803782613
0.468195027589
1.37346817247
1.05832378551
0.602015854748
0.672188967838
0.820838537723
0.761208139623
1.36123351313
0.691121216896
1.35454361934
0.899477324076
0.771518702767
1.14249519889
1.11701724481
1.17735189873
0.400863192169
1.0211323488
1.15355289842
0.666946464362
1.14401550585
1.09241683233
1.03586688428
0.66700906888
0.961954325927
0.468502663239
1.08776351057
0.565783737548
0.821477500931
1.46753829078
1.38710509749
1.1483316707
0.79213090661
1.07357561251
0.595880514518
1.00070979269
1.31182132682
1.22768992439
1.31825187736
0.455882374105
0.408593503837
0.420065890255
1.07217326039
0.521473394005
0.615798208229
1.45072567569
0.531922361508
1.21404608612
0.527181965869
1.0495919701
1.10528004174
0.567115281786
0.773064837013
1.1331018551
0.678227909116
1.46001234695
0.6775054244
0.883335187741
0.277992315356
0.804892892265
1.3648826528
0.611891563733
0.515143215122
0.690110757121
0.498936249464
1.27573094117
0.655241922893
0.293118154354
1.63447957632
0.566598390712
1.08522017497
0.644158324798
1.22313006673
0.538589579807
0.921139064102
1.26841809172
1.38963658155
0.299755422281
0.658927138708
0.849772814078
1.06685494828
0.431002855865
1.19639074375
1.32011056252
0.787639743764
0.52339321854
0.68545523744
0.671711307202
1.06884703702
0.755510362483
0.364231163633
0.948130310884
1.34280975738
0.665039947406
0.447247551095
0.676308142139
0.556880521741
1.37463981955
1.02031871353
0.61762313884
1.3606938475
1.15974365707
0.857583393064
0.909869719812
1.31233020768
0.747185946171
0.39231677047
1.46114287205
0.517293449281
1.33169099459
1.49908253741
1.04841848917
0.457196613509
0.990463199438
0.416352527945
0.384072910042
1.00951270383
1.03374584759
0.484635550663
1.5342505914
0.806355292827
0.581705562723
1.34595620935
0.810183921553
0.87646007855
1.5085772041
1.22339047567
0.875585137889
0.532689227951
1.22168615986
0.621773671734
1.04747734182
0.999130499275
1.0590396907
1.03028555702
1.27958074326
0.714426787951
1.11763080857
1.17200965785
1.23773624954
0.58320289365
0.830221017612
0.675008603561
0.966973056124
1.29774231137
0.444990091065
1.36489757718
1.00362470026
1.03822643614
1.00620921018
1.04681033189
1.39153255751
0.6842419559
0.28855866097
0.617922571451
0.488167632972
0.392196436685
1.13215567509
0.724963074187
0.320352967804
0.376444515058
0.930172212322
0.375715756857
1.34564118682
0.30267034814
1.16898544663
0.730303870954
1.35484526038
1.60712630324
1.00213477732
0.595095066998
1.49859373898
0.509606222326
0.204913155259
1.33746968355
1.25451664225
0.633720621638
0.397892668654
1.3207462114
0.789519020226
1.5019596452
1.17058314578
1.23695573271
1.0035654686
1.09750284232
0.563262733247
0.418514561198
0.700886835462
1.17491488836
1.02786556701
1.14687700593
1.07460779861
1.3034147231
1.13257164962
1.15905079131
1.05731502085
0.354152892473
0.808858417698
0.66431546744
1.02899110838
1.20393360688
0.595744765165
0.609165748696
0.98032190965
1.0733313946
1.44213525407
1.37376574855
1.37912839593
1.09088806119
1.18091834193
1.24760898583
0.384634587032
0.414820382346
1.03313566538
0.704939613384
0.592355150173
1.37465640745
1.26409240319
0.746415481529
0.534175675271
0.597159239934
1.23845518966
1.21183617208
1.2672512565
0.564959430001
1.17535447575
0.889564206327
0.256128970888
1.20513619043
0.826121982973
0.693892030127
0.82015826018
1.20998738057
0.796794402155
1.2874517856
1.21887665294
1.47356757635
1.12636478255
0.982142950734
0.585481246929
1.51096194563
1.34994981935
1.10754695625
0.435528840797
1.16014457562
0.616004173989
1.20246431412
1.21593108639
1.41639229776
1.02000918345
1.25229033064
0.413610802953
0.517445683814
1.09120485472
0.988434017155
1.20634856131
0.723105781571
0.989844937104
0.398391786535
0.757297004959
0.807122928038
1.19304723484
1.27572042224
1.1542424135
0.521155262195
0.895536248989
1.09586603291
0.995231494604
0.423241019335
0.385688271237
0.74674275792
0.847163216386
0.629929146918
0.864533128017
1.09592916945
0.604410873422
0.622477830369
1.34062961915
0.33400858289
0.829714189178
1.09630702404
1.05694544468
0.98154015567
0.433593368908
0.762185685277
1.1042689354
1.18699697233
1.42856623706
0.883800728068
0.738865794129
0.530358891678
0.595001423427
0.861263166534
0.477497094111
0.273436869262
1.19508142854
0.714055737249
0.982054942787
0.714499682989
0.842019688542
0.794149846881
0.296684340668
1.03365209917
0.262385327959
1.35212325828
0.66428884267
0.726192378143
0.488623058332
0.926865184341
0.344029396703
1.00681862117
1.17238319206
0.828532897565
0.957405023345
0.752770361267
1.05610378867
1.01961557283
1.46874737265
1.20109149842
0.957552650653
0.585687288778
1.26237496828
1.4643769656
0.288081354573
0.701678140936
0.471473353969
0.662719318264
1.28939253679
0.744155135605
1.53380527352
0.449021068812
0.698932906337
1.08879223557
0.524170962281
1.25151831497
0.236432854145
0.647947780038
1.31898945869
1.33811794046
0.747707475801
0.962583834548
1.11535674774
0.695540507779
0.600477064182
0.764459106603
0.858531471562
1.11946292048
0.351681944689
0.841884598085
0.861706308282
0.461075936467
1.09834771669
0.467505774969
1.31253168699
0.658351879475
1.05454885299
1.04807841951
1.18240224561
0.867106834969
0.392931070294
1.12260845087
0.750117397232
0.44007143369
0.540635231832
0.951353179418
0.916833160987
0.498012763837
0.336094857785
0.89513441303
0.933925161918
0.554584475885
1.21942958908
0.8641233547
0.430934580539
0.825013136797
0.919179016305
1.28171007967
1.26084323925
1.44784700757
1.29966161872
0.849373408606
1.43807337664
1.19593314127
0.69075196388
0.775245262492
0.359647564115
0.865218592966
1.00225942653
1.32027952665
1.14143396718
1.16437036658
0.652905400444
0.784319885072
0.598993241139
1.05531326065
0.909214648096
1.0507371594
0.957956731537
0.683956371584
0.371647170943
0.580325035291
1.26547657812
1.28523582277
0.507569134663
0.445551060113
0.532065955037
0.36749694464
0.478816621724
0.676199385363
0.441674154221
0.705616729941
0.897603857315
1.15993314169
0.722651242163
0.309002574691
1.21094241139
1.07331036699
0.323754121971
0.613194972108
0.692450194308
1.01953663347
0.701758844596
0.83729956414
0.804957564644
1.16024419781
0.514789301229
1.1273432372
0.841145077523
0.442856903226
1.19404189358
1.20557419882
1.13445905973
1.01550159147
1.05774610795
1.39200980683
0.574372578602
0.561550956289
0.577747661526
1.48823079679
0.589386887145
0.791863889703
0.910968187176
1.19968182917
1.14684048992
1.03276543235
0.46515141541
1.27043220748
0.664836374029
0.745043779031
1.16837391563
1.17465807474
0.86530288577
0.499258514992
0.850688381893
0.765980826079
1.05168288532
0.998613845727
1.17379687549
1.45459791233
1.12649350973
0.592687250502
1.0100448565
0.982919488298
1.18057695675
1.44714767382
1.01295727247
0.949248625975
0.942542715479
0.843455748778
0.723059480079
0.620563209762
1.02108572228
1.19986856756
0.469588468223
0.619803235957
0.83411291513
0.488171912257
0.746301575151
0.372645020142
