0.702850253869
0.526795839307
0.437821723782
1.14233895763
1.14636307811
1.31442388595
0.472125588794
0.249284617606
0.630373554786
0.505099429304
0.514103197385
0.458794971527
0.434796871459
1.05280361266
0.589982878687
0.701891369234
0.763472446958
1.1902538175
0.40457234446
1.44410177467
0.782038626401
0.47937035396
0.552836854303
1.36984576971
1.2705826473
0.79383991459
0.374422413387
0.812706620323
0.586469312586
0.565953988649
1.41283076731
1.19546544078
0.965306978046
0.523642550941
0.536282896421
1.17921995827
1.44324583459
1.64062072598
0.461400419144
0.634883148478
0.313166715419
0.733524193119
0.44532530864
0.903825262879
1.17503993682
1.00679757893
1.02072078875
0.937329901789
0.792350695578
0.770584928486
0.355931033788
0.642812937366
0.522972286243
0.67711894819
0.917765875919
0.974278637729
1.06326792285
1.44712689084
0.318017111225
1.25888733416
0.933885650649
0.356574824225
1.25661742629
0.713098087041
1.43400197321
0.378294119468
0.446485545593
0.513559516306
1.22864240148
1.23786566866
0.637515458739
0.392641745448
1.12619987652
0.473368040072
0.74424272522
1.3509014271
1.44597352392
0.490466655796
0.629202801851
0.556467388718
1.09478069014
1.05895310249
1.37971702119
1.16998532051
0.754275054653
0.836646932546
0.874956718082
0.542586919525
0.6038338879
0.771075938953
1.0752905595
0.766230573326
0.458935933019
0.56259378059
0.603642862929
1.24940637551
0.678193563315
1.4082532955
0.718191499087
1.14717528273
0.724101284794
0.994430132246
1.1127478863
0.968631468266
0.347929819118
1.1467904331
0.471613383125
0.772211884065
0.952802163355
1.02228777413
1.18136070807
1.24736005325
1.15610281008
0.976010624446
0.794795745552
0.778602751421
0.346925773265
1.23422198023
1.05806857706
0.599512480854
1.26115909527
1.01332770761
1.13115563559
1.32407424694
1.19628320611
1.31102462195
0.397412983792
1.07436872515
0.980513261171
0.341478064705
0.591289246158
1.0048929658
0.885237069082
1.28693669787
1.02654278772
1.52000601364
0.642171615701
0.643889174233
1.11334291715
0.519913810849
0.520003277363
1.01498920117
0.813935060448
0.824948787488
1.24479459883
0.210335965418
1.12715542314
0.64011204714
1.51759650198
1.53186301222
1.17213415041
1.07018643079
0.515876306557
0.87228451351
0.475109412894
1.30836352348
1.12471963262
0.627857745456
1.11458639699
1.52477474942
0.783986924808
1.58957549716
0.78499835156
0.487771909021
1.04044642086
0.850538439106
0.931809420301
0.468434534012
1.03705916929
1.33684970605
1.17128005947
0.612509017783
1.51065200146
0.473887056357
0.786906326195
0.708337273687
0.474013669271
1.36053991132
0.51736899623
0.394177997631
1.2077885024
1.21928887432
1.18388847842
1.29342963301
1.0737641455
1.02280652666
0.378465652345
1.12487895376
1.30149779287
0.615862619471
0.321500125254
0.711081729095
0.584229707907
1.18178353257
0.721784273121
0.97847214792
0.337986371549
0.924087659147
1.08896374894
1.12757409833
1.18689064232
1.0315654662
1.2546587894
1.19544957615
1.19223449808
0.664606361535
1.04226517153
0.789208011338
0.850582360137
0.355260108738
0.34830755119
0.760786417661
0.778421100871
0.317256441866
0.537787867487
0.595351803763
0.40598086068
0.599838058509
0.350741873453
0.406327336852
0.635088220858
1.36876815416
0.884305531199
0.9074908455
0.985154539311
1.01819387952
1.33209860876
1.02666727752
0.547329177729
0.934908254056
0.783835183567
0.32203125795
0.836859492179
0.361518497718
0.805807282759
1.06881338792
0.797050441974
0.441209552162
0.691820642144
0.580730562784
0.819288634188
1.5578309877
0.865967390322
1.0123175345
1.16737479199
0.752599303359
0.886175104357
1.16952107384
0.851780036651
0.436749008575
0.710415597634
0.99607505623
1.35524093492
0.83927705216
0.691967915342
0.903455418328
0.671377521463
0.97654616639
0.711076162243
1.09049759995
0.915907170641
1.3437441272
1.02618365337
0.777802710895
0.767155416664
1.04331191213
0.565968172705
0.806416380705
0.929323848368
0.759422003324
1.18165490585
0.533998207122
0.762230191178
0.436166262879
0.869556049099
1.19532040209
0.310506425198
0.944628468566
0.381047998128
1.05442638168
0.271959904188
1.06690930534
1.10229560059
0.865209887738
0.610088083123
0.526558766196
0.730835968501
0.54475221014
0.808013069546
0.964087021529
1.15545888062
1.22979823658
1.29973873332
1.0526741587
0.604293438194
1.12027095753
0.349309172652
0.982459642004
0.962034522296
0.975489347452
1.51738256907
0.52196340041
1.10254923055
0.508290550806
0.496772824654
1.0041664217
0.830046841572
1.02257357789
0.380911051333
0.672056218641
0.506266434421
0.999633497807
0.613174705531
0.820751071375
1.02545841102
0.575274402217
0.35215818383
0.147778237154
0.381417789506
0.859410273508
0.352004288121
1.18287766788
1.61231449681
0.959286640971
1.35952655796
1.14162959754
1.12709903907
1.29196328309
0.863552125428
0.735871710074
1.15855494114
0.538005997585
1.02606086586
0.752059980713
1.34450443355
0.678180442252
0.303747260787
0.676127691766
1.45600606582
0.888018560951
1.28438526102
0.550505739611
0.608444190363
0.830033911349
0.695653657643
1.27542534176
1.36610980637
1.20899494186
0.765880741258
0.625523613118
0.923169056582
0.829974152377
0.602733755582
1.46703994329
0.849012270777
0.840558902477
0.536686164094
1.10269894346
0.99046511077
1.45065211798
0.528480684878
0.699044229332
0.390766836866
0.904564936868
1.17065538113
1.03506756872
0.484437467926
0.347967528176
0.326866220687
1.38992544271
1.50611661773
0.83110319491
0.691399573756
0.316335333071
0.534912912487
1.10343820648
0.484638482813
1.3232309497
0.765235242641
0.300828801208
1.45848316432
1.30551940843
0.991411636462
1.10740986224
1.39417539574
0.681178928887
0.977884968866
1.00234883967
1.31419485509
1.17831352434
0.53008087684
0.589521512043
1.1448290167
0.33200548776
1.22181360126
0.923726342113
0.981414649174
1.21079754626
0.377131924996
0.665541882384
1.26268808659
0.615060103769
0.907633510513
1.09954904731
1.02108100775
0.363522904808
1.26396710596
0.737029190322
1.31484235128
0.582759888083
1.00494462815
0.623325437126
0.613401460672
0.436421692808
0.458322691092
1.12709943099
0.921775157169
0.756890923572
0.651244286677
0.616222759663
0.602408155019
0.576055610119
1.15830643238
1.08135645777
1.08291431958
0.389548731607
0.64605971007
0.844462760343
0.415898001382
0.934122830464
1.20194557282
0.495748941571
0.996405081858
0.505829357153
1.23562833511
1.56944289172
0.9830323553
1.18961043257
0.458154226976
0.289990486358
0.305516624507
1.52253050076
0.771074167338
1.30974467595
0.688225597205
1.14104025117
1.10696665576
0.69567182797
0.715010369294
1.12444355399
1.22802646367
0.343489960616
0.351847474131
0.513547290999
0.30528486884
1.07350819847
0.580027908706
0.994330592207
0.740183180684
0.711888217809
1.0086683896
0.514657288145
0.676307622736
0.941232952513
0.940894355635
0.655473750993
1.11707494722
1.28813777405
0.548199700051
1.04205745063
1.16756239236
1.49183243272
1.27484802163
0.752035779634
1.00278516734
1.23818540688
0.717973189671
1.14490873707
1.18835514228
0.563746034464
0.629331742896
1.46317858949
0.776520561859
0.980757048506
0.809437356412
1.40208082792
0.831654552061
1.29868955972
0.683055525873
1.16674710715
0.646893639778
0.618919811828
0.981013799401
1.26599008212
1.21357820331
0.435935798868
0.593080519362
0.74498326781
0.22831515957
1.25076777046
0.973589783141
1.01076782535
1.1456723471
0.634785276804
0.588133445886
0.517661778337
0.411275926015
1.28394086667
1.43663211929
0.977713256925
0.683697129805
1.01200775607
0.661197010118
1.22853179863
1.34284720612
1.13546327134
0.806084980806
0.702410881199
0.543907427432
1.21208344325
0.578743648111
0.611813758462
0.825466327137
0.656156840885
0.668191668382
1.29067778462
1.17174428358
1.1201649708
1.03062350139
1.26221814231
0.302505864234
0.812884594655
0.411820396073
0.54409668637
1.41719545247
1.3258999686
0.49135991593
0.61261172707
1.02956217733
0.529593420985
0.847579069537
1.15908782711
1.26549561911
1.33522238464
0.662162024758
0.745789406597
0.809906507047
0.429771925655
1.30622725724
1.33843953193
0.544788556987
0.473672720848
0.931336649986
0.664668356417
0.397078115286
0.820741493064
0.531138269766
0.589159126385
0.543569743256
1.29845856499
0.99125180986
1.14336540941
1.10906994432
0.433099870061
0.524420263309
1.12965801768
1.46952523964
1.3415195056
1.09560042915
1.157690436
1.26490068765
0.982229609087
1.09668871767
1.30778498918
1.13887856256
0.879616029082
0.712688598355
0.781446854331
0.800241805447
0.724439171896
0.850871895206
1.15484864268
1.15678553315
0.535371989682
0.357596586865
0.896499552964
0.567253121664
0.900125961965
0.43201463082
0.461334053771
0.701786584316
0.75705686723
0.922514697519
0.759995207661
0.376161385615
0.50083756243
0.674536925791
0.328701224818
1.03574289609
0.968278471715
0.290862262387
0.842446931027
0.769864130507
1.21404065331
1.37621303293
0.666444648083
0.578050242388
0.93403719686
0.947836173134
1.20680335286
0.688490906487
0.55323315064
1.27589622264
1.10643041684
1.36686530754
0.991402923565
1.06649602507
1.14751261057
1.23501433193
0.369713189299
1.04742066753
0.594007303808
0.711429473057
1.19519634713
0.545819402927
0.511109406073
0.889184702945
1.19095159847
0.59062273557
0.928252552229
0.726136817742
1.09806801774
0.804948362137
0.477210461075
0.641742321355
0.770913004426
1.0529235915
0.673197024969
0.762158569209
1.54205581212
0.464498271134
0.426110793969
1.33259742394
1.31902058611
0.452190653068
0.749950282668
0.534978028968
1.00308536838
0.967853899397
0.969278228653
0.39181158904
0.337735459037
1.08311261838
0.373317751621
0.855123476297
1.06093753499
1.50289000242
1.00407366945
1.04960451765
0.534023946557
1.14242555913
1.04398435556
1.33106378717
1.11607694957
0.367480961828
1.00082329867
0.6821899447
0.726962352968
0.349841465166
0.750914454824
0.653066172053
0.33239184487
1.10048960223
0.525980317474
1.03472126263
0.752999532759
0.766065544192
0.775625115651
0.536590526262
1.14208700954
0.680888503077
1.13246113262
0.626593899242
1.22126370752
0.64621889046
0.83866197542
0.683387575218
1.34214463436
0.964504755105
0.999144229195
1.09173328659
0.71605247358
0.859357365331
0.532003009941
0.914184926986
0.613060663202
0.53093543557
0.19746596156
0.679006001057
1.12648075946
1.39246310061
0.548830002472
0.561012794956
0.598008829149
0.925938442022
0.607054329723
0.658816988287
1.48945991459
0.831655484087
0.603005433937
0.868089247038
1.20081344166
0.333066139087
0.806875953725
0.709020370216
0.606565367945
1.05575550518
0.475644968947
0.696156675454
1.44994441277
1.30158210461
0.922566972237
0.625587343436
1.33347881039
0.532486739789
0.970057209744
0.807377490096
0.786321886371
0.781486517594
0.676122611645
0.54973856654
0.624916243978
0.5197148493
0.94546752345
0.773684501208
0.681822371014
0.927718133257
0.337019836012
0.906175428249
0.649255941549
1.56058754398
0.496095857423
0.620039082623
0.234328745055
0.614242130483
1.01987068899
0.73250167245
0.590559865644
0.951270442692
1.23409862423
0.745357032732
1.22819317183
0.891129995911
1.04165539236
1.15958813168
1.29096163929
1.43871369586
1.45364374101
1.09369779453
1.01706393447
1.01467930488
0.447532348922
1.23715165484
1.04036791935
0.689420615518
1.13326794024
0.429745977277
0.925787874317
0.725021476604
0.587089463338
0.505057951651
0.623819635252
1.21691922657
0.971997930553
1.22475395827
0.446514653848
1.23066945839
0.804730644206
1.33016128372
1.00003525181
0.498489102793
0.567133201387
1.13776554329
0.651551415547
0.45200627889
0.752062883214
1.283766126
0.838373206243
0.918461427879
0.530463300338
1.23174954049
0.484037493861
0.603833222109
1.16774567506
0.898333262298
0.940496794992
0.315364062998
0.500979572002
1.2069495001
0.578496212791
1.30203713885
1.13518143155
0.615194764882
0.963138051607
1.09018470142
0.597168965666
1.09157086029
1.37170606714
0.792144187176
1.20403821421
0.798079153309
1.09412463471
1.01322355825
0.381058816636
0.60091836649
0.411906494281
0.450372926397
0.492741200833
1.26385850937
0.513270906435
0.964115467532
0.7634954812
1.25366005355
0.56413960822
0.425751010538
1.01490156558
0.788611196058
0.553523874504
0.403062180015
1.31371956623
1.11122070155
0.77299731267
1.02349571085
0.694412524383
1.08296277789
0.656189007628
0.823774979211
0.926737031573
1.53007626795
1.00185352572
0.74988224097
0.943260886411
0.403206356313
1.17535184936
0.470700102603
1.14294984429
1.03156113512
1.26159305131
0.68357790775
0.996848078239
0.641559194726
0.642891711916
0.320575982287
1.16095467174
1.47270415206
0.921274383269
0.977012875254
0.406493138422
1.10807081187
0.374590451718
0.324155709682
1.31360034252
0.630340318748
0.322971405693
0.886322037003
1.32322738014
1.3000408476
0.552314367858
1.03647051424
0.993865546256
0.761662527772
0.697527431603
0.678317853118
1.04155102443
0.928747791679
1.07596526785
0.764076210407
0.815406149058
0.97746408866
1.14044044162
0.894837870439
0.43280516229
0.48290836417
0.925275635267
0.688773520485
1.23093328436
0.546283484825
0.469896681115
0.712346920905
1.25050999524
1.06069250879
0.868722438971
1.31406401884
1.34024145568
0.95490292698
0.559925557369
0.8617068442
0.731032561311
0.288530666862
0.767765238353
1.46655825578
0.792427855927
0.700968444139
1.00277699516
0.35760223642
0.649108801327
0.892766087457
1.21193379785
1.044456926
1.03497316134
0.891401914665
0.575565158652
1.25588824064
0.656091027608
0.386965847853
0.522706319341
1.47506876504
0.543995275761
0.359323181113
0.448166359869
1.25221853019
0.832674160865
0.735066812345
0.777467160526
0.394191553734
1.199869842
1.19469650518
1.04559678073
1.15964465663
0.338662306549
1.38953923262
0.520373931078
0.581865051308
1.1964566789
0.691396648093
0.918006858395
1.14627293898
0.527349168426
0.468435948962
1.08961621222
1.01892333794
0.669232053428
1.4419299164
1.03228793125
0.614995346126
0.206143178015
1.28780396151
0.553974900694
0.441945093538
1.11864101547
0.600890341956
0.642758789884
0.744274707865
1.20632960918
0.583902270154
0.820952050142
0.391411026558
0.879065250573
1.19363727318
0.582240523177
0.619894633672
0.304045340201
0.395843213148
1.13785306705
1.28866109088
1.12360557873
1.09413574837
0.877327609009
0.917603814229
1.30653744528
1.35908630272
1.40021120078
1.04792102108
1.39957680587
0.877642812927
0.70432449632
1.09761256287
0.757397505396
1.25710721044
0.648504109674
0.475932100497
0.985976046572
0.996767307626
0.64040902365
1.07965340434
0.449750383049
1.36925446857
0.666298091705
1.10128075417
0.808497051107
0.769023673594
0.963855194883
0.938456329792
0.37455651622
1.12309065601
0.327345805137
0.704085901478
0.409643774243
1.17400102433
1.01514001058
0.547115932633
1.19851828196
1.12778041683
0.59383420782
1.15310937979
0.793044834548
0.530368558481
0.472394421141
0.490654907967
0.366233334275
1.04999978406
0.36241310855
0.703681813757
0.977179756543
1.21955984168
1.27238921314
1.17584037713
0.485200040561
0.643935806613
0.823930328225
0.541656359053
1.14398682627
0.851421244869
0.263419259559
0.64866408586
0.333964405324
0.922273648749
0.945067569747
0.58666486762
0.794443003178
0.981598243859
0.894241969728
1.07182168264
1.24548161512
1.18369868464
0.3610737224
1.22116203744
0.44195659358
1.26781756094
0.52489447043
0.565862020169
0.633263478489
0.720218263091
0.639795004531
1.24681474752
0.532907767868
0.608731205165
1.34512700198
0.401040239394
1.31761640295
1.17666135548
0.964476241422
0.605180251491
0.799688308195
1.12072077886
0.850044728932
0.203816240117
0.478385279426
1.14808020385
0.945446117284
0.754121924249
0.937270983742
1.26281634876
1.14714984997
1.3349934048
0.911996950232
0.854218387882
0.438148652427
0.378254822912
1.69537229829
0.951391145883
1.23005669042
1.35577329617
1.05263256725
0.536810501397
0.373032057029
0.822382110665
0.173574201268
1.23166347851
0.400760830283
1.36230854784
0.652459239494
0.984389064223
0.71311714997
0.520057227446
0.879457020911
1.19850006986
1.23256290659
0.748631815497
0.635146371002
1.4311008272
0.592022347998
0.54050374316
0.518623910363
0.416901430974
1.09128008656
0.840615094546
1.0493681286
0.678724569973
0.583181692043
1.53199254491
1.38312478488
1.07192603281
0.435527775235
0.677281649367
0.852083407975
0.555860649201
0.560886604785
0.499013587437
0.912543341158
1.05801383514
0.580458335519
0.901319321328
1.13911694175
1.00973489983
1.02316647173
0.85853522802
0.619558083845
1.22855376979
1.24741623997
1.01294346077
0.414950003028
1.23078079889
0.500178681613
1.09845811349
0.773308102215
1.27607129792
0.521244899093
0.775138399818
0.435862984309
0.647842366458
0.631450549979
0.400234909434
1.12062959283
0.208424469598
0.504331023818
0.601027002771
0.928801843239
1.54267977448
1.60535720487
0.540926196369
0.906400434648
1.11681989011
0.436321903328
0.801184252407
1.34635318335
0.426404641172
0.373635395613
0.334495120855
0.543024380671
0.36774148208
0.666316030697
0.713065608783
0.494159939135
0.776989772194
0.459149114618
0.761605923528
0.509535310599
1.14968479185
1.13659435297
0.972082317971
0.269287882215
1.46100462358
1.09625328969
0.525834561834
0.602839111672
1.06496971229
1.41269428301
1.2906322398
0.76683809445
1.44560902091
0.868754961976
0.358968467292
1.22247904123
0.367709365328
0.625228580661
0.937737585567
1.00235981516
0.348874871955
0.880267984523
1.11845121265
1.08604567927
0.852935989939
0.522248460544
0.568252254485
0.750052655655
1.47237594915
0.857058710086
0.503007745787
1.4384239554
0.488971982921
0.673662304196
0.268158641461
1.11039208386
0.588008491455
0.458235953076
1.04793294215
1.29596453586
1.08406446754
0.750520234324
1.00286673674
0.349367810973
0.831300932331
0.81654062398
0.952644458534
0.729044715356
0.780297103028
1.32332861708
0.458258480007
0.598387307352
0.667768626659
0.840971311766
0.437482105119
1.22819860932
1.17736654001
0.463288042986
0.923027973808
0.495343321009
0.517641342952
0.45532582266
0.509398569065
1.35834557148
0.660381343917
0.993429032422
0.835015125977
0.567065246671
0.742998550895
0.399227430601
1.07036438088
1.18830866848
0.637750153416
0.607547378714
0.492557379363
1.53630192144
1.24496998065
1.54413236998
0.96293311123
1.14699190418
1.07683871824
0.462609593349
1.22620176596
0.992930699187
1.07826617885
1.10359689054
0.459342740033
1.48487441676
0.475864128103
1.16825040223
1.24267791845
0.372547054055
0.84345704018
0.779067220437
0.278053643293
1.29045807206
0.356107750178
0.699590362454
1.51173552888
1.30596410915
0.52217161093
0.886191183589
0.97387850118
0.838582369561
0.919536243219
1.06184720167
1.14884711638
1.2643977302
1.27759555356
0.261368341932
0.163819461421
0.83902585978
0.51964877865
1.24752200692
0.501724763932
1.06522607239
1.31023334569
0.387865153668
1.29509558106
1.18377581004
1.27358681155
1.0564774053
0.754135724774
0.627996517292
0.91278536086
0.52395911382
1.24632098526
1.49685731966
1.24948872179
0.732352825682
0.914484876536
1.24692173915
1.15428964302
0.805521409782
0.787397341142
1.13439195863
0.631160194457
0.731899591573
1.23737872034
1.15845625633
1.0607939329
0.744233430078
1.03873928508
0.415843023778
1.12574217169
1.69528049824
1.00238087578
0.870917351108
1.27284082644
0.912573326341
1.16420826555
0.473900322634
1.03182505914
1.20884299753
0.805600915845
0.925677696893
0.851788650041
0.818494802018
1.12223362238
0.677416882405
1.24185146181
0.684044939986
1.02222755904
0.693955840831
1.15204874368
1.10469523171
0.824370863189
1.31737436812
1.09396180583
1.05868418859
0.509640006496
0.733983121286
0.396298077282
0.598011711036
0.580284722184
1.02008042716
0.814567416369
1.57172390515
0.916437938997
1.22173945385
1.08009722524
0.667724453448
0.970903682443
0.389469641083
0.643097291774
1.02437255929
1.07860160742
1.09498916621
1.28647645818
0.660383137501
1.12646796784
0.225373672998
1.08711450131
1.15274477464
1.22694287366
0.410235761471
0.280394322395
0.962148539888
0.498718642205
1.00386698968
0.797025545756
1.17197957863
0.904345461715
1.13258493691
1.28855558073
0.527910790887
0.739309498775
0.341360266747
1.35820368243
0.852066468362
0.492633029866
1.15585917585
0.798255238909
1.09448204421
1.03413870025
0.679038659106
0.381286100157
0.944788181191
1.18830300756
0.503951696272
0.45676151984
0.724057948684
0.732294555468
0.979533683273
0.480752509083
1.33525517179
0.734672416893
1.07010086489
0.565079273338
0.235870566475
0.68342063066
1.08932695057
0.31991495863
0.440618557013
0.673971013111
0.897921882639
1.08626914689
1.0296456229
0.914020688723
1.30526674447
1.07444484234
0.562989514545
1.4119284965
1.30215392457
0.436731347704
1.31973516294
0.827793698654
0.870872667256
1.59009779247
0.902656089353
0.439024933332
1.04694238903
1.17783302143
0.617321237624
0.59315104765
0.848645415446
1.19561987735
0.737228119702
1.18591636095
0.517957908453
1.12395627851
0.349097429588
1.21500307251
0.751615573281
0.541342330884
0.916941097178
0.744956099171
0.826848627553
0.568711271462
1.07882241002
0.743429478893
0.620910275914
1.19440014508
1.21804722207
1.10924073218
0.605654994201
0.790555820845
0.831146855653
1.17861156143
1.04922013143
1.19813156781
1.18762877702
0.138793384568
1.19327084444
1.19650713794
1.43391887408
0.420475761942
0.986944955138
0.735459644059
0.546044946714
0.473183593234
1.17554631227
0.995342849425
1.44904533374
1.15518380301
0.413753855287
1.25466227661
1.24165685359
1.12871941315
0.531721495836
1.43162149113
0.781226020392
0.842051877142
1.05378486059
0.798850393285
0.272286772145
1.2276052882
0.660490172893
1.42325498781
0.849061159176
0.659410145067
0.485652386321
0.64100723686
0.925867697683
1.51001857878
0.719157941039
0.575861228082
0.781524209859
1.00216869606
1.34270534787
1.119496079
0.853965241616
0.734628741844
0.447533349033
0.754143842245
1.07129380311
1.1167755957
1.00199048309
0.827952982195
0.72244338172
1.16681717064
0.441610693525
0.237891144627
1.11136870286
0.925979460288
0.338183106421
0.754347194385
0.57952484573
1.15146887226
0.550741327128
1.16771580158
0.528582494122
0.753429238554
1.38817541839
1.2316763448
0.980985916688
0.865824363644
0.791137047496
0.729832272962
0.309528020661
0.513852789604
0.450484944086
1.52573873737
0.842805289547
0.865659893328
1.48565328924
1.15646008504
0.699194459227
1.55105257986
0.728744534026
1.27081161875
1.15870288139
0.590308125361
1.0161927188
0.739774197824
0.616683230739
1.10482269113
0.541493771216
0.653917093678
0.723205182123
0.616936211593
0.871262696698
0.353556472321
0.736864362198
1.21285542643
0.204980474794
0.610112061149
1.0227673227
1.22295673727
1.22903000925
1.36240062855
1.38338804319
0.34484089133
1.10101709824
1.02338662826
0.527444486127
1.01265837532
1.21403900238
0.954891632597
1.10546694542
1.28889316436
0.906592542179
1.04185238396
1.16297139004
0.605619491432
0.924709667137
0.981313456651
0.302764161703
1.0008159145
0.651041570074
1.08539357103
1.01183707037
1.33167416065
1.01963198088
0.480438550066
1.22780574316
0.751826732709
0.978247930468
1.24610842954
1.0285333419
0.516405084267
0.717450150682
0.927222263946
1.31212058055
1.0592954146
1.34148136581
1.33873758674
0.873514939943
0.621424509688
1.25535328731
0.777476204536
0.642011493346
0.708263616936
0.504816563393
0.839501226673
0.894736827228
1.33963218845
1.0200929694
0.345030893451
0.63310463324
0.734927394444
0.736439466949
1.35066428922
1.03560057576
0.352611922822
0.770077575888
1.25497125385
0.598660614756
1.20664445253
0.978589556109
1.08240164762
1.31334925517
1.02820571833
1.02953993618
1.30126362259
0.637266719971
1.15651905016
0.326179278669
1.03734640132
0.616491593503
1.22339767429
0.993876048298
0.836186291456
1.02811235331
0.945183743909
0.917581371412
1.34066845168
0.722000504096
0.607665021262
0.364773714589
1.10588377861
0.779712453543
0.516088723599
0.997560859465
0.938290394965
1.26178358527
1.25670994645
0.744729215885
1.28599961352
0.92285507761
0.379656620487
0.641375204084
1.10674486855
1.24390350062
0.575093113651
0.80161475468
0.364060277638
0.284080841932
0.520718014103
1.27535342312
1.19715705686
1.14331092011
1.10813186623
0.237041464784
1.10059010676
1.45167184956
0.465455993716
1.00966277056
1.30605883666
0.975313622722
0.346030422243
1.20720579753
0.6194133886
0.300245203568
1.01240539916
0.631981733961
0.914132148935
1.16727013719
1.13439381557
0.767687117984
0.978510995349
0.49348214444
1.11643183328
0.684987362838
0.806677278067
0.959168840468
1.12317998174
1.27404140278
0.38767306372
0.794704589348
1.14679776831
0.690467347269
0.687330688105
1.05070145187
0.543551126405
1.29559185559
1.0069562109
0.788094465845
1.05872488901
1.08584722949
0.904420428491
1.44008096219
1.0970704445
1.00108992644
1.17370056084
0.485051969478
0.636694434705
0.765245403483
1.03921120468
1.18284092301
0.480439624633
1.04849439763
0.474287548764
0.656168325956
1.17814812644
0.949529005573
0.797817822366
0.786764795319
0.558952891699
1.03847126819
0.499272964183
1.13909447916
0.486004871383
0.516066093066
0.894186123863
1.2547582524
0.620221264787
0.800917246185
1.53178469638
0.8983323052
0.573912395973
0.563322131999
0.80801595316
0.828051452098
1.19975447092
1.08682652932
0.943050637211
0.661896197266
0.89986733141
1.09722990346
0.549079163334
0.312127867092
1.18723415982
0.663407281487
1.61499202876
0.524735632994
1.19816034347
1.20462554309
1.43596249802
0.747294836736
0.709646868633
0.748301986806
0.804654930765
0.948613368879
1.32656150919
0.827599792945
0.939085160866
0.297679860077
0.409630630619
0.988720232544
0.535977923539
1.08212847174
1.14843561563
0.363299182301
0.914554450354
0.749956270464
1.62999387583
0.627454513455
0.42595263361
0.68499940025
0.847705305214
0.655127027695
0.488086227014
0.884059489234
0.364197522586
1.0486290452
0.745967247713
0.919698641482
1.26463822381
0.64900607974
1.11301481417
1.0238836398
0.949089923884
1.15849090432
0.353675994015
1.42463813366
1.33464158083
1.03153169574
0.5486854624
1.10964935677
0.300100061886
0.835506415241
0.689907841421
0.801504398717
0.471081038669
1.5271685387
0.49714871653
0.629291054475
1.48030463971
0.766262046709
0.653338164204
0.994447501345
0.331161410229
0.88952079511
0.880532171922
0.718811597136
0.919521986402
0.800229163699
0.372075389764
0.861473785888
1.11354068442
0.468765759783
0.37502229754
0.759089451
1.14404122065
0.455377260399
1.43707541272
1.01215413487
0.844013229069
1.42681411868
0.602030973767
1.05538706807
0.907095824486
0.473678310675
0.741069797425
0.684699483687
0.882609863503
0.223944424069
0.396742013463
0.83368963233
1.41487488039
0.883545082103
1.4138825314
0.585426330021
0.882873817762
0.387673613487
1.3181098345
0.346553039223
1.175170146
1.20342566432
0.992709099989
0.87956677424
0.889904366268
0.785475869912
0.401673432401
0.999803200935
0.465598960081
0.602806523928
0.984565072621
0.186680305378
1.15975370881
0.174509515333
0.655714113941
0.653495918739
1.07026294068
1.42405945801
1.38453481117
0.91309185239
1.27816061755
1.20831635792
0.996448219641
0.497529965788
0.698658165397
1.0709543718
0.611954317366
0.495991406395
1.24932966782
0.400803012501
1.36519091405
0.47440584406
1.15878370179
0.585527353985
0.855815530672
1.25494399425
0.741945161601
1.38253775755
0.678343938957
1.27166792407
0.903499364781
1.3693677506
1.10577625199
0.270757861747
0.583993181306
0.388488236246
1.24213492156
0.164904064661
0.679390338333
0.717950968097
0.764854297245
0.431726213959
0.986772001717
0.896839330195
0.821766895302
0.970485177497
1.01495357318
1.08426141977
1.19148361046
0.882078835359
0.943527378704
1.12402849044
0.704201741171
0.51068888912
1.10954136216
0.224921468215
1.26617302198
0.562732281921
0.772205654668
1.18088068042
0.810173117698
0.976434870408
0.99763585702
1.18274157619
0.592428317972
0.443011836013
0.475752449425
1.4109475363
0.61952616865
0.56060565544
1.2437533874
1.30338683193
0.735223172262
0.606400565118
0.511357560192
0.809234721071
1.20430494292
1.30913409034
1.16484576717
0.52849766797
1.42009135143
1.26472622439
1.26645034652
0.883621542021
0.250017205782
0.562343438248
1.29472534239
0.762031263328
0.656717920535
1.2092101388
0.604066986374
1.27020681024
0.741345501169
0.570162523768
1.0918615037
1.16970147651
0.870941594315
1.18561667772
0.512899066702
1.38426113219
1.40106190041
0.743003825666
1.21215706076
0.58376939625
0.808806482892
1.21318669773
1.18954047334
0.520683107314
1.10307864102
0.50762098197
0.76680073776
1.14269399494
0.455746247929
0.666483474131
1.46790994463
0.628035627273
0.345541623778
0.805263270814
1.28316038008
0.69308211937
0.804884176667
0.467329551626
1.01901200375
0.899068694662
1.05343935026
1.12887091025
0.34081592305
1.26080545265
0.926766340069
1.17317238929
0.350278413308
0.907454438536
0.606324541873
0.923145047084
0.174783953131
0.677215776636
1.40247178207
1.01215048541
0.718242738208
0.446176044141
1.14546471199
0.460635325234
0.752676829506
1.09286920724
1.03919497999
1.14682756392
1.15441660784
1.38036902405
0.45260802076
1.42601188956
0.389159134861
0.806452751315
1.42024804559
0.825125980133
1.03548621292
0.854813581677
0.402536676454
1.42625286917
0.807085934883
1.01533738496
1.21677894122
0.656389571915
0.540744779159
0.747573530223
1.28069122698
1.0381322728
0.461927353561
0.331840214157
1.05484868232
0.648198298876
0.605388310757
0.403561428807
0.168567118935
1.26437547419
