0.81470104793
0.505429247841
0.42916491317
0.29862293132
0.348719755251
1.08427942557
0.476477465187
0.881735150995
1.07527989582
0.356038764678
0.931658575992
0.874593572479
1.05198708736
0.945301781485
0.685557065856
0.669020591473
0.990893090208
1.05346835623
0.751246497212
0.844147277269
0.415671067498
1.27560503387
0.58668769286
0.535879711305
1.41272117861
0.747025008361
0.463734010759
1.19534356242
0.837544755511
0.395577481708
0.717441198259
0.984070969039
0.813808746786
1.25813065378
0.588884641966
0.841601319632
1.12394631504
1.12000323859
0.540304765584
0.568578707236
0.993074997745
0.5167246089
1.28494462299
1.11093065925
1.39169166784
0.47348513562
0.511658719535
0.447401554347
1.12236586275
0.286715746625
1.04125126085
0.979546554274
1.19995443135
0.91718858813
0.566612660902
1.17511367179
0.848918495751
1.03270313951
0.819114802258
1.21930938769
1.17259281755
1.27318081152
1.01032495632
0.973510095688
0.984205008529
1.08657259664
0.452085709371
0.774201225364
0.698666127658
1.1563817187
0.695065987747
0.870876414574
0.686957226872
0.986333704929
0.838977064123
0.678054826751
1.21118253346
0.654674487836
0.904903338871
0.313931964814
0.823127754057
0.796259860219
1.29056010141
0.548994615242
0.464528278521
1.28121188629
0.890322102546
0.524311986619
0.521722690125
0.64683150526
0.409421747018
0.653958787469
0.992203749613
0.450805011247
0.970518774027
1.27008768555
1.10984651772
1.00902652645
0.779619486054
0.560481482952
0.589788116971
1.02067890536
0.588011706306
1.44853142319
0.449870787477
0.47916488346
0.759103876293
0.479702246781
1.00641615652
0.644281298501
1.17882185188
0.689527904595
1.21194034456
1.06496337188
1.20739015495
0.414811665133
0.546432823721
1.09517778708
1.07636552569
1.30316645069
1.4939271463
1.08200721459
0.61276281868
0.529915020698
0.920116390804
1.1407961216
1.2256974371
1.13415834297
0.858155991634
0.64173897179
0.53488979312
0.736853379496
0.773931100351
0.332284284394
0.912412708523
0.362700195386
1.02056004233
1.47941554939
0.660380870173
0.697132972174
0.547950216495
0.468228036904
0.438802883555
1.40470759003
1.18582987556
1.22006472261
1.28940861392
0.8249382025
0.510223242683
0.842689358497
0.935052310617
1.2069605282
0.729700803283
0.562460501633
1.34693142091
1.23028849235
0.360739622847
1.05497339843
1.30183900126
1.17455424222
0.443090852148
1.04409434419
1.26292724478
0.971070185693
1.38155439849
0.975460800566
0.352849826924
1.19345677657
0.270693344604
0.675228907899
1.47320023367
1.21951143412
0.533490348992
0.602534205124
0.720438210918
0.465341871779
1.12361285168
1.33804251533
0.957292162742
0.870425093037
0.75318759007
0.86502529532
0.704759528802
1.0536192527
0.859814467983
0.411086367879
0.654063857221
0.79521704514
1.37621624344
0.592486758481
0.946931368512
1.05381559789
1.33046323495
1.29595516944
0.617794819351
0.920486516374
1.39177073708
0.520260223623
0.597500078363
0.467784716586
0.476612918657
0.435681063702
0.69640552925
1.20825366114
0.701054363531
1.05334841171
0.427561236934
0.69493390205
0.955523614583
1.22420000547
1.20495772401
0.520602768115
0.724870036458
0.278239046531
0.69326639289
0.885222990071
0.8513811937
0.425342658268
1.23359502714
1.05827174957
0.793430457828
0.708621128977
0.445134905643
1.09199456142
1.13956044066
0.216930946576
0.83574346531
0.390172647956
0.410893686219
0.728255526777
1.25575891681
0.970587039164
1.19368163624
1.26274604752
0.689775530523
1.21512902007
1.32208601961
0.940352108188
1.33699042413
0.482771653355
0.478607645105
0.661773839247
1.08739622728
1.18008318691
0.840351259295
0.752256667484
0.791221169297
0.863960795895
0.66142474659
0.666285102941
1.16120535038
1.15213676844
1.56429269039
0.95004879602
0.952042069994
1.13153093348
0.709193567764
0.95771111413
0.490717590928
0.373843788581
0.557056711685
1.13246898088
0.973771471758
0.233400942024
1.19581227206
0.708880955322
0.497660134855
0.898176623427
0.407144755641
1.00462411951
1.51165014505
1.31518346872
1.13696489062
1.13755113426
1.27629922273
0.460711419407
0.265457448723
0.832133991841
0.236528880942
0.540262372989
1.43329801212
0.786662868068
0.500603446589
0.748716220083
0.564484682629
1.21391462193
0.448835136697
1.36474798271
0.944020090693
1.18377108947
0.640220631712
1.04171328052
0.595727130447
1.17627049794
0.895650452282
0.888910607459
0.469327926717
0.957678801495
0.423780887177
0.947876063341
0.836236331961
1.28859171974
1.02254436819
1.18768023622
0.631882813831
1.11838105224
0.601329975506
0.985742382739
0.90404631103
0.219299315903
1.22649326872
0.572387834688
0.406288609796
0.396519810892
0.723509915781
0.728631068062
1.00817879167
0.826662449548
1.23881969674
1.09246186955
0.403681702676
0.645055817592
0.937292586489
0.993753127336
0.948269239341
0.526477878411
1.27630856001
0.390858125666
0.42181023869
0.872051216367
0.719231089061
0.835885937855
0.825114853318
1.24745473828
1.36120328581
0.418795057179
1.36655414677
1.0097928289
0.356233013288
1.20096807743
0.514258507558
1.28210386824
0.932445271504
1.00363893466
1.14951982101
0.553921812091
0.780631910028
0.394333061002
0.927811845922
0.681245013904
0.322652980715
0.546053070844
1.03150436496
0.692934932834
1.31101887884
0.832064120575
0.596102007542
0.824875509063
0.890263716553
0.962572303074
0.882790631646
0.617907256241
0.750276011733
0.454453649591
1.16063045217
0.436714185873
1.07651544069
0.543660920874
1.26793738813
0.481303007287
1.14486053206
1.30424885733
0.568620085794
1.20091110592
0.979701286076
0.865285478164
1.31197078047
1.02454845593
1.16031132425
0.942989028219
1.13409710851
1.03944670094
0.823304417697
0.877886933663
1.10410031397
1.13263933487
1.08370139893
0.820851745742
0.922080085248
1.27713297134
1.08168608873
0.316524599605
0.960081181428
0.805387458693
0.858386200831
1.38879710121
0.73789302311
0.891064521487
0.772442865537
0.923831392229
0.947075400904
1.23589184173
1.18149708153
1.26979062915
1.30556409985
1.07308752849
0.714138390951
0.904004575943
0.748181863086
0.513587544193
1.34172914079
0.364270844053
0.462011743081
1.18600831266
0.878905657292
0.613193242513
0.750037564061
0.954804985839
1.08121552335
0.962933164557
0.468652850719
0.887134091531
0.435272161039
0.774931975093
0.647863898845
1.3796034255
0.796231354025
0.342370561091
0.322030596541
1.11572034351
0.815603502782
1.05017906768
0.713684592153
1.21745042729
1.17254783221
1.33082345741
0.723406789367
1.42066124713
1.17004174436
0.872774935184
0.840201879277
0.505905936277
0.338270249032
0.537263795713
0.391492090308
1.00386501358
1.06241746806
0.906394679013
1.43721812633
1.16104272923
1.17047825626
1.12473307151
1.12751850597
0.919710743304
0.951140403912
0.339959181082
1.18953926683
0.409214455983
0.333506837685
1.34397172665
1.39330833412
1.33460520202
0.758892799868
0.518338206113
0.472678928658
1.35446530474
0.656956444056
1.19946418037
1.13448391886
0.457382686538
0.948899208226
1.2963238954
1.0368035169
0.730138034868
0.600193264933
1.1179767767
1.05547840877
1.20222490495
1.01770322897
0.928588653303
0.734213673108
0.47139088144
1.32081829761
1.1284506136
0.895610480339
0.703028933343
1.15985373566
1.04616716575
0.83977758531
0.628610227465
0.80081174392
1.13808967522
0.925885757717
1.00090476011
1.24557055636
1.47662473895
0.263535010795
1.07182629879
0.821077453186
0.127367378344
1.17667587008
0.290046876629
0.947741750767
0.753288734205
1.27661100511
1.02920633517
0.943170031968
0.351942881897
1.23013504945
0.777100959598
0.440250459931
0.959193662015
0.844944138601
1.06212901465
0.823673001209
0.562204972255
0.656204045653
1.34722279421
1.25643902551
0.679395332853
1.21244866745
0.588198893222
1.09478647146
0.682416340228
0.635828101666
0.601384939665
1.51662508568
0.840429169525
0.751782600528
0.439505017477
0.954138478705
1.42803023877
1.44678339876
1.06950818498
1.14913891196
1.21748759827
1.10145701786
0.893855630852
0.587771662952
1.01360460944
0.82408848632
0.410455477679
0.624481234702
0.398398718694
1.49330057578
1.10459890066
0.52375370886
0.920792199124
0.637916688103
0.889300201599
0.536968559735
0.404931115824
0.901570770603
0.770527215547
0.566335191525
0.772704014783
0.898812264556
0.368505987832
0.40614815324
0.687415903798
1.06439620893
0.912452462093
0.671611153791
0.459427684252
0.371437542002
0.548750339305
0.5716138802
0.69496184743
0.269161195527
1.02143021469
1.01231152438
0.600621347416
1.05164046801
0.972778882996
0.403026094761
0.588548036529
0.498316757313
0.57625200826
1.23687485401
1.05907932114
0.288873658656
1.18450371088
1.23230591141
0.98175153377
1.14565507454
1.09927405454
1.01009405387
0.93607139419
0.647060935028
0.993856606382
0.828886057692
1.29170136805
1.01230027325
0.66474987853
1.08453763806
0.253492235785
1.18234693502
1.28096398101
0.525577153174
1.15804854528
0.445687061995
1.26776755036
0.78334960653
0.90699377789
0.900344891559
1.22506998701
0.939893539035
0.992964505859
1.55434536456
1.20171274552
0.949376367036
1.16570242786
0.722687561509
1.32642329096
1.21788009278
1.09375385416
0.356438548199
0.665071694629
0.416810575713
0.495623042988
0.924731928969
1.20316247883
1.24919964927
0.909918833054
1.11115148482
1.04494824221
0.731971421177
1.56229013528
1.13941015818
0.702543459625
1.49074986524
0.28209636128
1.42992208753
1.35034505684
1.06701269997
0.41236437956
1.22203892853
0.642503052384
0.42829350559
0.859661504262
0.530311761695
0.882449900151
0.962802005663
0.336391020226
1.24354228249
1.12688678148
1.1855007467
0.383397776965
1.14985972048
0.367605517845
0.51876173445
1.23703583104
0.522508614527
1.09776553552
1.50240092212
0.292865951908
0.484248648086
0.719570315879
0.575923749987
0.460145960139
1.0478032006
0.898973276572
1.096606982
0.539491131079
1.52883816129
0.787100206253
0.678394350731
0.663346138185
0.757813159621
0.440344551809
0.592585306015
0.504230655838
1.14664519138
1.0996729222
0.485605024272
0.722750573403
0.98606547732
0.823531260942
0.742214062678
0.290370364258
1.00424365281
0.452710557514
0.749950818571
1.60068475162
0.524187392152
1.04887882215
0.624993483635
1.04545298717
0.428824303509
1.14216720804
0.511800825493
1.43151057156
0.31835174706
0.569345083193
0.992878242466
1.52093835493
0.806653432622
0.41404922283
0.350887561493
0.554615041752
0.751256452201
0.603197920824
0.756770084104
1.20276410979
0.53198049153
0.30110880742
1.33435421234
0.466258691663
1.00242967001
1.28745866482
0.575056904695
1.20400622626
1.11723013606
0.398025019373
0.757606383044
1.31808570561
0.94006555054
0.932156778926
0.53093011956
1.07285336728
1.15217447303
0.916109037992
0.925521383972
1.23983021241
0.497030837285
0.696379331387
0.458351501125
0.524786089188
0.664441157328
1.33773711735
0.902244816618
0.507679627044
1.41017775986
0.94706453487
0.435418806417
0.378032610807
1.08492697163
0.967182852339
0.966918237313
0.454705757889
1.29219683535
0.770643600777
0.730580030405
1.02436575731
0.549756407019
1.14599007296
0.448986753881
0.573568833459
0.517686908741
0.404776877294
1.36115350685
0.531113187226
1.10581174466
1.10040161153
1.15599263535
1.07504246795
0.444405960745
1.43924118089
1.56285960159
0.684400551139
0.487644105847
1.54165398589
0.490543164553
1.34834674453
1.07952707295
1.28110652623
1.01137025707
0.286980414393
0.37952540705
0.900101748164
1.02525172895
0.548903160796
1.32061096287
1.0310297824
0.654166711603
0.588659718721
1.03367865802
0.676444709044
1.07242749478
0.392742741435
0.691331451952
0.404441634344
0.447878441056
1.35243241522
0.63912962444
0.754319174635
0.750806211373
1.10436999715
0.464712806036
1.02264141825
0.850122362677
0.69743241062
0.682231204296
0.737839946874
0.83849009226
1.00807046002
1.07820970846
1.10138179735
0.662537947685
0.366866881168
0.431236969349
0.639998952029
1.12103771269
0.980809581422
0.96366693515
1.08719435518
0.704255015191
1.42885319734
1.30434232699
0.727657886689
0.569217506791
0.245440390027
1.16954304802
1.12611630617
0.872361207107
1.00848765291
1.30349381234
1.51886817933
0.452568767469
0.581520461896
1.14678282771
0.907534432495
1.01474372541
1.13543917914
0.530295407643
0.687691568827
0.809075078246
0.877346608512
1.17425596781
0.645891383652
0.596857839143
1.45880395528
0.686106015466
0.487933734691
1.09115107542
1.29400244518
1.18289109367
0.382292609346
1.28219936786
1.11739126566
1.39630498439
1.3539503659
0.440418514774
0.698749140177
1.25945005173
0.31972237814
0.772227316491
0.859281137747
0.976033248858
0.627597855264
1.26400521233
1.29424219314
1.03534659132
1.1428479906
0.666730503728
1.03610954904
1.22813719707
0.5487364267
0.895224779156
0.934836703247
0.577185084909
0.712219713864
0.815641701691
0.454126921115
0.690954441981
1.33158229273
0.859031344433
1.13432264755
0.540647643017
0.441714182227
0.488780568829
1.16754802987
1.19655766178
0.360063288831
1.21606569653
0.727326348217
1.08860314963
0.927483157443
0.763798311122
1.35170496031
1.20126337419
1.31259467413
0.779449565648
0.512205552039
1.04646765457
0.679504424797
1.22712331199
0.522328351452
1.38998224805
0.793215903308
0.513878016433
0.598087913153
0.441453282128
1.31461209886
0.883638890573
1.12625278519
0.971712955408
0.539237706733
0.429344473941
1.32645050626
0.364381705853
0.724233126308
0.730393710984
1.26236651445
0.912931077946
0.943599406898
1.20637225657
1.27420664397
0.280140221088
1.1357335737
1.53621089441
0.597001303124
1.31615420328
1.23779399919
0.677731639541
1.16502586258
0.958972729768
1.0615192762
0.997544095649
1.19133020866
0.441868945271
0.946561055334
1.0441193338
1.19599622302
1.5314554535
1.22064517922
1.18419093034
1.00630059008
0.9489959033
0.685335139412
0.888023482335
1.55079660923
1.20324630555
1.03486053055
1.37678299663
0.588310223955
1.03776919369
0.623201690441
0.59056806841
1.00165512215
0.871210963394
0.561520802194
0.400783269633
0.636065301962
1.37628431663
0.865423399332
1.24948724681
1.21480972958
0.688462800369
1.17170502001
0.373809895898
0.59325317647
0.645163297799
0.420061668584
1.0846904749
1.13352340386
1.32105835696
0.601753351941
1.13804399899
0.497330750136
0.77785559936
1.03479435844
0.804407394838
0.789793523285
0.341232380648
0.964365406289
1.43219241931
1.05799219125
1.22115147454
0.55774620735
0.486884781829
0.72342208093
0.741424530423
0.956999513841
1.1120294627
0.580385959816
0.759419473966
0.686111296618
1.08426244641
1.60460576866
1.00852592215
0.447886267652
1.18570650342
0.728334639745
1.333978286
0.790734069093
0.465459134356
1.05620661483
0.977122501964
1.15931398029
0.793386851747
1.24791244538
0.635479199257
0.756363734981
0.982572265611
1.18546668621
0.502063560776
1.09243661238
0.421268414835
0.993776101705
0.92376714224
1.07912558145
0.657757592695
1.10299746483
0.542925892457
0.457451128796
0.915574746312
1.36960231016
1.28556104341
1.17427457113
0.644356958006
1.23623790865
1.2609865679
1.7165103709
1.36224824767
0.619731607259
0.647019371532
0.898373002399
1.19430968014
1.50149252035
0.269388608957
1.38276465536
0.915263949912
0.62843926658
0.990008352056
0.631930874255
0.950918508042
0.898620611877
0.76214386585
0.759522073964
0.712757923175
0.75556589889
0.423403225799
1.03618775501
0.508404943542
1.42085573954
0.907108296387
1.03895860017
0.87579277609
0.877115967392
1.45429697455
1.39341009852
0.673518468298
1.2247456909
1.41344993261
0.562469347015
0.299954210953
1.32068146702
0.395375668205
1.25499335645
1.02811839397
1.02134193979
0.992807832061
0.478838897836
0.702617368442
0.983107897883
0.541020076351
1.00217210881
1.46386981413
1.34454384881
0.824372859402
1.36746949904
0.527400300261
0.909862668279
1.07320542527
1.06661076171
0.517497164904
1.22079323647
0.617902317519
0.534506007623
0.40867443653
1.13434967664
1.01228249572
0.570504437085
1.34457267117
0.408911144082
0.83348476079
1.04130508702
1.06689858998
1.22223667934
0.53770075066
0.756505500223
0.454484706972
0.626951673218
0.588651192235
1.07246498431
0.417635907575
0.395117847209
0.531286191717
1.23956092141
1.22343206891
1.35066568702
0.309826567048
0.831726495993
0.473866891157
0.182525245814
1.15458731782
1.58525173391
0.712726455504
1.45107175104
0.663220796417
1.09847689954
0.625667284789
0.977863169099
0.747248198311
1.21903723533
0.573684784712
1.60329466021
0.52657828486
1.27682708892
0.277914215278
0.374355088429
1.236368066
0.942931444611
1.13302797757
1.15773730008
1.45424235716
0.833358635463
1.07567799144
0.356601396005
0.92882486547
0.592580612809
1.20304469357
0.66914249453
1.03101920048
0.722707834043
1.1934352954
0.470756420191
1.49431510109
0.750951669275
1.45283962586
1.08050792883
0.338867101004
0.776489259448
0.607964761774
0.921232456334
1.29976490993
1.16828094569
1.08442376582
1.12592571443
0.860361395062
1.17020603403
0.521460802546
0.796430952213
0.617158857755
0.686156342911
0.571240767718
0.623693696195
0.716093043699
0.479690623565
0.802247749768
1.21650479516
0.64088265844
0.659527360264
1.18152742372
0.973775291203
0.934627872037
0.9742371348
1.51715553634
1.14135218804
0.582456443829
0.988976045289
0.998865052082
0.805620835447
0.586822553931
0.829553331254
1.2992396734
0.74497444928
1.11808590255
0.588218194823
0.792135497991
0.773738499588
0.871410096644
1.17580109565
0.874094016661
0.808839895841
1.14889098282
1.4484272608
1.14255809204
0.711162198678
0.919608557393
1.217293638
1.29903878177
0.227381404745
0.858740124384
1.09321376294
0.828766544706
0.443203729988
0.919456446797
0.911500064443
0.627866356792
0.766042541368
0.535237416451
0.9507678506
1.026876022
1.07570897516
1.12133501605
1.2528796252
1.01513649778
0.462599680961
1.35348455333
0.470033179195
0.932419773547
1.06427494721
1.06736429062
0.999503091531
1.24712234798
1.37725860443
0.337430606095
0.788464932
0.789090720081
0.795421054331
1.20720891591
0.3793626762
1.46930433136
1.12643063769
1.25096828774
0.213678128664
0.857411043779
1.04607525427
0.503405403718
0.924802892917
1.55964912851
0.588519481239
0.48228245948
0.916727695752
0.575398778082
0.747491207373
1.11077959993
0.945673280545
0.92605381827
1.07382703861
0.361335649036
0.555834725852
0.164251090147
0.728412487165
0.475424589784
1.12966055571
0.970294421105
0.636217978823
0.560519687806
1.34936004642
1.13859306275
1.11152350234
0.534163762574
0.754777283122
1.33856533352
0.907658973512
0.926821918152
1.33301007603
0.318047837824
1.15561466231
1.15419130944
0.857628393288
0.417741431585
0.825312307555
1.43923129395
1.03751363617
1.1945930409
1.37710114336
1.12561411721
0.938421037562
1.55496987306
1.11687053118
0.705840567471
1.14166294169
0.435526039013
0.374089225303
0.651302799152
0.805553584667
1.12560464373
1.26390996225
1.05306417846
1.25806822788
0.458164049862
0.531959749663
0.769312636993
1.13358301927
0.84773196477
0.460534312982
0.884925217018
1.17738323285
0.229580636445
0.638233009667
0.14827529426
0.988758224981
0.75011837097
0.576349498712
0.822839414013
0.843496248345
0.949912785047
0.802358382023
0.435099436683
0.475634939758
0.81694208005
1.21029137025
0.718898314686
1.02074163908
0.984083370282
1.06980285574
0.371527907399
1.00964088626
1.15047248985
1.21398675249
0.651492710219
1.49847707384
1.25121570759
0.822116740701
0.836028767732
1.40228088188
0.906792162038
1.21736607153
0.887089327945
0.528909359543
1.15149511855
0.94126539306
0.935736297825
0.436663243861
0.6468698338
0.313890496953
0.863775447666
1.0624183375
1.30692386574
1.22447637082
1.12224210117
1.31159317141
1.13096240536
0.381154175296
0.546271199674
0.188606995091
1.13693920362
0.522388520683
1.09622836401
1.29050046013
1.08386887944
0.924049207756
0.795116406579
0.860320441772
0.983308095637
1.56170609507
0.436365434577
0.749856448473
0.880804927401
0.654165837213
0.245703478476
1.1218697641
0.78846436647
0.532961174121
0.297862457311
0.565918226234
1.23688136034
0.743815588238
1.10698796135
0.830919380066
1.39148675769
1.05782062695
1.07098909063
0.703162238636
1.07070951381
0.78926313439
1.2910773313
0.777678516548
1.46609211688
1.18186621255
1.19860132086
0.767017968964
1.20235461964
0.818954724006
0.749072267102
0.553449600194
0.812862581692
1.55835494117
0.459526159761
0.617245966009
0.83394405316
1.31034985506
0.242040158039
0.924934825898
0.775590260173
0.990109542512
1.13586722763
0.793636753753
1.25863602116
0.620931314487
1.01635069158
1.18835231474
1.62564658245
0.596406657374
0.634972787422
1.17233184413
0.786222342748
0.429775238555
0.414708651923
0.39942802293
0.914666304121
1.69782973782
1.07008045931
1.34700718823
1.21154970572
1.13291506066
0.540909666323
0.662338264435
0.402294085116
0.854536503881
1.13394567488
1.22130224371
0.556609919575
0.595357478803
1.16736566094
0.98993261069
1.30330886778
1.00705733268
0.795409002155
1.21886635291
1.11140780568
0.441617150723
0.60814684809
0.257674984586
0.502449110059
1.32338638835
0.859075479685
0.497865151965
1.15206831591
0.487645231466
1.23659696429
0.921508686688
1.29922551716
0.712911621448
1.08234531025
0.627116968393
0.835870581604
0.74589512767
0.616676363475
1.45613287613
1.10117976715
0.898283764525
1.14384393598
1.35085590864
1.17558314968
0.295282104423
0.75946336982
0.942644903258
0.542545309818
1.48607732141
0.547697205607
0.358346776834
0.379646075941
1.03876475588
1.15975268916
0.515645390588
0.55037474255
1.32959190557
0.884403751551
1.18156377348
0.71156648195
1.10384931517
0.749412989306
1.29842231323
0.712980849207
1.15541181012
0.465626282039
0.633581761252
0.88631658545
0.563710116057
0.371386325825
1.54904474885
0.947180349347
0.859858074299
0.47330688836
0.878558777618
0.398232122417
0.806550009093
0.895295347083
0.947401070956
0.878148265352
1.04688535957
0.632367754271
0.446355805034
0.927426996419
0.747474847844
1.14453561413
1.11888422612
0.651999280512
0.66752264187
0.955050481389
0.843112507056
0.969543777537
1.220136028
0.868969105038
1.38675755616
1.48908158487
1.31193926637
0.74017436474
0.674493875624
1.31826257172
1.13866909791
0.856254046057
0.555740025703
1.23442804555
0.972498859036
0.527896435766
0.893828905032
1.21718021217
1.1011534883
0.55885358206
0.76421510873
1.07168317953
0.782371357899
0.389837850968
1.16537878799
0.8537088782
1.04520088875
1.15980209053
1.47410711175
1.21444050268
0.907887533006
1.53258297829
1.27779786069
1.35069346821
1.30841686324
0.665637824182
0.907010487492
0.861218788208
1.34823937683
1.22682212051
0.74095591207
0.410372557197
1.04590907008
1.42779413502
1.04865558358
0.486332676514
0.386397560458
0.781936343657
0.958553896696
1.40777223552
0.518468813381
0.761332525425
1.12848758589
0.445871446267
0.769053698534
1.01946828598
0.955209829621
0.811409979211
0.806502520707
0.357523586866
0.66375890686
1.05862174599
0.686345258296
1.02846763475
0.583432977536
1.18111570293
1.09658250568
1.11169512245
1.16982973267
0.818039121341
1.04517261799
1.21183076509
1.13425628326
1.01924767216
0.712855577056
0.885156943129
0.878879979317
0.456728175764
1.47548475301
0.683005151907
0.40011480995
0.850889715764
1.27631933551
1.56680696163
0.603149959958
0.467976530756
1.09140479383
1.14188277141
0.60666704901
0.761555699073
0.899441854546
0.537667062074
1.21745864298
1.2632763086
0.472651763065
0.478816902466
0.96923333186
1.05989301476
1.14807399871
0.464649364701
0.655883029985
0.866444863476
1.21524794349
1.34758613786
0.492963694011
1.20024934171
0.447227343343
1.10837448243
1.36244029081
0.643712551856
0.562201250598
0.29566284922
1.26784534675
1.35011160784
1.16866841984
0.312176933175
1.00520278655
1.05456398446
0.441964320831
1.21438551748
0.827771304244
0.838442868431
1.15365308112
1.23427041689
1.23103532766
0.507958741756
0.447137431914
0.133182144834
1.53385682441
1.28664056988
0.807829513523
1.07008458276
0.924839298991
1.0961899228
0.582963697853
0.934747222135
1.00322448779
0.743359282561
1.13829316942
1.31469363013
1.25894273246
1.30669491347
0.99381567732
0.545453340152
0.92558874065
1.49769274783
0.920451895398
0.435785994311
0.499530494418
1.15660245051
1.15551746788
1.15117708014
1.15166292502
1.23360646114
1.03886925948
0.959758718264
1.00845527776
1.37780671246
0.834672626204
1.38181867567
0.709286575458
0.485491110036
1.32772595793
0.548620168761
0.343767292053
0.298818732671
0.768413458937
0.953858770825
0.645722635812
0.335594866365
0.89272079062
1.01562950637
0.672137018626
1.63598184988
1.30916041454
1.35405129469
1.62662264746
1.43702934722
1.61700586014
1.04321758851
1.08720942335
1.01880707085
0.903749230162
0.781031746578
0.346995455928
0.647138035094
0.465359434341
0.341032597884
1.12876047732
1.13405570357
0.681493676944
0.404846511382
0.787024569257
1.56471461572
1.03868511727
0.821725952743
0.779562190387
1.3584889501
0.919927435519
1.25478000276
0.63824525704
0.591671979931
0.418820400856
0.771593097432
0.565874459554
0.667633255863
0.271337961451
0.829765586096
0.640688910933
1.03059153625
1.47727044701
0.471500220775
0.714570792119
0.899550211507
0.504721123975
0.444799011612
1.16661098958
1.14253189563
1.03973307315
0.548431875054
1.3848859028
0.669505151036
0.701816260676
1.31510261215
0.298244575021
1.24574067079
0.84240820315
1.19041296267
1.00240271552
1.38366550212
1.50797448588
1.63198098217
0.829597470916
0.732195030822
1.21414497589
1.35946316958
0.429103389504
0.31323151521
0.29672307943
0.732704555522
1.11386012108
1.04341663722
1.10425039321
0.67610460028
0.46289747812
0.855470319727
0.826576268984
0.380960895722
0.733790497775
0.338240772795
0.784898020406
0.842297699984
1.09927289188
1.18419592751
0.818537922534
0.926409591374
0.536206745283
0.524837577948
1.2002119378
1.33473389163
1.13383501549
0.773219403719
0.770473286097
0.795721930289
0.631601553228
0.850114437725
0.61866744388
0.974964040342
1.20903566782
0.560931396525
0.661446515001
1.30983337774
1.22514217128
1.23918160112
0.627179553751
0.705316607337
1.11465986952
1.28572499166
0.896348249414
1.35080103123
0.480685845224
0.730625590236
0.807114696508
0.384677060117
0.727111626087
0.811992449472
1.05852111476
1.391486729
0.410483300682
1.03663380787
1.1351803809
1.55451342585
0.659225523132
0.269352931148
0.923787396583
0.557873945801
0.846717796751
1.32683402947
0.859212614602
0.777792429165
1.2463449987
0.90619549186
1.00592123805
0.537513321572
0.888348167482
0.449887871451
0.381251466986
1.21342076646
1.16719924282
0.727098604936
0.942060659316
0.626884749758
1.34483560268
0.689016086681
1.30035669866
1.06587272137
0.915418108031
1.05629733212
0.504086677862
0.594757919003
0.785991887231
0.735737442252
0.918164893513
0.241669034635
0.243333380006
0.526415146209
0.886232110053
0.955651072066
0.934750802421
1.22599839523
1.17863762391
0.75256030704
0.3494783952
0.575148035975
1.02477489297
0.593957128715
1.23466369657
1.18130547319
1.37146866274
0.477568571879
0.402656293952
0.752580423829
0.761628429474
1.31613917148
0.733722488053
0.979325315334
0.33274204443
0.395892140611
0.776474114589
1.08181286008
1.55682791472
0.320266818637
1.12373431651
1.06007968243
1.03079979897
1.26014310231
1.11466488905
0.809152465892
0.503378828608
1.38106414711
0.501655737622
0.613647505353
0.462812482855
0.61985874586
0.591451938675
0.808188174699
0.258935407298
0.59292976372
0.664215874092
0.760653091001
0.874720513274
1.46613196459
0.439947123812
0.871212441261
0.457690679943
1.09914283454
0.123004105067
0.408386407833
0.724704068459
0.527755939513
0.653271634968
1.14537286694
0.276941774891
1.13062592069
1.24128069344
0.540338643559
0.48648665978
1.5011196517
1.04605049715
0.428053069297
0.524598630023
1.08369036344
0.742005629121
0.821922653137
1.1865222883
1.44383129732
0.302416704513
0.683142139811
0.806971946565
0.49337473415
1.33523282817
0.590652368524
0.548290007465
0.765202642649
1.2382475457
0.446241871801
1.41878247949
0.648906248804
1.25089292446
0.821784836346
0.986742339306
1.14521494024
0.738690876057
1.04506690901
1.20905679211
0.302827223202
0.489304840283
1.16617437894
1.06630675572
0.976799360074
1.21563955751
0.837091792414
0.906073142713
1.09805709611
1.26857168093
0.709408391822
0.416903017082
0.432405857082
0.960084746652
0.845497024836
1.17421108948
0.975609541385
0.668425130486
0.86800973353
1.46639073919
1.11086426469
0.647486976636
1.14378686413
0.515925293312
0.791542971666
1.1666693203
1.44121526777
1.38554875602
1.17697482517
1.34390861352
0.437674247507
0.855904818818
1.02499719574
0.821935993797
1.36418310111
1.12532664855
0.512225027267
0.386159093951
0.392911549723
0.422311472649
1.16314769175
1.4907516664
1.23024232026
1.03278568485
0.245965692162
0.985349481573
1.19905552351
1.04229635187
0.991790494761
0.577966909564
1.32233111205
0.407010011545
0.523668239865
0.934894115266
1.07512002482
0.436126130574
0.843943107511
0.770836740235
0.558034586271
0.928741737486
0.802118347463
0.939936083737
0.383057764756
1.29820184872
0.636250566481
1.05476867632
0.945018595329
0.653098309616
0.888140371212
0.835209014107
0.587592453376
0.80296499667
1.01255438522
1.60083130338
1.24576138444
0.367899523167
1.53575561687
0.910663542042
0.526612772674
0.334995531451
1.27055094314
1.29826230925
0.314869552383
1.39998669925
0.530956646523
1.313444425
0.753857206295
0.499164144012
0.560039116088
0.699639564619
0.525301909447
0.642973568095
0.480057708519
0.477523615747
1.14263471646
1.03289512708
0.528014142069
0.682835711755
0.892335822513
1.06433270572
