0.963494121473
1.48754326164
1.20761858734
0.837661089529
0.62560349911
0.971743609644
0.837221206307
1.26827831127
1.21106692031
0.629702165019
1.09272135681
0.421265587611
1.29392785004
1.16295823018
1.23420737114
0.796793732199
1.25779734301
0.84127412498
1.35650293588
0.3866770192
0.858675903562
1.45164566682
0.901343264853
1.19856340179
1.50868530654
1.1482909347
0.394660690927
0.916102234144
0.99132017853
0.392657360577
0.955567271669
0.922667478901
1.49022374886
0.544949107954
0.544643811064
0.452941369454
1.41515992915
1.0973830446
0.421947616699
1.04533152258
0.490221242591
1.05203030779
1.15270382908
1.00629665419
1.45120525927
1.12999725227
0.67657758032
0.400977661033
0.819987294953
0.838504574007
1.22626016843
1.19970398657
0.462233971634
0.927468105435
0.782113762208
0.627657436753
0.675466196192
0.871191395241
1.33467138799
1.09827675327
1.18956355601
0.814384663343
1.26602610475
1.01586491748
0.550746900282
0.499551938378
1.17041009593
0.956383543792
0.404471542566
0.633134482443
0.986872447959
1.34133148165
0.309048220085
0.967281881871
0.633893054058
0.809982260751
1.17666479309
1.09635322592
0.431328294392
0.903926467833
0.676492923306
0.624432692885
1.1127006836
1.05523696665
0.589055953505
1.1264137015
1.28447209295
0.474361487679
1.10748244381
0.502628936658
1.26723645123
1.19010323895
0.433709322201
0.453718808704
0.574730945161
0.814254443817
1.20262490114
1.3032132699
0.65008954525
0.789836436461
0.742786101132
1.12757590933
0.766164244804
0.479522105355
0.667383435813
0.728778291289
1.08915986443
1.05084389546
1.13895483068
1.21747345451
0.392273227283
1.37382753233
0.706116631545
0.990178187252
1.09974458368
1.21813392516
0.366853127065
1.01578512525
0.554373225275
0.547890040542
0.409772543701
0.959957016493
0.503646577058
0.992560380085
1.38026198049
0.517368059563
1.59911425956
1.13225817014
1.28837049441
1.22392990642
1.06704114972
1.07267370061
0.842950833103
1.41458460157
1.24988086418
1.31159218593
1.36440617143
0.845158942537
1.2299593322
0.58700111338
1.13027196286
1.10911018305
1.20936460008
0.651449602573
0.470765739686
0.682386609932
0.96018188186
1.26664065887
0.372899125864
0.951044876079
0.529083853334
1.44582206327
0.707755843491
1.03081148996
0.38425580692
1.34820204712
0.476701461709
1.20026913266
1.22289179264
0.709632073785
1.06022120336
1.07831752969
0.604458072509
0.76854505721
1.06537512507
0.557778626485
1.30660971578
1.04759629059
0.520876629252
1.02453927303
0.729679893891
0.847203887564
0.576726412609
1.31909298875
0.187305408138
0.948763204995
0.273772945411
1.52517891234
1.23150851549
1.00267265835
0.6072654018
0.532525613896
0.625505150335
1.21586620942
0.635634397842
0.841989905421
0.50404630397
0.83319056721
1.213463127
1.24157848131
1.597669167
1.20696624835
0.695910927336
0.816187534393
1.21315123789
0.789384375953
0.90643458655
0.955014472014
1.52797828527
0.50009688395
1.2551412318
0.43140970955
0.668077329687
0.385574539971
0.206794762722
1.29345009076
0.570027085132
0.369112796451
1.26474882917
0.613601980601
1.10353700904
0.36743795883
0.601307110681
1.16459623439
0.987440267277
0.53073106552
0.673062139098
1.17810362913
0.812989174789
1.32188980834
0.598458328709
0.355852694586
0.971754392663
0.487780971089
1.22967023916
0.608132343661
0.495159237411
0.822742717663
1.32898664673
1.08717106883
1.26388677947
0.89403054181
0.486422105779
1.54773084723
1.26658612608
1.12925837368
0.578390288692
0.750227683845
1.30927592232
1.1740034587
0.774256689834
1.16292460631
0.960080810682
0.747211806527
0.571888884716
0.508212636081
1.09754314048
0.461378691206
0.704427392803
1.1241733056
0.937878767868
1.25791959566
0.974363027598
1.29127122068
0.844205384776
0.471589664762
0.704342013821
0.738194914386
1.43086319706
1.05957106535
1.44904970174
0.864270602462
0.779964853041
1.0074081835
0.966315451344
1.14613149388
1.07898223468
0.796614342609
1.53450546359
1.05166828568
1.28348123125
1.30510676019
1.28731340944
1.23957347534
0.315340911812
0.665939349444
0.811651144999
1.35315315114
0.629428615122
0.713219302521
0.625085899184
0.568104792057
1.0286847792
0.617750114434
0.793304002161
1.3385840793
0.587771569401
1.29069866867
0.905840768817
0.267060533009
0.876700623549
0.892702377013
1.1339656764
1.62880658384
1.04042845951
0.977171776917
0.330460651187
0.968019132108
0.515369655863
1.21839300566
0.556462622683
0.78445623028
1.34879050749
0.429566456946
1.39160613476
1.1714535053
0.434464263198
1.08434876346
0.178613730223
1.28819746903
1.55711170059
1.26535514993
0.603222939681
1.04858460171
0.482721833285
0.697821479652
1.49291187776
0.558830528603
0.678718616423
0.627536724385
0.418234813534
0.759392367496
0.30895026942
1.08666252798
1.19907644438
1.27429879696
0.994136467663
1.07459870025
0.398979685904
0.853021985222
0.68659178794
0.876638678855
0.703035228784
0.365198621859
1.31251254238
1.02070250178
0.589424878694
0.983649408696
1.07851686543
0.206684326327
0.432923118239
0.999136324414
0.833453451933
1.1703748077
1.24692200271
0.632646123864
0.931886314435
0.777814556943
0.667135309207
1.06504723124
1.04277142115
1.12472316214
0.523004837429
0.505753264884
0.984028973261
0.600877410536
0.548850557797
0.486538220045
0.827799643143
1.1177947587
1.0033268473
0.416086159454
0.965443567317
0.691659374461
1.23463608852
0.879411088756
0.450441669532
1.17847328961
1.10991865225
1.04108200716
0.580677601199
1.15202815153
1.15119386972
0.417039885979
0.523616569611
1.17748609078
0.977801680375
0.952724824664
0.756321314628
0.683003537813
1.35228630281
0.418446556459
0.432011566766
0.599493461876
1.20284305828
0.968969311381
0.327914416867
1.27188268081
0.689277866449
0.450833320012
0.369789639232
0.834598700303
0.617876923404
1.29539454352
1.2018628845
1.25633282845
0.497999183552
0.983549952277
0.626952373345
1.26502002691
1.00913936353
0.535074519381
1.44692454752
1.23234090554
0.889101622577
1.18021689481
0.786683541005
0.424429318358
0.723194557457
1.34287449054
1.14277527847
0.31526070586
0.974148489796
1.19263131417
0.847111314615
0.685216279882
1.1902049854
0.64132589573
0.750658090045
1.03833321854
0.410017636468
1.05854420809
0.545676079386
0.740420829947
0.684466109057
1.13137582804
1.51342781568
1.07151441343
0.861305020158
0.802043543482
0.640767897104
0.780409154396
0.736848213
1.22776688783
0.344610282464
0.386321117506
0.599701300938
1.33079137679
0.744400986795
0.885175787802
0.777205738721
1.31090823615
1.01839474561
1.07845683994
1.13068899206
1.44856512634
0.393290708496
1.14217538318
0.539878893404
0.694525961988
0.41544726095
0.801607357657
0.881521833475
0.57428412632
0.427929799869
0.426412298929
0.914915803957
1.03173621131
1.06292886327
1.27428080223
0.899676503387
0.63552685975
0.903071338544
0.817779917456
1.07974753589
0.617320058355
0.59386042491
0.586554417355
0.724383849189
0.877635625131
0.604868659758
1.58027297025
1.28421068234
0.951900010165
0.674402200573
0.429290937367
1.10704237137
0.871942442276
0.776046581209
1.02786471217
0.636034009469
0.9996784036
0.453914485905
0.49701184123
0.921416914137
0.578943662169
0.928118300515
0.553909050672
0.527234691661
0.631816849513
0.93842266206
0.566817415792
0.545669177311
1.01681117494
0.906043885956
0.974343291221
1.13326907622
1.18228405528
0.686730272937
0.993118764043
0.890511724307
0.900602396447
0.420517511404
1.0984404567
1.45811585869
0.266838163183
1.15292756355
1.15114826799
1.04937268705
0.574110853678
0.486011179781
0.800829375664
1.27645664588
1.2839939726
0.509047484974
0.545564554942
0.719311066961
1.46916740729
1.35268505123
0.797491911368
0.866442007592
0.651916837371
1.21187784189
0.417939437824
0.940526117113
1.33048882277
0.332032352866
0.77352107893
1.39736323438
0.869809315712
0.984800749548
0.944179262908
0.550307000191
0.418767165118
0.266101322472
1.34582881714
0.463435417207
1.37950887606
1.18371529542
0.695907180834
1.02943569685
0.934762778282
1.13804986433
0.385863884585
0.72035478492
0.670520720956
1.09452093291
0.673919550599
0.474873782899
0.643830517688
0.394566268725
0.693558100364
0.737546811736
1.13357132316
0.585733901162
0.923697965051
0.838254785923
1.20892265758
0.995126612388
0.59381306989
1.04594681352
0.336359626535
1.17179845461
1.65757796536
0.535380436573
0.83353357458
0.433518472659
0.760826203907
0.838310309595
0.673631414969
0.510322246698
1.4848882158
1.11876076634
1.07568105935
0.66107688104
0.903534512559
0.940974412648
1.13174020323
0.530180349105
1.21269311675
0.901104063105
0.748613300827
0.470481110706
0.503894659365
1.2836672967
0.580856992934
0.670835244372
0.734299457516
0.780680670707
0.919622020129
0.936990499843
1.08203651808
0.287301654674
1.01482651921
0.379670892173
0.544088913745
1.30321098795
0.485915556795
0.471483398945
0.798156969261
0.86322482955
0.692998386601
0.562842089709
0.520590127207
1.62913288156
1.00319773563
1.31291214466
0.615551466667
0.60718309948
1.21670071565
0.34766485291
0.904430999269
0.678101971934
0.587089578002
1.28340502534
0.77527276174
0.649933441532
0.421986444517
0.509415675765
0.933177755969
1.11135943943
0.599343202369
0.752215236423
0.280687621257
1.16392245198
1.32980302222
1.18185861175
0.747463353652
0.513210910525
1.18499280702
1.01141844578
0.645225521604
1.45336510365
0.600664547663
0.571785661173
0.547524513407
0.72463908455
1.22721981733
1.00354354278
0.965556721951
1.12439798925
0.583477127394
0.931678793109
0.24587946267
1.54020350623
1.2520017314
0.742920709678
0.75965002315
0.735205125615
0.996032322357
0.258176885266
1.14212027493
1.10131416565
0.787877946179
1.26585099378
0.293734896256
1.08649072751
1.01337095639
1.20347105068
0.636667063784
0.604241461959
0.589010355325
1.01913758366
1.09271894724
1.29076068962
0.31355165937
0.85240382966
0.556610665924
0.531994077461
1.52234160144
1.24501739932
0.358946477745
0.712137568506
0.335487578308
0.344195134305
1.24106241152
0.64451968421
0.949694739456
0.611313491391
0.877126348672
0.817634756075
0.351577799454
0.977917319879
0.715969424465
0.662103749609
0.519696236878
1.14167941467
0.579577368287
0.290557889786
0.779277649204
0.58188246116
0.747043092139
0.885509478459
1.08111206447
0.690360599298
0.979516289704
0.516709049179
0.804473898587
0.539565054468
0.513292489188
0.723796447887
1.25692618917
1.09417668435
0.950968534935
1.33221897103
0.888500428458
0.822114139237
0.983667607586
0.766143640176
0.987588537166
1.24197210905
0.429084556578
1.23395218268
0.475718119325
0.375763309176
1.17138401996
0.958838956893
0.666602526229
0.779523574736
1.04185824679
0.907209457169
1.29151254266
1.27738361698
0.439896377369
0.730088675112
1.14239482277
1.35646027796
0.788408961408
1.01774468535
0.953458380556
0.482519344056
0.430700170676
1.16702837357
0.691937413003
1.39287070503
0.884029244049
0.516800810048
0.712671167026
0.789972819747
0.817367873964
1.34933114892
0.887364721137
1.09268442687
0.682846900196
0.540171136928
0.616817592601
1.36626270361
1.15196834564
1.0888371128
1.50541161588
1.45026545857
1.36258397229
0.69490286107
1.10776799816
0.316526787384
0.985054869411
0.378128645465
1.58377853518
1.50906901257
0.30843175406
1.1040997408
1.00066575718
0.953639365941
1.11752759267
1.00380966313
0.419864091403
0.618461327573
0.767050209536
0.839923159737
0.850836359282
0.690153491141
0.41136467844
0.657853981606
1.04843810733
0.674152900951
0.603800381463
1.0547157157
0.640899855373
0.811024713739
0.951090442812
1.02989645308
0.572826505357
0.703224672133
1.24718722854
1.34062039524
1.16051598366
0.5761528318
0.568122082444
1.5826099548
0.615841256084
0.875118026356
0.575844017091
1.19067305354
1.44316008082
1.07596057302
1.16385648871
0.874909798701
0.382541015635
1.10446085295
0.347643858184
0.65373484887
0.801072669216
0.616315212819
0.493213052843
0.304636523493
0.483842975586
1.13882754642
0.813265751867
1.02461725492
0.750043048927
0.535966964141
0.782510709881
0.429461918245
0.757156358131
0.64651572066
1.27659494426
0.376359530186
0.628169549325
0.806752449796
0.317776318694
1.06056095141
0.981018628554
1.46398703675
0.57176631889
1.39631896553
0.286374654368
1.08652600615
0.524010349016
1.43384412101
0.984756401543
1.35991456462
1.42470714253
1.02445528761
0.798350096957
0.584147148792
0.485755838649
1.15602659886
0.839087963859
0.858578067965
1.12918948745
0.404051740551
0.557489924195
0.553701661744
1.31965392092
0.942818972892
0.305803165974
1.0872345586
0.790848999575
0.933652130381
1.27775590525
0.614027046318
0.661975093469
1.00780295818
0.347214510562
1.09547052093
1.1284370823
1.3035227036
0.856654852377
1.2212427229
1.33184973454
0.428770581552
0.935114133586
0.476666295051
0.463574854315
0.743726336257
0.497573289818
0.722235876289
0.738623984676
0.744642957434
0.993268900349
1.16242595478
0.719701934877
0.746824353066
0.949807826528
1.07687568892
0.281211438648
0.627139869361
1.26162243498
0.383815175521
1.22472143465
1.12604070455
0.861362876631
1.49899641608
0.933287200391
1.17959665582
0.973812600657
0.310491460523
1.12295149558
0.641845017314
0.702399928729
1.53886819877
0.687925346417
0.973157835276
0.590857703111
1.14492225805
1.64126738535
1.09799309331
0.82707127666
0.737633271275
1.32180348605
0.475745023083
0.767085986391
1.23519287017
0.607692016246
0.370069431962
0.317357732345
0.731249343891
0.246466153957
0.467162173388
1.25007344712
0.613168487534
0.929840295028
1.31165583021
0.584330650981
1.00289964446
0.591911104729
0.197853675332
1.02286122436
0.954844042218
0.613720255626
0.765856025238
0.576270509476
1.24347466637
0.800887094825
1.17944947098
0.702310139826
0.532245451555
1.33407861674
1.25926649375
0.616957764805
0.891428699652
0.679365159969
1.58072024591
1.28332238453
1.47687182626
1.1674422903
0.9791447573
0.395266653965
1.11331871987
0.283323424154
1.00587081548
0.86876368208
1.14550887261
0.450993890093
0.687387467945
1.54698010391
1.09475149035
0.622235573194
1.06713985458
0.636299623156
0.747811496382
0.312700696912
1.49273934408
1.02941062688
1.10979720165
1.27893171151
1.38996909236
0.904920545048
0.252694783068
1.28560902956
0.543566225495
1.04327967864
0.806485622754
0.732348255242
1.28944832891
1.138437572
1.53391439864
0.985332411475
1.1227894621
0.533147973427
0.373734866717
1.43189893982
1.54810534228
1.00228388483
1.22238687104
0.637750332514
0.385534549616
1.10892929072
1.20949821017
0.35327907414
1.35057656951
1.06470637788
0.959948777291
0.579929101257
0.412447247064
1.26024798298
0.709318670557
1.15399708641
1.03126366969
1.1171062517
1.2537481262
0.650836647818
0.811042788252
0.696225985447
1.4449445743
0.462251983831
0.506114598426
0.430664049381
1.1392730408
0.47932120714
