0.960218555451
1.38741022338
0.747202182903
0.597765769436
0.49943247281
1.30778540752
1.24602091314
0.405862651044
0.396105452914
0.63086737158
0.765531906592
0.571932633324
0.707167875145
0.555931883625
0.453394518637
0.354331719094
0.328415689289
1.24819525966
1.24410001626
1.07665548277
0.876822801459
1.53651243365
1.31149532777
0.820160877069
0.923152514918
1.06489543231
0.945856729116
0.733857708751
1.26001052029
0.666290911402
0.933762336124
0.947874426463
0.819243892815
0.663033939525
1.0695896023
0.580908986627
0.569599907298
0.382656629772
0.993047703984
1.27545334808
1.37556084575
0.88808509031
0.684567294457
0.813636625652
0.899686906412
0.733685890664
0.590357015602
1.47313255517
1.03742462662
1.09831352266
0.642257788404
0.398880237048
1.04807795372
0.212635737333
0.320093004307
0.502516668719
0.755105809796
0.968174664872
1.00167158946
1.10440566263
1.06540233489
0.33072587268
1.05614885193
0.62193989237
0.596531965739
0.133221748687
1.07768467887
0.910627229
0.548616224689
1.03882991728
0.660435211539
0.811355952035
0.700673539316
0.554424723973
0.8794535697
0.569183864439
1.22219882354
0.615639371554
1.30195826085
0.851513875313
1.21800332736
0.46095505256
1.159904549
1.06656659303
1.32421101015
1.3308749911
1.12876756407
0.561458868866
0.652082784988
1.35461165339
1.32485865879
1.03018297865
0.657977043617
0.541783763929
1.46345354855
0.652158457393
0.571151752752
1.03416341579
0.795785883586
0.520573907292
1.15926946886
0.695489955837
0.75150003492
0.454765354492
0.554590669417
1.19615366423
1.03291057979
0.50183155479
1.13157627164
1.3173822174
1.1318766625
0.974719616521
1.27583142468
0.179501888497
0.493093516673
0.199889011411
0.411541868422
1.11569323085
0.643449561878
0.660957162342
0.756063479502
0.83707133062
1.13365416635
1.11563029017
0.665073946528
0.800106756994
1.10633070892
0.618450782837
1.05381730873
0.322077578694
0.800425310279
0.500638661654
0.894460086916
0.882246862948
1.14470068414
1.10159960613
0.414526656236
1.09500553641
0.662435867654
1.16681379126
0.78348990848
0.541524135464
1.192897987
1.19538670149
1.09147440997
1.05475851682
1.20663861638
1.41176756063
1.25854605973
0.641000714867
0.704161227208
0.39178585333
1.43466518662
0.839728622599
1.09017566674
0.961529163432
1.42370378507
1.2615774466
1.24182262095
0.727383375187
0.650262221396
0.354568801591
0.710313290702
1.20987937318
1.00007163238
0.853941997353
1.31155894253
1.40812800676
0.395679711613
0.800998360628
1.25087292246
1.0604818797
0.782243682032
1.14580641531
0.824820798992
0.569549975446
1.00607363199
0.777923160086
0.892024621985
1.1062173686
1.238314179
0.532636680607
1.26046475722
1.27473411144
0.549537789628
0.952613068946
0.366901272644
0.923099020564
1.09132498473
1.03263696015
0.987027904912
0.857435820093
0.974448607333
0.393909703393
1.13634076236
0.861285517907
1.06103268636
0.567738082229
1.39768856394
0.886195495123
0.934532187586
0.358062877861
1.48943490427
1.04016415558
0.723608728923
1.3367888724
1.69854543798
1.26835838609
0.41738698509
1.13441473333
0.411607907734
0.53332554521
1.19633392786
1.04653814972
0.958743780787
1.16909462578
1.19401634391
0.547348451008
1.10835366671
1.35671719888
1.36930645396
0.532358958806
0.727161554334
0.677326895709
1.41338984015
0.817567994254
0.772009400556
0.512979100939
0.413773277488
0.786396291787
0.414129637143
0.963066381598
0.759003301686
1.42708580162
1.27964681987
0.567542133462
0.72302761973
0.706216228317
0.636076834522
0.836638139537
1.30303595357
0.688654766071
0.691519785091
1.10161725712
1.04229937018
1.14382301188
0.542203422477
1.27504202943
0.528384506497
1.29369241275
0.56055949149
0.629054499996
1.37731518407
0.500381423965
0.728972180732
1.03007232226
1.19157232252
0.714128875127
1.41596630331
1.21008248342
0.831007178862
1.35463327172
0.472967170596
0.627493534868
1.18083021034
1.5008050872
0.854373525174
0.864929854283
0.566702829364
0.89718746842
1.03085370473
0.605658460202
0.43274804314
0.398394648839
0.558956264104
0.972999918189
0.84578366664
0.851728574065
0.882404911308
0.362558481896
0.979184584994
0.739423620028
1.2899903741
1.13238362896
0.607054185275
1.28200072301
1.14774279191
0.284637677215
0.426685357421
1.08265619185
0.492288026377
0.56490789715
1.31215925843
1.47361720659
0.577294912514
1.27764132028
1.23232004481
0.785346829807
1.15299161669
1.48041150121
1.06482036527
0.866189750709
0.468484694727
0.961875515736
0.80427819127
0.922959919311
1.38248872447
0.85052374569
0.50859182653
1.13133308902
0.368333066255
0.247352419619
1.05607465359
0.639589559589
1.159625226
1.08970125476
1.13403685107
0.943203924972
0.498591044849
1.26221132171
0.699326099788
0.879163146351
1.01272680815
1.28614151477
1.16309173071
1.38877324009
1.38491648265
0.383633143402
0.620815723591
1.03187660306
0.529306382761
0.361177962308
0.516015651636
0.623004465213
0.52116345444
0.742664933535
0.881222194284
1.32644283684
1.15152625536
1.28833062273
0.496925855929
0.995982081443
0.479726719555
0.66972264382
0.816069203447
1.26509133304
0.650187179711
1.14348787987
0.997906625152
0.491043380213
0.354405700534
1.06968595608
0.406782890194
1.18358228012
0.946920328163
1.15652591627
0.588335374875
0.671652354509
1.44792865987
0.965107103753
0.725901216586
0.543441643224
1.07847521777
0.946654773179
0.402223019529
0.873185235975
1.04655236118
1.07358017647
1.15589716914
0.372969589172
1.09021299362
0.444618946077
0.660071307841
0.589425398297
0.35311275103
0.902262109655
0.454194124441
0.365891067319
1.2826671014
0.468698504202
0.877991021853
1.52908311396
1.10653482262
1.02680961524
1.27295091127
0.692262495313
0.726834040272
0.436467548252
0.355739957541
0.767092245421
0.343311278686
0.496428622525
0.686876144206
0.446828187068
1.15541866349
0.522635914655
0.741349316893
1.48584580432
1.04750473108
1.01421983093
0.628263444452
0.648524998078
0.677734081251
1.46810977955
0.563989158952
1.42241023929
0.452538178581
0.932528077372
0.504726591569
0.990054717614
1.12631414104
0.340255556086
1.14875123795
0.957469767173
0.863061658901
1.17377000911
1.22281118087
0.559324440391
0.316219416612
0.439114734769
1.01312049857
0.76707034961
1.25321209698
1.16743397573
0.610800530912
0.554400007203
1.13527320212
0.508204998099
1.0550862946
1.04037985369
0.816535594335
1.65063286509
0.278389343235
1.22048238188
1.27641636464
0.785269689458
0.383629939129
0.759150655477
1.05784538417
0.327662803196
0.977650067054
0.834769014718
1.12095768759
0.569690291925
1.33309016461
0.804148902409
0.387110510892
0.299291357467
0.84245115322
0.449223000322
0.997342284427
1.14552635531
1.16078005258
0.912573760407
0.813613688412
0.884454537836
0.835801394105
0.735778098335
1.39202635998
1.08170458619
1.09642046922
0.518829838988
0.850980248555
1.01029663208
0.900308500128
0.992205096838
1.37268335089
1.12547675868
0.997610301324
0.540921456616
0.788761210398
1.11233916556
0.677922763303
0.944553252735
1.14846644458
1.00497491646
0.580523808873
0.359512393909
1.28054446052
0.524306623859
0.673860901486
0.870947326973
1.62015090425
0.677850515614
1.04966916759
1.03638496517
0.420997536677
0.382604376189
1.24867046568
1.09880337701
1.04691903297
0.588767718811
0.510833622743
0.624618004263
0.858071056221
0.855125714014
0.206228713467
1.11416898015
1.17935212793
0.765762274654
0.954946515084
0.945838103374
1.09101761708
1.24384260868
0.474202038721
0.630432202677
0.363952878279
1.28706427929
0.484511485471
1.01218742273
0.559207392351
0.714818678515
1.09800583336
1.40669930589
0.88353190835
1.09151377986
1.42949886008
0.650527822544
0.504684381428
0.320057572012
0.511866486925
0.650168777105
0.810196600922
1.22482496158
1.27218988648
0.958396658577
0.977053671401
1.4949554423
0.602017499203
0.82290823325
0.525759871658
0.677606651181
0.697561259883
1.0908513917
0.448902848595
0.525668620705
0.40629349169
0.557328037694
0.99575214783
0.34552611274
1.02748602081
1.33720791947
0.872189484649
1.34285567286
0.811278375604
1.22870516523
0.50956299099
0.825470522531
0.880256433715
1.03899030682
0.430664886704
1.07041768942
1.19939959164
0.270039720198
1.20092482173
0.412801106196
1.32751656064
1.20586966411
1.64408743262
1.26834363593
0.693897651095
0.398153102424
1.01038154752
0.257212321297
0.553559013706
0.551642056758
0.514346905881
0.933379101307
0.412322879249
0.639395698129
0.422002969845
0.819979263177
1.6230141004
1.04364053032
0.712586535208
1.20526857569
0.970124358481
1.43061292328
0.484048511756
1.07905155141
0.197964330024
0.597489216544
0.211659964747
1.133111899
1.27130231783
0.6560509981
0.772596302998
1.13830372622
0.661927039115
1.05296178615
0.765428683779
0.80776215393
1.26721680631
0.227947109036
1.11644979934
1.14779699337
1.10978155516
0.895368498183
1.21759347165
1.35288079489
1.25627920989
1.23722780971
1.40257235624
0.974527201754
0.27799404559
1.26601509168
0.77469505885
1.20560409979
1.25598128143
0.371602934941
0.917878509792
0.535414003684
0.595905288125
0.449423709265
1.30139869196
1.03009278775
0.810423514352
0.918022088107
1.23580565008
1.19530296935
1.01153341568
0.99181470107
0.637343241105
1.4778913877
0.663924458771
0.498238613522
0.285169769604
0.931084795909
0.381596423807
1.06003347317
1.04783660191
1.05789578266
1.19872207409
0.828958227565
0.97598617442
0.788886236782
1.02882379009
1.08736098947
0.873266942936
1.15787440149
0.494344634558
1.15923126575
0.707504765276
1.24603834677
0.422663638149
1.04835602256
1.09230723142
0.880901603788
0.728081162248
1.24334742866
0.332755664465
0.730125461018
0.405289325357
0.627075422879
0.778752763967
1.13019860459
1.39731247503
0.742342794191
0.735431018545
1.21015722018
0.750794410607
1.54152302498
0.577431151901
1.18993652568
0.559629793473
0.518221465209
0.209650743891
1.09072580655
0.482003848846
0.727288550956
0.966651114222
1.13194388855
0.745353564861
0.541791156887
0.784008509127
0.896253421967
1.02497910315
0.831831946286
1.47240797679
1.4159455817
0.552198787522
0.910149766185
0.987148967648
1.01225702546
0.739852627367
1.05526707988
0.741324300811
0.257520080581
0.90692320355
1.10900703635
1.14739853668
1.50989275918
0.263755337052
1.34508458719
1.01900681931
1.04065876076
1.13578402957
0.478030224536
1.28344113396
0.701494340359
0.446684394449
0.542323993571
1.07353260032
0.397841824669
0.742251768869
1.22312494369
0.627012336363
1.06876196506
0.209852106744
0.371649095821
0.811711246046
1.30798735219
0.511821642625
1.2646972979
0.462208401643
1.19313092853
0.481516670956
1.53767408821
1.27792398129
0.809810589127
0.609952279376
1.01347528267
1.14373760551
1.06994991476
0.895251369298
0.931146591253
0.429178026232
0.416024938844
1.45156695002
1.09353719304
0.324903073884
1.23210238185
1.1200328756
1.16104483204
0.576069062957
0.373423808659
0.651795187482
0.753554226909
0.587899823604
0.591746339261
0.892858366226
0.345321156022
0.624858773413
0.517138891744
0.318024882498
1.19888981365
1.24070741677
1.18608357987
0.542496581845
1.40447343699
0.821817488526
0.853693714462
1.09054766658
1.11847758553
1.10369497844
0.818829577962
0.851211682762
1.04438138444
0.912241707938
0.882793659665
1.0939389699
1.20348785138
0.650172632777
0.942402728281
0.548393871731
1.15393074447
0.704502804725
1.09681872418
1.12016731904
0.801840498018
0.237613840446
0.617712987895
0.546747482985
0.948738518644
1.18692638648
0.786447057988
0.719611268689
0.750678270961
1.33062817109
0.600003926198
0.6339679971
0.739157560708
0.378802152362
0.648518477499
1.0822486711
0.879176933787
1.00794966074
1.20156281733
0.621448910157
0.603970735372
0.862492611866
1.12035306196
0.732325794186
0.853513092148
1.15392136526
0.741999668795
0.577436237826
0.711293694393
0.956981575576
0.513104422987
1.16031635692
0.393442398715
0.377507335296
0.795853771314
0.310561154616
0.241134236747
1.15876112995
0.83492281143
1.03979734215
0.423380423675
0.514952571692
1.38344212579
0.78746963293
0.558779931166
0.784418587004
0.942318727165
1.28500488347
1.25126071281
0.544833547864
0.855907243772
0.920329862926
0.884252237489
0.506849188471
1.29304049393
1.00535336843
0.876824172459
1.24357995846
0.468753877075
1.06161997018
0.89074084595
1.58000438194
0.419268041872
0.478973620062
0.784475078744
1.32304520097
0.760954715201
0.613008361309
0.237376137523
1.2344543157
0.64017265188
0.655946579691
1.10969265459
1.03032084097
0.752114280428
0.720657455655
0.603494648219
0.825120310184
1.21715716843
0.823453284988
1.14399303114
1.11346815953
1.15771022253
1.3553270725
1.57409506328
0.98151081622
0.29251501687
1.02927647482
0.668354110454
1.17093109685
0.823093901214
0.79798441712
1.31594385388
0.678127709676
1.16167328305
0.57355700171
1.2530420075
0.801764565757
1.35162463641
1.34656481689
1.27658616471
0.742205492265
0.961778789619
0.420243402662
0.39965998423
0.728118395707
0.477404547987
1.54632743811
0.702467228197
1.53711402562
1.44719966605
0.361470436543
0.983368539421
0.991430133388
0.86049617799
0.729380879154
1.14618894177
1.02947093766
1.3477133445
0.472761841291
0.604380272376
0.694247269922
0.767772111015
0.622844005392
0.724264302214
1.49873390103
0.525792197825
0.485054032923
0.629760062858
1.345404117
0.659128552237
0.855232309845
0.989349532232
0.50367839311
1.24598111626
0.997714010363
0.508873141603
0.21280938665
0.490032388566
0.478317161739
1.10706706402
1.14457412393
0.999782417375
0.671771757837
1.30652453822
0.971175235708
0.587187579951
0.341978978998
1.32365252467
0.856721137655
1.00658428983
0.853996720343
0.513142682972
0.34883895721
0.779646701298
0.503946647645
0.863319900414
0.941487220814
0.329272697115
1.07869427491
1.17914234021
1.27284977412
0.760249051532
0.858382589011
0.520844908328
0.520062425402
0.533649242193
0.676500521716
0.4596895929
1.39608487041
0.379493283785
1.38203815644
1.00787474627
1.34115260696
0.491777864656
0.544332619177
0.989602017473
0.460254318789
0.731749179948
1.12293478797
0.406565274833
1.04797966904
1.05708348512
0.625639807254
0.318930834558
0.989127141734
0.712854836691
1.14486994414
0.893282393232
0.814673612637
1.164016992
1.12502942917
0.71552558245
1.27412269107
0.758941090508
1.08197859765
1.10480034237
0.768626812344
0.702944049701
0.520412540812
1.27856484927
0.305969218127
0.641717194595
0.406630059362
1.24671652123
0.996580503768
1.36049280815
1.21696704285
0.824311800257
1.05781709733
0.943814163161
1.09708783212
0.646407403959
0.733130390571
0.501669803934
0.547034081489
0.947642528996
1.45623534883
0.279876666276
1.15282176389
1.16155131237
1.30634518291
1.30949035476
1.46579804955
0.888760167367
0.983058854182
0.511945031634
0.878079541016
0.825537063814
1.03409927685
0.539918800679
