0.5439201354
1.32414258232
1.09693476625
1.05881970634
0.442209141704
0.324801701603
0.700816233132
0.938553442091
0.804995878487
0.330364241617
0.715221016994
0.834551310418
0.540027248993
1.57662762117
1.14800696324
0.95462423103
0.392102291418
0.479315139796
0.499181751814
0.855641843408
0.782224543672
1.30243165449
0.564740493986
1.20836396245
0.798048962141
1.14547148039
1.23832496772
1.09834417528
0.466314689482
1.19130283259
1.03099950814
0.446687020943
0.970144252939
0.753301686564
0.534742675285
1.31858477198
0.825186925492
0.465205061132
1.05929893696
0.535685226196
0.352676473445
0.441914129895
1.13561585894
0.685246803887
0.605734433667
0.419005616154
1.14670178759
1.26066152602
0.974666956125
1.19410626623
0.809183910162
0.456943264099
1.30265776878
1.05427915238
0.634664733366
0.390794353867
0.843283216333
0.510381673406
0.647532801182
1.08878523476
1.44630427642
1.04630723534
0.595458200088
0.679889558984
1.25850972843
0.420876610924
0.689897404166
1.43744301751
1.12992928657
1.15301827786
1.17632807239
1.12459800946
1.04364134594
1.48829707224
1.16322527029
0.453290695624
0.749760309106
0.842860462073
0.913155542494
0.772124601617
0.281860919246
1.44335379204
0.543189871185
0.86549530171
0.797414581979
1.0709707119
0.83643651187
0.508018520734
0.585882031822
0.685113101854
0.217894797722
0.201421189083
1.37918232307
1.10820730583
1.27296057442
0.999178830791
0.737187974459
1.29471491766
1.01101609871
0.669210315455
1.06730502111
1.01028444598
1.1451246325
0.792385234694
1.25279853433
0.5136089972
1.26643682257
0.620931671467
1.34782869422
1.00076607714
0.933774290004
1.41365848112
0.76038688975
0.370808294104
0.559026922639
1.15541776165
0.436923154908
0.861594387208
1.55348944329
0.617896849689
1.13947254941
1.1820774301
1.19953692956
0.708402167999
0.665202664052
0.812058571078
0.592440071868
1.00350399101
1.28818393663
1.08868028357
0.944422760847
0.671872803129
1.10847873068
0.632170842795
0.558406884994
0.939553478337
0.666206246324
0.751020336079
0.502199456433
1.01640062668
0.566676648781
0.634836226889
0.503250773793
0.297918063182
0.921926908378
1.18615341852
0.852482524089
0.887527117735
0.763504503267
1.69222564252
0.61546315238
0.729512264708
0.575685217424
0.703601514423
0.51686202104
1.14657709068
0.683135173858
0.680051055525
1.03030130613
1.26070783883
1.17058376765
1.09911344997
0.553262926719
1.2785924583
1.4176630639
0.618807526864
1.34254137738
1.08528285108
0.548891244187
0.450895727695
0.94879396299
0.769532037993
1.64210726994
0.67436329402
0.996924853684
1.43886603351
0.528482015205
1.56134956213
0.886188800276
0.461613468888
0.941493242568
0.79137836672
0.784435077532
1.24035028454
1.02984752733
1.08201452806
1.08436934286
0.489767748939
0.750435210549
0.820830339982
1.43407124234
0.515611687618
1.06368576072
0.50148156426
1.46909592578
1.13695261534
1.0695041654
1.21684137325
1.09980869151
0.940297735045
0.646770579924
0.748854069893
0.679645129822
0.854951885313
0.877245491147
0.851210330971
0.583065260365
1.02219805245
0.637294393181
0.791518446494
0.544249482417
1.13916824745
0.43356154066
0.874599778191
0.362646780873
0.767153144014
0.822449074843
1.30043960065
1.33431729533
0.546028140951
1.3600284196
0.399004155944
0.344630214085
1.33752452916
0.862946567802
0.487443504516
1.05049213406
1.14900804823
0.930572563107
0.339828650164
0.851433659758
0.698881097115
0.253549434308
1.23445330498
0.998612338828
0.612342179554
0.547575244241
0.539556961931
1.12998071283
0.535096025823
0.863134542005
0.941232166306
0.649081973199
0.140287370492
0.557047134655
1.05618834681
0.905743218397
0.711673750646
0.88846704673
1.28101181374
1.37212356406
1.44552971235
0.520691332637
0.741382614382
0.642361719398
1.24083248777
0.877511130199
1.36596169504
0.697770596077
0.6584155132
0.576993694462
1.29501403835
0.359409417284
0.663132014041
1.26347431109
1.09672694187
1.01626990193
1.10451461604
1.04727427268
0.915759355737
0.618919786446
1.00584458313
0.661476739012
1.2981728045
1.00415832541
0.304761710007
0.735380731356
0.881051079181
0.435642066887
0.828977861015
1.14260109145
1.12349740398
0.454319734838
0.671309858541
0.570325292007
0.833083785634
0.883816215423
1.03541639788
0.809382848372
0.31579921613
1.5974723327
1.29753279338
0.939281566399
0.832412600716
1.25375101585
0.615414731878
0.789323124185
1.03204327922
0.334406956438
0.710988236586
1.4095000369
1.1874292532
0.247785394713
1.08153458615
0.578254200564
0.560353615703
1.4106712597
1.00211146369
0.736948201674
0.985411791987
0.465511680856
0.465058892424
1.22116140949
0.794611115442
1.07502334129
0.863287652534
0.923083763275
1.42592973078
1.13867481931
0.578367669645
1.39196127173
1.46705604854
1.28618626699
1.32993736271
1.03352006952
1.09330166136
0.851058290286
1.04176808355
0.523296443209
0.876230717831
0.672334364329
1.07481405472
0.429144185183
1.26688378902
1.18174942452
1.13059274481
1.06316867452
1.20422034516
1.49874633499
1.36127165481
0.787913874082
1.23581327523
1.38943728985
1.1305511154
1.12082916359
0.364554777973
0.718600271843
0.568792090506
0.469786825979
0.729481858962
1.18422343868
1.26684710787
0.721662391127
1.45652354569
1.53421615726
0.695539386589
0.91946070775
0.876236029912
0.725005860202
1.12799089631
0.793849256028
1.3253823332
0.984329847248
0.973477232303
1.18037732798
0.408263030646
0.531463893794
1.37204158499
1.07883191893
0.914031721184
0.931973885596
0.43923612814
0.490874793897
0.831236107346
1.17575124998
0.512474481456
0.56475537383
1.09180465839
0.873063368313
1.04990991525
1.11184477869
1.1311609063
1.12619385482
1.10222261526
1.04454394207
1.50480771992
0.732751938205
1.51548221607
0.964798099968
0.357385065069
0.846396342477
1.3385812743
1.28238843062
0.529424847854
0.664663260622
0.523616521926
1.11234498643
1.13406726469
0.287387215203
0.58893347529
0.409108754424
0.496727695239
0.953857284296
0.556790101472
1.19073701657
1.087277172
1.0264128784
1.14254137096
1.11002198303
1.37320644814
0.420975324522
1.21762196894
0.896970716411
1.03834509792
0.909617265045
1.32514208733
0.37897272418
0.435694933916
1.36192469728
1.17177694945
0.801001764227
0.712294215708
0.915450786095
1.21563770144
0.495279353142
1.13085101005
1.11848823576
0.370997637458
0.451229246754
1.32040590952
1.15774817759
0.550063001665
0.767837907264
0.929305118519
1.16581428407
0.812054067206
1.28820446945
1.05460010709
0.571157895758
0.507271287856
0.998283180622
0.818140000263
0.890653782971
0.357727364948
0.612611612817
0.921152343328
1.06470839083
0.463541491642
0.78808021125
1.12825011831
1.13866252681
0.399734421141
0.852207858577
1.29481053718
0.73410771477
1.26681894699
1.182411439
0.446781429351
0.680271135509
1.00243934018
0.48576121976
1.32567732103
1.11244303632
0.408232281654
1.26617871913
1.06034153859
0.795331641991
0.406434034946
0.909882505658
1.38639878024
0.755894296075
1.00133961772
1.24558697871
0.720227994121
0.430008149336
1.0880480081
1.10919236804
1.00447035852
1.20881802643
0.562586104567
0.836853241936
0.552577550232
1.42397838501
1.22657132023
1.26948273046
0.64791365052
1.05655059087
0.459667179552
0.578903318832
0.737315941276
0.73166585761
0.574969140412
0.93588464226
0.311134686616
0.994840157367
1.18900366279
0.702264559055
1.32300236633
0.662492179057
1.06784317947
1.04942496154
1.22440958512
1.09180197774
1.25338262142
0.94074849337
1.00106926796
0.486518443873
1.28424701971
1.15754179987
0.430242541269
0.454042921307
0.683955424575
1.31828938216
0.684397446779
0.688559820035
0.737315671361
1.45291474779
0.450677145045
0.838213818522
1.48464194042
0.722298878378
0.51950837889
0.758998993022
1.30540695332
0.790908561279
0.583987386103
0.753647297841
1.08081289965
0.754323691678
1.10900052831
1.40916447292
1.29431890769
0.813761722249
0.534477936281
0.753737983015
1.15350281664
0.935934472451
1.38731995511
0.825419835334
0.986736825915
1.10086292647
0.745031522696
0.815363973441
0.918331530943
0.455177967204
1.30261894356
0.608170847545
0.57943621229
0.509647053086
0.813388464042
0.500829700116
1.04221068884
0.929565809889
0.713209767835
1.15641046261
1.35069627754
0.648008311786
1.41214219174
1.13762636553
0.900895257542
0.58001303271
0.665476950028
0.378282234416
0.904331122323
1.29971576317
1.52226852293
1.12716377801
1.11226828102
0.387523721331
0.866144836284
0.514851913134
1.62491380992
0.440807830135
1.27221625451
0.737052396182
1.21807502758
1.35612383689
1.07928954147
0.679755526177
1.15352849857
1.24156673013
0.698827074949
0.363549142569
0.312302506726
0.600480216966
0.521688135997
0.355155380998
0.510309026639
0.254513755243
0.380978715067
1.27138554542
0.979345488606
0.448014779137
0.891700161742
1.06190164686
1.31049931476
0.853413699211
0.959187990037
0.715242636121
0.598835298383
0.414854854081
0.534410090059
0.435859681139
1.34960210719
0.553663881993
0.878794122206
0.832536029932
1.32004506728
0.432036132835
0.61690276123
1.05966746175
1.04972778975
0.658005407613
1.17908505192
0.677752806699
0.622625832775
0.292089546929
1.32069599057
1.35642610747
0.380025849146
0.237319074972
0.22081498883
0.468879224965
1.30201429132
1.49398223826
1.07461245352
0.528481853732
1.20921567596
0.964899516729
0.728271835803
0.860869251752
1.05433109944
0.834916337685
0.615213691301
0.696915957674
1.35275760844
0.582628328397
0.407696911198
0.926256002673
0.963990340186
0.577895765345
0.356228728411
1.35297271897
1.21855212676
1.51876826687
1.46442263745
1.19627886317
1.54358621745
1.09043301711
1.36348599553
1.11847850157
0.367429333443
0.598739544282
0.680675582335
1.18380204085
0.569752894894
1.2214816214
0.72391656361
0.59074255348
1.53743196519
0.993567450915
0.364185119337
0.468595843154
0.797425461175
1.50829315587
0.791579884863
0.694343172029
0.982813229579
0.804156081217
0.777777625953
0.754555001576
0.812074831431
0.729413889372
1.4753505052
1.00732730902
0.680869590361
0.771957448422
1.13826541606
0.251607815956
0.515782644903
0.579698474942
0.758203441459
1.22605989198
0.929274766685
1.32984331438
0.64798472788
0.50149935283
0.718134730752
1.25205303016
0.726883810611
1.4858152229
1.29494205145
1.14827439344
0.877823631421
1.06479432349
0.637851150825
1.03913591085
0.464916734488
0.759396032974
0.522959791097
0.506587511421
0.510619195204
1.10328125459
1.50321968575
0.402636859434
1.09098698354
0.80183949264
0.410137666223
1.14289045119
0.670840964575
0.449415622118
1.08248629335
0.633823996841
1.39179623556
0.900436617604
0.415221675489
1.43649469663
0.976852484377
1.23570622353
1.34191295877
1.15581131731
1.14887576412
0.953398744803
0.410801174003
1.04146601451
0.577093410518
0.48059800097
1.10522361525
1.04730761864
1.44788122597
0.535630500508
0.965020547985
0.469518166433
0.56304623343
0.627154278212
0.766087482566
0.428762784636
1.1864974128
1.29148816843
0.820556828287
1.07641033049
1.40390899516
0.589817255752
0.4279912688
0.923421273336
0.890747277542
1.20551406851
0.399185201384
0.299728228764
0.953577900454
0.666589072113
1.17175068329
0.738350034082
1.39361816017
1.12778971761
1.19211976389
0.518451926033
0.838458857056
0.664280720866
0.705782934403
1.20679161767
0.350390703633
1.2505044924
1.66817115387
1.14047122847
1.26369351968
0.354427016752
0.639990419995
0.872470699117
0.463725352113
0.493597154694
1.18632274278
1.36458904476
0.495980077695
0.605569225272
1.16584370371
1.07004682007
0.831343540765
1.04509254856
0.339938677145
1.35819272468
1.29056450929
0.479447300524
0.725660641493
0.504482916281
0.961559338562
1.37124635335
0.803064826275
0.584024023519
0.46942829683
1.24064388007
1.33100463049
0.886030676199
0.799662750717
1.15532299945
1.05003481605
1.05860278854
0.98757997277
0.785127567793
1.27319039611
0.325467893336
0.555756860821
0.770258224868
1.41033735414
0.64877017066
1.03954345587
0.73013712096
1.11636595381
1.02624251321
0.594617856396
0.917509753311
0.72568734022
1.2023604759
0.662564663303
1.1432573825
1.25117876194
0.331584136696
0.836618077404
1.13651208021
1.17395423851
0.528769162092
0.893579791608
0.75446237711
0.951575917822
1.26955401901
1.48161493533
1.29861335445
0.375069333309
0.565935010276
0.910380503103
0.177329793695
1.09896836848
1.40793147401
1.05903978902
1.32234148
0.613138363047
0.393473920299
0.655420591711
1.08583531154
0.919400238006
0.940723844212
1.23195971967
0.424876197098
0.62947718563
0.851018599208
0.633338872181
0.850383160167
1.18868788865
0.619496870503
1.20490749595
0.916935901609
1.18261914845
1.02617019183
1.3065866346
1.02238306783
1.46159409436
0.905524714643
1.17271288362
1.50030636898
0.570097231432
0.36800827424
1.07472118544
0.982128233244
0.704923424543
0.492792033476
0.308569175622
1.13244455813
0.997668272811
0.37184603843
0.906633084285
0.772383684985
0.832898421186
0.352945893655
0.612395279906
0.985991369796
1.07174277117
0.756440273876
1.15719177601
1.24988392968
0.550760226514
0.258704916331
1.00186152472
0.950527842977
1.34488538592
1.37297402268
0.89863532762
0.804451046595
0.506997334464
0.586953326895
0.413667110634
0.554935853004
0.798872494134
0.912310315459
1.13655806171
0.530964861092
0.504498093898
0.667321334282
1.33504109003
0.351153993575
1.26396876357
1.40568198479
0.682712864457
1.28520319919
0.989603951769
1.12335355255
1.19412091346
1.07136765589
1.09593720911
0.370571887862
0.453474202382
0.524151046451
0.969358971505
1.2704902368
0.612599932237
1.2603692582
0.686573199474
0.680968771197
0.771925286377
0.368843504725
0.472627631147
1.25450696973
1.27049064768
0.678904131639
0.35902673942
0.67129483407
1.15889288949
0.85054482238
0.40252484506
1.31555863713
0.367829027477
0.782835851266
0.76130249402
0.681695816946
0.748897816482
1.00973729004
0.686596136439
1.0457493257
0.941694185492
0.466158817707
0.618830954208
0.845321199289
0.747426886896
0.254718562357
0.312738473376
0.598524359399
1.13781009818
1.07834301292
0.48701618939
1.31071704463
0.797621990628
0.914978030211
0.437889217274
0.474631081015
0.908907781435
0.46887683506
0.606443397294
0.723305794619
0.946392433507
0.490955814004
0.534364808996
0.46384390728
0.642316059752
0.483002818186
0.939440208225
0.463123392811
0.672751515465
0.975017407271
0.704999294858
0.469179618753
0.564206247073
1.12987358959
0.583456694788
0.620338172279
0.946443561419
0.457497900591
0.968982639646
0.646101531257
0.887839910056
1.20408623119
1.05092687132
1.20502782102
0.710396530695
1.47468197855
1.30150592532
1.03360161865
1.10842590993
1.23590470913
1.13605954395
0.417996635878
0.582222965026
0.506792804195
1.04988466967
1.5154628679
0.666377158613
1.1177236691
1.14709805266
0.410184485445
0.977820301321
1.42367428893
0.374447537621
