0.728614318643
0.853545340045
0.888491461656
0.867518865125
0.65247269929
1.25329706712
0.991278162951
0.648927035722
1.54095402768
1.12314887239
1.0308270183
0.606296965854
1.23284958508
0.68545633086
0.987034469776
0.75276697818
0.910476385267
0.5779580698
1.36319973297
0.605054573647
1.17965977997
1.25152390444
0.337274933249
1.26237199114
0.93701337037
0.511116763424
1.28597508194
1.19763466457
1.24920382765
1.02231572253
1.07183817698
1.15677952914
0.725433240429
0.618201688135
1.46226756911
0.369563763077
0.762662715776
0.265513882699
0.892439806918
1.08044329783
1.41400326015
1.21813477515
1.21072962782
0.895923932342
1.26909644416
0.397582827877
0.864982989684
0.917127098625
1.57123047159
1.13210089234
0.570156532766
0.491018247494
0.808178988894
0.359967634807
0.600694343859
1.27814598888
0.992972096234
1.27246425894
0.886916852376
0.952236232708
0.524992994668
1.09627511533
1.03912635617
1.39831536215
1.0000006981
0.639644624746
0.725824587941
0.272806497071
1.38461446629
1.38872467141
0.449251721384
1.29754224241
0.62425071152
1.14261803416
0.691608688062
1.22647249192
1.11483174619
0.545765759884
0.435322142019
0.327012369451
1.08642426492
0.487305823142
1.40688663424
1.43351102737
0.69935471367
1.43856691489
1.46918685803
0.785100247287
0.335648207282
1.47137362228
0.797803475587
0.36814018765
0.396071568981
1.28808187763
0.901603633413
0.9946781914
0.902969502217
0.442624627406
0.454744791238
0.831860176771
0.826636290047
0.40960472187
0.861490730638
1.03136674486
1.0484992
0.532807019449
1.05075348686
0.657752714414
1.21778068785
0.733640323366
0.378542468531
1.0049423228
0.97298069543
0.58800458601
1.04013326425
0.583037692946
1.20284553579
0.961881085699
0.42191397576
1.03551048333
0.960958346081
1.07212046033
0.827259006464
0.967363533027
0.825708580698
1.05050544685
1.04843815492
0.473124716346
0.31282331299
0.825635934577
1.13426078902
0.802678157919
0.64453634788
1.09192784082
0.40169950999
0.350638811606
1.04528601677
0.621976106899
0.474455472718
1.15277597173
0.893412654634
0.488870334047
1.07928897649
1.12911924964
1.57383578405
0.952471032892
0.507510349882
0.79205181779
1.29516782837
1.10623209941
0.469183947116
1.4620934109
0.356477987137
0.475602808334
0.884122657948
0.626801063446
1.19176439017
0.978331789607
1.00814398035
1.38485588478
0.873705100034
1.40773847735
1.13484140031
1.44554173246
1.31378202719
1.01771221503
1.2444111748
1.3995869096
0.484128611382
1.01119077616
0.350731620309
1.10667091921
1.3237789078
1.1978093614
0.445019481843
0.862247637386
0.496912725005
1.26182582716
0.352957615792
1.37531655447
1.1745597942
1.05251367368
1.33409879045
0.908908157869
1.14500983874
0.578772628338
0.242303925032
0.82240696991
0.991823799908
0.929907204506
0.707687462605
0.847592849364
1.08541689994
0.792767618888
1.17429536654
0.571561769465
0.420901817573
1.05636135808
0.56202366692
0.527736361501
1.14155480736
0.632778731697
1.38309251658
0.806658583726
0.76242211927
0.523248974675
1.33514296523
0.72653126839
0.730826120601
1.41185769749
1.00531705827
0.301205757496
0.60117026612
0.519836977323
1.08047406364
0.465416227238
0.361403085202
1.04220374621
0.704406287442
0.687827814579
0.750759339158
1.20506210774
0.873193083672
1.03014356903
1.27871033438
0.648540755041
0.536263682649
0.840347865716
1.57952766738
0.599011245625
0.554953671505
1.09118876494
0.509890879937
0.637475725032
1.04485347961
0.759644076799
0.842661606417
1.38966529121
0.83364604201
0.851768576557
0.973654224284
0.972625509041
0.74751216096
1.23328374095
0.890817624315
0.753313110338
1.02974735676
0.900985174219
1.03095680031
0.894796560538
0.542843472836
0.369886119857
0.276043994167
0.871674745001
0.549677163943
0.89301731012
0.808199800745
0.767639718244
0.508482032925
0.417166786612
0.840012690093
0.855823891503
0.718677830503
1.0911326462
0.6191966522
0.420344091505
0.602832340812
0.913150943751
0.714062244167
1.01587733585
1.17708377479
1.07485622131
1.07222370831
0.265144636846
0.840804343961
0.722926803568
0.641327416744
1.12759808302
0.977585837856
0.676898535338
0.614469416717
1.47481915235
0.599204236647
0.653692702728
1.19136378298
0.486937954112
1.13379397626
1.18099495762
1.4085821672
0.619760741375
0.343038396275
1.17608386181
0.529814665608
1.01522019074
1.01484565308
1.58317934783
1.03843841194
0.96188664904
0.645919711252
0.332321009146
0.611674625005
0.713777861093
0.841472242098
0.632288957743
0.494517335454
0.546572460796
0.878993397345
0.620307912359
0.967136049917
1.07873395979
0.447782142221
1.34021314401
0.327882898317
0.928163246724
1.12718359523
1.32795237849
0.752506002311
1.16891523024
0.509285841814
1.40533208495
1.29876254233
0.377009132869
0.933830343099
0.976685790543
0.9269041943
0.71949804758
0.399392150113
1.05886969936
0.973397183181
1.08724970668
1.1066886188
0.574074823271
1.25792324528
0.819011340691
1.47041307085
0.74590492547
0.485900943117
0.614055946203
0.519782200362
0.479189791321
0.625291290662
0.870632914861
1.41632356045
1.34790732941
1.05943182577
1.48852721153
1.35410492115
1.25411957485
0.391460842261
0.840652683687
0.793273020525
0.976581291962
0.946455383495
0.772306257777
1.42751122605
0.686019714977
1.12855651432
0.710896163351
1.65167420191
1.51640670422
1.46764360395
1.04184212792
1.20691715496
1.12786380442
0.852656645374
0.40556788551
0.949134734648
0.317258586309
0.814427544221
1.09470282824
0.586222876435
0.861066428445
0.681627395784
1.7248424085
1.03866357732
0.909919214202
0.498359488811
0.350495726818
1.43687624425
0.89760021128
0.525784733889
0.754809782752
0.864922052295
1.01489813279
1.20584985057
1.30776234596
0.668638590364
0.924876314831
0.424508624634
0.209578949062
0.560325471731
1.13870618067
1.39890706118
0.435440400654
1.2205448203
0.357103635389
0.549290963811
0.33977918793
0.756517808465
0.618645984444
0.738045093891
1.29306314485
1.32420837664
0.589269071102
1.23575558585
0.863279756482
0.99367411521
1.03583502716
0.870034103832
1.0409539574
1.21061095462
1.27942155604
1.49758656433
0.882415874541
1.22921894008
1.09987024238
1.15697058049
0.811488172964
0.694202025791
0.825331534932
1.19570397929
1.28814886219
0.426515374471
0.946280820136
0.85077257941
1.27635287871
1.02551416079
0.966297090195
0.792580630336
0.966671357616
1.3899427159
0.638143250434
1.0585856231
0.59237067932
1.49597370092
1.24213263449
1.50176292398
1.04601381018
0.776151318067
0.839711072442
0.71361530285
0.547313932767
0.683626049262
1.16895377405
1.45004597997
1.23497685121
0.95448078609
0.81564734545
0.673718543239
0.852310412008
0.908961512796
0.979693377933
1.26162080836
1.01394014526
1.35663616023
0.926403594453
0.622827699733
0.514988125461
1.23272590388
0.675346910029
1.03444659946
0.744554805917
1.0378600504
0.62798297322
0.862440183987
0.852547563201
0.45526616061
1.51378570651
0.423891293218
0.958856477577
1.20075016177
0.920239419611
1.33325583608
1.0669290313
0.318730870014
1.21182982565
0.548421868908
1.02728174779
1.18491676919
0.958089699787
0.96038832357
0.340393241316
0.778661168511
1.42092093591
1.03071418321
0.960643969412
0.40997661147
1.13680645713
1.52028735723
0.977139640098
1.22798566645
0.741930584133
1.05271336467
1.39854573596
0.898869658656
0.779805180639
0.959770279599
1.32423380957
0.969821735936
0.648394407547
0.660826639575
1.17394314674
0.724708815008
1.55554825364
0.899848990449
1.07122646688
0.478189210544
1.49632156489
0.796097760483
1.01044156941
0.392460886809
0.558166936143
1.34286956579
0.542221755441
0.488076536982
0.916525185086
1.30154782421
0.912970302498
0.842231760972
0.868136540416
0.554729768608
0.889078236245
0.441782855314
0.783315171264
1.29596786497
1.20728602827
0.50297471868
0.998369779156
0.977271314813
0.730041450306
1.29991185722
0.510778501084
0.900912890441
0.330540046657
0.679522657523
0.531118645737
0.808530313592
0.438799232536
0.974130534325
1.31371115816
0.97571212743
0.984029598013
1.25925661058
1.19808829266
0.832146492207
0.466020885774
0.564092850065
0.934481725267
1.18233564587
0.892977024111
0.708556915668
1.21579032605
1.3667604357
0.362256251153
0.669178539534
0.489556754852
0.946330214649
0.816512647026
0.990554453951
0.667189732427
1.41246196145
0.530282896649
0.510203455216
1.41394720088
1.33917968249
1.1191643368
0.457974749813
1.07228747061
0.400233007554
0.841863390357
0.801586480974
0.94362485698
0.489503778065
1.06166127912
0.576245956991
1.1105667728
1.60480725237
0.324849082482
0.384851231244
1.10536140612
1.18308115532
0.403645670916
0.83726525037
0.853359262466
0.695009532136
1.13295567026
1.51214471598
0.401527576459
0.870518009496
1.19498861536
0.449903862825
0.551275550138
1.49987763838
0.578143401683
0.562091115514
0.405125923699
0.993157501821
0.416730129179
0.720414317692
0.554857062961
0.393128914364
0.606665032074
0.660280196771
1.13097911704
0.6679531324
0.957895993468
1.0456860503
0.776620159141
0.638107264784
1.21364015961
0.939275402512
0.352967533112
0.413987303083
0.406339486154
1.40935114549
1.26747258622
0.380423107941
0.755125761361
0.479789952855
1.18447704703
0.313558937628
1.02146086258
0.896812331421
0.701099003434
1.29004272639
0.948525035079
0.94018599824
1.07911767454
0.605506616748
1.15923352857
0.2551808558
1.31522244871
1.47840622288
1.36232639719
0.531518900918
1.04018901945
0.237068790658
1.25339976896
1.00062247288
1.1601216717
1.03756214832
0.663175387762
1.48878462921
0.584965275661
0.353292506177
0.827250058958
0.337796761986
0.299279952704
0.376577688921
1.2203102367
1.16078483069
0.946630733319
0.66749786311
0.78294505371
0.579057200162
0.568788796856
0.833428057391
1.18483070844
0.774134943231
0.386162205688
0.47330522425
0.689338470598
0.664393818642
1.2479337586
1.40131327624
0.635668780658
0.806880932
0.419864993793
0.563320907195
0.71486389622
0.574494071466
0.811097525218
0.329480184791
0.619739532118
0.732964896736
0.963804073975
0.221993693564
0.730984804152
0.793596969535
0.322562533672
0.820636606777
0.975472013824
1.07153240024
1.29020292373
0.737670618183
0.79575061878
1.06066151304
0.897911212003
0.813363377362
0.998907578135
1.58171584454
1.08335539666
1.00796325012
1.05424866341
0.850189017992
1.16905955945
0.736387970636
1.3094376127
1.07883823255
0.535515557157
1.55113716406
0.506947357058
1.25705136317
1.07328705033
1.16291721801
1.30102361694
0.457282881642
0.967757908859
0.433222682554
0.967136876068
1.21992068282
1.18093724193
0.68322756289
1.40963433739
1.06010231048
1.05493665849
1.50766195197
1.55139120333
0.576706283414
1.08239707986
0.4748042355
0.489315045826
0.586894088075
1.18884770219
0.956488578639
1.08343238022
1.09344741429
1.20409671514
0.638403272368
1.22095906528
1.22314916564
0.709489717723
0.42050880609
0.840569256557
1.03007076395
0.98449404787
1.31164290089
0.921289522507
1.0656397134
1.00581421402
1.14630915098
0.889014158679
0.535570211713
1.3860169894
1.30616794574
0.429739395484
1.05919459494
1.30013232675
1.24374252557
0.468054794143
1.12639527118
0.979837584656
0.608562787467
1.3229246408
1.31413253623
1.10845776601
0.578828597902
0.856684887851
1.53008602903
0.611911853266
0.835422941857
0.650127217767
0.892230930888
1.22233174586
0.446685236168
0.8563961789
0.782440400661
0.89936336496
0.7341349411
0.715533207516
0.99142174186
1.25201165107
0.417577066334
0.382515662992
1.31400654768
0.244056249631
0.712246365109
1.18549561261
0.417855014836
0.967370576322
1.30018700681
1.55776898073
1.14529932008
1.24386897822
1.12094842994
0.501082856426
0.549412277255
0.452647934253
0.696959709908
0.313705689759
0.838768159549
1.07358631556
0.864188230972
1.08892811228
0.977881761274
0.73969690881
0.299329893024
0.719085182632
0.871988634638
0.199664115063
0.864400878329
1.35467716373
0.927114180107
0.653502803981
1.28397862676
0.854837740308
1.10253750002
0.786419798919
1.38679065803
0.341220526727
1.05793620478
0.756064424527
1.30038169017
1.15810169286
0.949009113634
0.614377136378
1.06352108628
0.425321007797
1.27296179145
0.958504051898
1.02324237743
1.18019633298
0.643010096907
1.14868300501
0.605125172229
0.778254871103
1.11431540003
0.592240755307
0.825204909943
1.20565698521
0.431982603683
1.06601493438
1.3197188878
0.861419093907
0.511801697663
1.01960645897
1.04315015557
1.39904184777
0.615939357845
0.996088665646
1.10252038779
0.789659009709
0.859931732247
1.4378395078
0.473541683708
1.36684259494
0.80751570903
0.528779472719
0.270810066631
0.419022079103
1.08890654676
1.06724931814
1.42003270642
1.50246053542
0.887224946751
0.59093186083
0.572348335232
0.330642764907
0.809104002648
0.981353315094
1.12795531627
0.773280352502
0.407838954262
1.43148115666
0.286973425774
0.680982363267
0.890715081902
1.15143482209
1.13389546058
0.41033684895
1.30709842425
1.33068147525
1.00915552612
0.712349237194
0.954655304705
0.76629683993
0.992379627203
1.19502198146
1.13022077154
1.12419748446
1.10930314208
1.21515238737
1.0595088686
1.01234618578
1.28448840264
0.933554430167
1.32918281777
0.548284257775
0.526075681747
1.30762144959
1.11057415779
1.24580773332
0.352543974504
1.07711182448
0.544751942165
1.01116487899
0.395221889605
0.607303423996
0.851811882788
0.870027832975
0.752561479773
0.469834855078
1.37582168968
0.838507499999
1.22381451304
0.481709946931
0.641865189107
1.14808285365
1.18649682153
1.39128753285
0.68434403202
1.59843720293
0.374694842694
1.19494472036
1.02926000852
0.866310844736
0.477526753165
1.08691873608
1.19943329569
0.405819876284
1.13373395512
0.47387780295
0.893850064525
0.434843332775
0.564642154664
1.31679734059
0.817912818704
1.63948097921
0.444902263843
1.14095565724
1.05349993468
0.375931959939
0.352106635303
0.754323955397
0.990922000733
1.04135832092
0.528347244879
1.55414424497
1.1174713621
0.489138401129
1.18860155398
0.87418914438
0.761514667321
0.818666238253
1.36836833161
1.51933829198
1.00117431219
0.902621770485
1.362046241
1.03624976349
1.18507637472
0.377570710066
0.554708958701
1.01236900668
0.361377209188
1.58538583797
1.14368384429
0.603390666018
0.608057408869
0.318098746484
1.10458801807
0.568454115819
0.427026246504
0.999003127143
0.565198909647
0.910256376159
1.09469044484
0.534172522117
1.13599875181
1.18596410555
0.663611625402
1.37326595851
1.44236468637
1.23328904858
0.679029061067
0.536073704133
0.526752379045
1.05319097282
1.29661359817
1.10300352267
1.27564477566
0.633841625785
0.68720204039
0.642483505422
0.335135208186
0.291203420891
0.930725873995
1.25948512769
0.762382937756
1.15784194108
1.04998127977
1.05328096864
0.806417598363
1.35110681132
0.542048142307
0.966191584101
0.541990756758
1.31037520195
1.22672712005
1.06708629229
0.443878833397
0.720899498123
1.32331446412
0.487391974474
0.537239416801
0.924455324829
1.29843669458
1.5373490533
1.17835136503
0.645577896862
0.70908981723
0.331112967579
1.04129721891
0.491560912733
1.14542551977
0.397191728113
1.01719755952
1.55945502218
1.28737578229
0.43095470122
0.285531324037
1.29952702374
1.26478179006
0.458789562592
0.931535627629
0.392795562608
1.16787981942
1.39504024806
0.553935568824
0.785956966127
1.25777043541
0.700031518443
0.89383286551
0.628784333548
1.28165176352
1.06452602477
1.44651660468
0.846654489761
1.00082026043
0.552713462705
0.5390559234
0.620367784973
0.594740577833
0.834364377963
1.29400519697
0.620154919292
1.17073628642
1.08272445682
0.620993098152
0.85741694905
0.824377403967
0.935719647153
1.18836835314
0.58077420907
0.866801491007
0.343130726117
0.653907299819
1.24224816401
0.409116849703
0.978235246541
0.331102877324
0.997491226405
0.516932865809
0.919463304478
1.11462127657
1.09075020231
0.618921172318
1.34850893844
1.15323141959
1.31974983346
1.07471604013
0.986303854601
0.874663641408
0.646410162483
0.657057121999
0.626324695857
0.526803323359
0.535546931609
0.56908677926
1.62484240254
0.692415408108
0.569187317512
0.774988150298
0.622646348716
0.687257889944
0.592343292491
0.677030554165
1.19992558493
1.30222158739
1.44294119864
0.467480873141
0.501363140667
0.318887445235
0.471247401905
0.699700123267
1.22640083142
0.770552606722
0.894392876326
0.845292476747
1.36808155818
0.489300482866
0.43593457637
0.620312045323
0.321042454451
1.18939564893
0.696219411127
0.376700587642
1.0185875954
0.844059624392
0.792347019548
0.860094558901
0.369230076749
1.00797579274
1.28740999585
1.2237816498
1.18134857293
1.64276921054
0.702221161073
0.54356615608
0.918220671898
0.619182921047
0.92624025204
0.832649078355
0.78815978774
1.36113607105
0.763252127316
0.657414343893
0.591647164244
0.925770433481
1.48201275072
0.643281335715
0.796200429983
0.874636205889
1.20097464786
0.883534386324
0.539508712217
1.08021336206
0.618436876432
0.532745075012
0.563389890026
1.0523157058
0.50971586381
1.32753805934
0.491824085173
1.23154583993
1.05729897787
1.27588839209
1.43523960959
0.498782399904
0.401892108169
1.15977162386
1.0514820798
0.711353142872
1.03265180073
1.36381316946
1.48177190591
1.31081040964
1.22218939599
0.335988399772
0.650709491667
1.22073893695
0.846678962065
1.26965718087
0.512001440639
0.385941324877
0.240066779777
0.355255020926
0.65322418651
0.635103383955
0.441355482941
0.823189138205
1.04444627808
0.734765241974
0.676912400686
0.662041071334
1.26571189526
0.781115680434
1.17938324895
0.40985018404
0.494897633836
1.26575054171
0.458557018932
1.09391107932
0.585069646684
1.1597584869
1.13074642705
0.269445804123
0.322374958555
1.00111147704
1.43431347276
1.65899512955
1.03888314106
1.178419521
0.980500066826
1.34128743911
0.441637620636
1.08727586968
0.651787400768
0.493480862386
1.06633214732
0.611764303199
0.746924407206
0.543655392432
0.923420239666
1.1143594287
0.877273519993
0.373749647549
0.467204451367
1.1756195681
0.533599519575
0.27873150919
1.49012692644
0.980741155039
0.552498212944
0.53830639813
1.28808259374
0.856708280876
0.64590255029
1.32192067303
1.37009818235
1.00117103229
0.658771403119
0.460368280225
0.606239123485
0.389273307859
0.59903393542
1.09628384866
0.298209170007
0.291886445904
0.749713996532
0.366019643204
0.69249737233
1.18805564247
1.14042969371
0.539459663422
1.2627532388
1.03183583379
0.478707282539
0.527796911441
0.447945507181
0.545514915024
1.16681716817
1.30330581552
0.615266027013
0.983884559146
1.24353153414
1.01744046502
0.420836771869
0.824872082494
0.965448649391
1.21435245512
1.24371279484
1.30229610089
0.599183105571
0.624580788109
0.940305115637
0.68244837824
0.935897589009
0.666909292132
1.0904185172
1.3232520681
0.717384473923
0.930128426985
0.397562387594
0.407240091445
1.07382168647
1.32681038908
0.376038169286
1.16668699632
0.954059593956
1.25556453063
0.741760691728
0.500342718622
0.569436683989
0.485948461951
1.24965666262
1.28814872244
1.02060554261
0.563840660418
0.762046058446
0.297762371816
0.376885792016
1.26905884057
1.19949078314
0.550848373745
0.856325491078
0.523145289775
0.615991626956
1.58130642797
0.738829494818
0.788381305808
1.20773577754
0.47251177096
1.08324689255
0.691382793876
1.41750298555
1.2872682026
1.03929912881
0.541265926744
1.07597188169
0.417360758394
1.35444183279
0.491256015124
0.610492004167
0.676305527799
0.531846255826
1.19674266242
0.531971287969
1.29192347862
0.500855778531
1.23573153034
0.826586478833
0.645136740719
0.750584294977
0.69519319749
0.703880672858
1.15540055197
1.47582651637
0.516585596631
1.34165767164
1.52961343662
1.37706862791
0.846872661443
1.2967853224
1.49030849908
1.18886647345
0.843991455095
0.989876713278
1.16193432223
1.20918396129
0.28986241104
0.621478065041
0.299456602459
1.43884659046
1.28680508943
0.449615150424
1.21224715194
1.07877835897
0.857417772195
0.840490573337
1.16816110762
1.46714701367
0.940176738084
0.374292968454
1.61022446282
0.837620337763
0.627445885847
1.0716479301
0.474910333252
0.812924679544
0.785526167816
1.29389281735
0.95699903119
0.562731883067
0.98184156593
0.413248177521
0.637978333391
0.792845479295
1.1669343126
0.422057059754
0.21484784946
1.14128975087
1.02663772166
0.984018495058
0.891601593812
1.09837863432
1.19212972165
0.390357682536
1.21150007435
1.21430433821
1.19970367387
0.733651774561
0.605486818766
1.3234309811
0.545610632637
0.907675799939
0.527763265822
0.610054743655
0.514041123502
0.441573075966
0.811229622981
0.703069184095
1.03945002488
0.597106008477
1.34530695983
0.33067199844
0.37613069212
0.650141646069
0.973585432511
0.72989578925
0.581345981741
1.10297727948
1.13906343384
1.13227930043
0.624434701127
1.11974861196
1.38040349603
1.1701177508
0.640311674204
0.412010237867
0.485976450204
0.396588743267
0.348162503382
0.799937546813
1.27667106876
0.969642052753
0.676715260908
0.890588062001
0.865354137814
0.528912271085
0.59366688292
0.713751091608
0.810876877503
0.487832062277
0.511316232565
0.797754800145
0.460526635158
1.21861167868
1.46092169956
0.29988514933
0.536244226484
1.31584527322
0.939276449572
1.31921992009
0.806145394453
1.58500689942
0.30790899079
0.535069589912
0.983208285957
0.520158334067
0.70258826038
1.46913709646
0.675997385876
1.08498821829
1.20806710849
0.534945926977
1.04001456392
0.751092432767
0.391617087385
0.918740004272
0.744709472731
0.704560940831
1.31209612899
0.5073969164
0.374685101123
0.759216332117
1.05672549479
0.839294542279
0.495158208073
0.877350366481
0.967879386158
0.697855513589
1.13766534963
1.02383633674
0.666848032453
1.19547262527
1.064316925
0.82078353421
0.467696794659
0.578636338858
0.502763235548
0.955454080616
0.616507753956
0.549297477681
1.17721131928
0.378857931592
0.803126709373
0.792874821041
0.624681655109
0.946360534297
1.0664561371
1.10187503626
0.335981765326
1.53360909731
0.590706855035
1.23688058915
0.42661717181
0.469615117527
0.474726539044
0.569357933499
1.32719408841
0.513843411955
1.09925605679
0.610944787461
0.375035925306
0.615881953769
1.2887903473
0.60178274064
0.659081823559
1.16521172224
0.841022135199
0.626549924881
0.383926228658
0.517624764734
0.713230377173
0.40103301848
0.852382741728
0.720575200914
0.888551425949
0.637344032353
1.08820123474
0.343769509343
1.04317231213
1.0886766234
0.665546751437
0.649033032214
0.789549313358
0.76000655161
0.815641849435
0.481302334528
0.589006944503
0.745869237952
1.05740671213
0.815054781378
0.474299994267
0.918998633809
0.42005986936
0.856495656184
1.17043116637
1.31585281351
0.5581782106
0.429127334266
0.843133829762
1.24328083753
1.25037703007
0.735126715561
0.792176306919
0.842860321634
0.928795261094
0.490924233233
0.277909830684
0.557645597361
1.17287758079
1.11346149506
0.909682841409
1.01010085066
0.851622337217
1.10767885833
0.56912653891
1.38836108886
0.524613669618
0.594085581746
1.3621851706
0.413067949908
0.806111035851
0.507952368307
1.26257971527
1.16895125226
1.39379743669
0.538348829596
0.850857853542
0.499158019059
1.06487478097
1.19783978336
0.913783762744
0.560313342225
0.245929797637
1.27030568977
1.09766333109
1.39609367247
0.49677939243
0.977615040656
0.866216811207
0.876846395426
1.05381908689
0.882568361025
0.493318207771
1.01230124749
0.481340529936
1.00034652525
1.11991048663
0.246831491281
0.787407097366
0.643948645653
0.601713083074
1.15197681904
0.450134726625
0.530807496082
0.879473589433
0.66048572995
1.40022787882
1.27916561902
1.02291212316
1.3609041427
1.49194980254
0.675695683398
1.14460180395
0.876360303502
0.597694225569
0.926771628231
0.544710706711
0.727170348486
0.54146819823
0.760885245523
0.532117632405
1.24582543295
0.514106026426
0.499173453084
0.711554195236
0.350162471159
1.45761274119
0.588443802235
0.508741527649
1.17357775217
0.909639993169
1.10077864373
0.395444779048
0.384157216764
0.803663172197
0.99734068123
1.08455805936
1.19170610599
0.858203248507
0.6273670299
0.475777789235
0.866900026351
0.471155118686
0.602901968695
0.706010976243
1.06897968417
0.722889929849
1.07180846183
1.11165773836
1.35396395396
1.30789705396
0.457962840451
0.594234092495
1.22204908471
1.13820438567
1.04654006846
1.13181797951
0.348055903273
0.819522851405
0.96288467454
1.47049277805
0.917859827622
0.833357049314
1.06110178661
1.4849120412
0.482447075588
1.09653565923
0.931997830005
0.91918491186
1.01958765665
1.1917072677
0.898480410723
0.916381230046
0.601701996566
0.795414685155
1.21412989972
0.891496891832
0.870743255202
1.08211632623
0.889776803272
1.27423657897
1.22481623902
0.991510266947
1.12259028095
0.787432601794
0.50979341019
1.24958658335
1.28962877179
1.08936211129
0.927545221243
1.28939933553
0.891744716281
0.621208649596
0.76862817072
0.663214170009
0.59654594773
0.927905710925
0.544920814186
0.530582847437
0.468947561726
0.408476399561
1.52825285373
1.25048763842
0.694677178672
1.11636550143
1.0467068508
1.07227364661
0.939247560272
0.883880674813
0.770488304552
1.09143550972
1.13339614934
0.703598385351
0.650075337178
0.788685126656
0.495282527724
0.815412048758
0.276563988699
0.674089794542
0.406699824161
0.954687757966
0.533614562503
0.876318548527
0.571318360984
0.438089461209
1.04016711802
0.59383641694
1.09197807513
0.456345918821
0.496831114509
1.07336575238
1.13526262831
1.57950381763
0.607062064296
0.413259698563
0.581705879352
1.03959908622
1.53165792659
1.19584005993
0.654095730908
0.454690979184
0.536341420787
1.04632711739
0.772820554196
1.18461333405
0.715390815117
0.820903018096
0.370256368954
0.338551446124
0.470269789828
0.422762629785
0.656243097475
0.549178115584
0.590256710025
1.23392872128
0.583162784778
1.22144125125
0.638320179925
0.451166209453
0.605977432487
0.486845649944
0.338454911904
0.677648336419
0.292721112164
1.15640427177
1.12760732534
0.655891312313
1.00089335209
0.986504796329
0.913462028444
0.731045606155
0.614642652064
1.12572014091
0.682415240741
0.762695158498
1.47913757298
0.675744734505
0.753414610874
0.397385628286
1.61485275672
0.921352229114
1.0907855115
1.1834910998
0.770190004163
0.869861625064
0.35334784129
1.42040134504
0.881721933654
0.556194309484
0.510237434887
0.961824643926
1.01269851866
0.433344848035
0.946649758296
1.27160929919
1.22269679216
0.557961123846
1.26727553649
0.740554072429
1.09948303781
0.68750002736
0.736551934676
0.973974748861
0.922274852023
0.436999047035
0.507389116622
0.644870921907
0.667026211513
1.09092554441
0.395698510143
0.953418147869
1.13137064393
0.952887094967
0.67791104972
0.417205257637
1.16216190273
1.29173051261
1.23786972395
0.981582622973
0.524518879241
0.715246285516
1.09210295455
0.945271630968
0.386827119138
1.10270838435
1.06183909037
0.532044545844
1.32431140571
0.603413542788
0.311307963858
1.33902769975
0.511797715765
0.852007579012
1.04825019044
1.26996462731
0.857409741411
1.38912033726
0.794946791881
0.706791946683
0.370587742928
1.08968798695
0.499982058366
0.396399093596
1.24112465835
0.947587212498
1.07898681407
0.511669321227
1.16166498786
1.29691228179
0.656981996637
0.830075917761
0.710032822019
0.529443375286
0.972436011449
0.938623193719
0.502033231698
0.50789936167
0.683462571039
0.358814521244
0.42176259703
0.707082309644
0.368399333469
0.737609590785
1.38698543177
1.11784286993
1.11611482343
0.527805501006
0.810052149103
1.00863592697
0.778172013876
0.840549888265
0.523577189164
1.15719154123
1.18083133244
0.842133515132
0.566948650317
1.05597099033
1.26456351811
0.98098605438
0.473379873364
0.826632314149
0.60554316975
0.366454849135
0.816595020202
0.754227205524
0.797739901999
1.1023078731
0.854428612865
1.07144352179
0.868490793859
1.37103639522
0.379509540092
1.40041407767
1.13980544309
0.83026637748
0.980506593169
0.595830325511
0.432768375112
0.82244278851
1.28530464401
0.832059953047
0.648536556913
0.394358896839
0.589393224339
0.507527255699
0.678673161046
0.773911792258
0.41388090107
0.685151964014
0.438783823886
0.660619508697
0.565326436595
1.43951365501
0.633131262136
1.13994753723
1.1123067241
0.531001429576
1.52121598742
0.874979323656
1.15238121997
0.830730148451
0.542356941141
0.518870972216
1.55509463213
1.16841158319
0.789344016254
0.922138751822
0.714503664182
0.510751751122
1.39535044286
1.34447463167
1.20298392069
0.501265034895
1.22521493829
1.3486125873
1.01382698952
0.697497542509
0.61158136126
1.124844431
0.560924794937
0.774468527438
1.06430606519
1.02290566187
0.711336948083
1.02311517018
0.563607788136
1.15176835879
0.857697608644
0.33728199098
0.527985823729
0.265272941557
1.09594122292
0.332252478097
0.866510625371
1.06508772399
1.3689521436
0.59859415107
0.742344362911
0.601169993996
1.0695887384
0.966010680986
1.07901876205
0.868060777492
0.761222940628
1.13445092601
0.70035886843
0.897501493354
0.746253167329
0.980215331415
1.08822683309
1.11376920274
0.536005132616
1.11264430484
1.04831896701
0.540290487114
0.652295950375
1.07474042866
1.4366184847
0.354915597339
0.623587580835
1.46814557826
0.91278557416
0.60607191397
1.23736328923
0.795991001238
1.54405244976
0.916493049047
0.68110657557
1.34647454466
1.14660981362
0.493637921169
0.539938351428
0.873944412795
0.99948714842
1.38808735131
1.09597908731
0.767746583415
0.525194043742
0.517923284566
0.440785050835
1.26486926184
0.80651497299
1.39903465623
0.477422453291
0.455550518881
0.738267361875
0.598969712045
0.835435418286
0.915754901295
0.655557029558
1.18115298681
1.15192116376
0.769053248271
0.475198555709
0.328659955435
0.767638014264
0.441778430872
1.13512842181
1.14496083985
0.821047840046
0.419161289625
1.23383510905
0.426086793903
1.1983734035
0.211168324295
0.642614672156
