0.746707430981
1.22198360312
1.03071948818
0.924433415645
1.0602971731
1.48186617348
1.19484030821
1.27531950877
0.772031655727
0.932693677516
0.566291874592
1.14778172676
1.22718407312
0.646951431856
0.926596008052
1.1172135407
0.985521912713
0.406118370572
0.862636451869
0.315754517861
1.3213056136
0.624492455772
1.36790219279
1.16497762823
0.874002276566
1.05297785821
1.35901006547
0.548353628382
1.20093788707
1.11713222923
0.993108047779
0.920841387232
0.892184006938
1.20362877042
0.343719182764
0.167278018732
0.917667379936
1.02778995757
1.30244336545
0.540460994405
0.525517617164
0.406258571949
1.45492734752
1.24860080404
0.343113039825
0.711329693969
1.31576219493
1.5797748738
1.37957127944
1.36366283913
0.377433142087
0.777445062232
0.845872955804
0.578042445439
1.07074154738
0.54700514644
1.08961970279
0.357226854277
0.603899554688
0.617389719835
1.02998003382
0.557617758648
0.950371793423
1.03194787995
0.767958136727
1.5505520186
1.29782165485
1.25074674161
1.3988071005
1.14177354853
1.31455925742
1.09784476156
0.887423790575
0.793235231987
1.48329818367
0.745758579476
0.594519976842
0.610901785384
0.611131929103
0.270870341606
0.517062271996
1.07996926648
1.0374346105
1.25013364726
1.07747694471
0.110361644162
0.552652432208
1.0771474474
0.441187389495
0.624524072656
0.584032108958
0.464805472132
0.74206520886
1.34919220963
0.993028159894
0.681209657763
0.583585104734
0.463635218115
1.02254062392
0.93990822183
0.515526482302
0.871139513219
0.750057926788
1.35212443599
0.74749293367
1.17408757845
0.811230820338
1.08190400443
1.2158614938
1.28911616466
0.815420918528
1.19282071684
0.43699154254
0.785249303948
0.76202401341
0.828272161139
0.981191514182
1.53739763439
0.774846609718
1.4143635191
0.91688115602
0.350333147829
0.690539488149
0.790657949648
0.485202166537
0.554792517221
0.777113702942
0.73895623987
1.61113309958
1.07111923987
0.673655015707
0.803551789862
0.96251890607
1.12373214251
0.703815596876
0.488791031055
0.46603414004
1.08747990594
1.07609399244
0.941969098789
1.0865530807
0.505037089943
0.895608995888
0.645226502078
0.378129782038
1.17849734826
1.1180881914
1.02598393327
0.286160897473
0.915844354784
1.4855528573
0.738795833086
0.688733486624
0.948017473347
1.29027972448
0.843559496068
1.33548451689
0.307570990428
0.670262399095
1.24388219922
1.37697615945
0.602230227369
0.398885232188
1.05881958278
1.35761980441
1.01901202919
1.17780835462
0.37733550982
1.0409065133
1.20779630045
1.34862217164
1.13455540487
1.47495623316
1.28501744355
0.778520014112
0.525604577825
0.328276324618
0.448767110751
1.17979999716
1.44418675625
0.698019827678
1.0600849119
1.16683500423
0.947038634703
0.801727012767
0.591757296772
0.754501583041
1.02624441765
0.410371200493
1.23086882457
0.7288313479
0.668214757902
1.41677839307
1.10856726173
0.352353623147
1.31033549256
0.677332980982
1.32330340494
0.359658289467
0.820393156502
0.869985001655
0.904420249762
0.524060591129
0.297908370662
0.604991806295
0.874629732424
1.06942817454
0.361328765339
1.31826465167
1.14651689211
1.22969027395
1.16468624655
0.707028825492
0.984529493008
0.998171413
1.13558898162
0.4194403706
1.00289057776
1.34825472032
0.63548563365
1.08708338184
0.271085930521
0.633011903598
1.0226285681
0.776831274704
0.589666193117
0.993407799016
0.411785345467
0.699984700736
0.515421945326
0.410034493025
1.09943779344
0.58483909836
0.867514127987
1.16316011362
0.698107392632
0.669463231535
0.401057807258
1.04115700129
1.0184549605
0.873471014575
0.564880557116
1.12973471581
0.86693147003
1.30935282718
0.796929585545
1.03881990085
0.985614035998
1.01211579077
0.648677211401
0.56904141851
0.333725859408
0.322124838237
1.06978558984
0.896167959211
1.30030573301
0.415575771646
0.575900873996
1.2231153815
0.865228245986
0.668536235896
0.987969652418
0.856109644943
1.06515875141
0.799164140587
0.231408167802
0.804283375863
0.602612336173
0.652932668172
0.735621805003
1.47214236123
0.751073141108
1.36296663542
1.13786589141
1.52716619944
0.439797744367
0.785423930734
1.54011426273
1.15810073889
1.2959873017
1.50787326149
1.22216295123
1.00967111791
1.22199900641
1.21018119621
1.01144349599
0.867152680773
1.10989791061
1.44380827007
1.28324086487
0.825927699293
0.980737040145
1.16833060839
0.302581131031
0.955726442853
0.631257546313
0.830465754193
0.759566486806
1.10146864598
1.35300036453
0.333486058137
0.49880386924
1.43301046526
1.54229548397
1.00082756648
0.815354674905
0.710885313865
0.660048604346
0.940529035975
0.483717615226
1.16665395614
1.24347649723
1.23547241568
1.4557004199
0.594811199982
0.312352561592
0.885429000023
0.473506726647
0.389837000235
0.809003224055
0.567441184271
0.995918841132
0.722820270061
1.33983256597
0.947054458475
1.3107495005
1.06456145828
0.774721891731
1.32445742196
0.684288295479
0.728716841442
0.467359767791
0.968224676501
0.801406022645
0.370393753017
0.286092626066
1.10834328229
0.691025699407
0.972456574327
0.365498723346
0.749771347353
1.05853331526
0.907362111222
0.233057556913
0.458101451274
0.992372662149
1.40463205969
1.00403646008
0.513626097937
1.26125105559
1.22315845583
0.647655558795
0.647660437756
0.919674393615
0.504826349097
0.632198320758
1.59455791396
0.867069422879
0.881092629419
1.37438913473
0.708318161956
0.372574073057
0.744026080915
0.466896273792
0.894655515598
1.23221007661
0.370759921995
1.52242613951
0.635127991128
0.773049107248
0.750696562788
0.593540798862
0.927565366396
0.189244479442
0.57023476224
0.768185392992
0.362396071188
0.589385345856
0.400090903322
0.887678793492
0.782356612341
1.18561772399
0.991179782575
0.995867049358
0.693956380115
1.41055784331
1.34371207065
0.671630064565
1.45130847233
0.306423844345
0.636382624995
0.424740769276
0.532636908158
0.905384020632
0.627176514032
0.846956600462
0.787879951678
0.841671525693
0.506532577574
0.372543332635
1.23622080989
0.693347437993
1.13319389874
1.17771949937
0.769983276426
1.59549712924
1.18814016363
1.13608351147
1.02496784075
1.08682561787
0.589004301824
1.293602918
1.40533451277
1.1679058358
1.06042784898
0.924403211229
1.1082563126
0.917533676905
1.15198144443
0.94855873421
1.38950789876
0.976765197809
0.57551458879
1.53287923746
0.5540848352
1.05419185837
1.02847482181
1.18065600565
1.11971486948
1.13960228498
0.486092542781
0.788619628899
1.14976094463
0.711443384336
0.782536791108
0.467562293257
0.73807491907
0.412377645765
1.12553489455
0.839413552653
0.859061539286
0.478200712744
0.321913185912
0.383788053374
0.350199845446
1.35443162715
1.00518420036
0.774286594777
1.30402641005
1.18626609039
0.889599557253
0.729444015194
0.904816734181
0.379906014729
0.882944174026
0.46658214958
1.37043199367
0.457228346253
0.751720700826
0.621935549401
0.874714303348
1.43298977426
0.569601406127
0.910886188422
0.58498142842
0.732332904355
1.39658807384
0.297021178489
0.985746276604
0.837222838584
0.493585336895
0.617953780237
1.19289337468
0.830925628803
1.12169751554
1.16384364696
0.421820138795
0.681938835677
0.936022547475
1.13706720726
1.21375751851
1.15263383743
1.03446410274
0.369211149676
0.315911978047
1.2883172081
0.517191076537
1.20103631528
0.801606619621
0.68640365598
0.376942840365
1.26984178517
0.461600529611
0.808549973067
1.05422947355
1.14622207023
0.600957025885
0.700352015613
0.531669168923
0.785682101791
0.809712557316
0.812305156614
1.06924393682
1.37222059847
1.17701627979
0.771739864356
0.954008319227
1.17142355746
0.485490874112
0.240504863168
0.698217900703
0.579463541379
0.430327754237
0.934729246377
0.876286993829
1.1597110759
0.576257254137
0.778513348912
0.817479113457
1.14798322913
1.37983071547
1.15523384193
1.12936611137
1.32801121123
1.46958454547
1.11883549393
0.932951314708
0.90044563403
0.61091228088
0.881236672202
0.422411829537
0.698194063703
0.737810862469
0.676806137384
1.34700231019
0.253618592781
0.3592465134
0.800902221092
1.28223381929
1.31894582174
0.556263107367
1.17249384695
1.12446435574
0.67438927981
0.523654870855
1.01120506526
1.18760023721
0.588317450768
0.594259199928
0.458103959248
1.03036380006
0.462275567418
0.432632866517
1.19615634317
0.998943757252
1.24044154601
1.22686789377
0.94353223245
1.32215950173
0.725185378041
0.792998531605
0.588551133914
0.524761858818
0.95527394112
0.771875708708
0.970271991624
0.658860487796
0.46515289908
1.00843173307
0.825400160912
0.510840006047
0.711925524358
0.479062354143
1.19078085736
0.496282030593
0.724334853794
0.912789245509
1.35049500565
0.214430547455
0.924182477653
0.503492958126
0.765757276932
0.494478288486
0.38176562736
0.405517740061
0.381164355589
0.596412096834
0.746770646415
1.24577532487
0.663392938867
0.911981955482
1.1140869343
0.80479126002
0.731056107854
0.6829323365
0.778202447137
0.521068277251
0.568975255895
0.918539742464
1.36438342939
1.13760817342
0.374930204394
0.994573425314
1.08227677182
0.823782153856
0.533849351798
1.24650505225
1.1298563625
1.31679295854
1.15168877161
0.344815787184
0.694469703234
1.38432815179
1.19208802053
1.09648579274
0.659453981734
0.747686057075
1.15035917031
0.953096395631
1.11567771217
1.13439579782
0.564340619537
0.732143861852
1.07948898563
1.06766938664
1.09171397529
1.3240579483
1.42772524037
0.995846244075
1.17593596669
0.562232613902
0.709172900953
0.789253108861
0.612588082522
1.30008104714
0.815879496089
0.302348871449
0.691005422131
0.872335823392
1.3838014029
1.24523013627
1.22440200321
0.967251615319
1.10871951787
1.35165344699
0.973561670149
1.44937080254
1.07931046172
0.856449098878
0.74351688826
0.872806448867
0.617168490584
0.771094090772
0.788347204451
1.18987744866
1.21181144471
1.04070680954
0.551770044748
1.49227328107
0.979572528213
1.39881051149
0.658869677309
0.256883616632
1.43097434713
0.816829615665
0.921450215856
1.16997992551
1.33521024849
1.39096327015
0.852675186317
0.647603985258
1.29054971945
0.697201963896
1.36077238009
1.52466729803
1.35546030128
1.19570358307
0.382997734483
1.30649926168
1.00145226959
1.24119461468
1.35773593841
0.927056718484
1.44567097564
0.673254927436
0.87035154179
1.00963701009
0.693348304152
0.389752351456
0.998400873067
0.86864193734
1.22226119373
1.5110017711
1.20391757293
0.513375218147
0.559671065737
0.882687810159
0.540655775846
1.3130812801
1.19337479806
1.29645870594
1.0818683256
0.703712997697
0.924572326896
1.5673288229
0.661790579177
0.352776847072
0.8331060516
0.869050289903
1.07914663275
0.893152596036
0.647974224542
0.900752492938
0.693656267513
0.621243923094
0.88223172495
0.764669772388
0.91302388506
1.46563431128
1.16952484664
0.347860709237
0.778987368383
1.29003965688
0.988754990229
0.69580771953
0.92659013963
1.42487397006
0.830301717096
1.13518767117
0.278261265864
0.230647124939
1.03404657962
1.18376359966
0.53235622293
1.00461010262
0.434613070912
0.52720601182
0.417556961545
0.99287591827
0.633552163452
1.41501548282
0.624864872853
0.616183770276
1.21687749183
0.339277473479
1.04651550521
0.474400691696
1.1600436305
0.590513617306
0.429480610814
1.32664700728
1.17925105663
1.39686449545
0.603982182077
0.477700435223
1.3447829746
1.12308874502
1.23030167815
0.695804597957
0.374621505464
0.390186982324
0.872830068708
0.994585601744
1.06269508023
0.659369654704
1.26999937651
0.456454885467
0.605675608544
1.08616809415
1.1640523812
1.14098247587
1.17479076642
0.995754344404
0.920524435778
1.25630176624
0.467256388636
1.21943226271
0.744951547506
0.702059831683
0.300066491417
0.785788121412
0.654543034351
0.849598621812
0.829785683408
1.01247056608
0.984443846187
0.338883965707
1.1801237697
0.542269869982
1.28189955152
0.460987786719
0.897998759114
1.14218437557
1.11685549529
1.33021839641
0.974711528529
0.741419831168
1.37324743621
0.619218813965
1.14691972008
0.68303823843
0.585051548975
0.466330187729
0.491237680226
0.599220659864
0.665179295637
1.01630774729
0.978987016003
0.960333928214
0.986549938553
0.636492801666
0.695033895382
0.950837020822
0.581108424116
1.08521413178
0.416318408636
0.423079036223
1.09922115391
0.877146290309
0.967237882389
0.53027922558
1.02252860828
0.560955902941
1.53716325021
1.12953773802
0.732444080036
0.971171716425
0.985895323699
0.337896576384
0.805288016366
0.438946220054
1.11274427634
1.04751807657
1.29862839487
0.704356457341
0.950434344158
1.33960483167
0.689557738321
0.928130502088
0.252816910088
0.875816363254
0.792239360237
0.813262219065
0.495590553103
0.581605047633
0.746724161371
0.508947632127
0.440794816445
1.40523117998
0.650624302244
1.08507834173
0.568530534092
0.536889954834
0.774648860039
0.481252954962
1.47879060369
0.989258782535
0.629256496413
0.983956457005
0.545704875289
0.379269664929
0.8424328072
0.819590833909
0.93350493326
0.49183748574
0.57204293444
1.11271284506
0.597110685467
1.27379880536
0.483860212803
1.37664079257
0.534063138592
0.515098729385
1.20758587265
1.07861181259
1.1708529702
1.1117618703
1.33011139527
1.06141925338
0.385073832805
1.12079156194
0.458023474493
0.915573548585
1.2233296462
0.334075979752
0.219519213605
0.90835174228
0.668788031021
1.24934626096
0.529798443713
0.820654860859
1.09947923269
0.491360150427
0.44690992581
0.455244795723
0.423607100096
1.47642587044
0.61760777085
1.32795709976
0.605257886067
0.440214671072
1.55297503971
0.885433841457
1.5048105825
0.655112235046
0.958335744303
0.723516318777
1.064759332
0.558266506321
0.53272919984
0.899710423644
1.56721342327
0.751545547121
0.623541004991
0.972437918777
0.322456126749
0.706366450014
1.11808004324
1.44649603666
1.36467296252
0.95540616036
0.93580541778
1.16673537834
0.678413397417
1.37348771393
0.790517567635
0.790979851266
1.33714888494
0.792795191247
0.953584719164
0.567463616096
1.12532799357
1.22502874068
0.684929358173
1.1219104811
0.792613876835
0.645787989633
1.23164625119
1.64693880008
0.938052236164
0.45830005486
0.624273183347
1.41411966431
1.18679313797
1.138203903
1.01889499959
0.47969235704
1.24497765917
0.287686729746
0.531543344704
0.984849615424
0.980508480921
0.624517434052
0.774233753121
1.0166185377
0.778083729854
0.770414245035
1.24260983695
0.541067428252
1.29279981436
0.59459884162
0.789159386899
0.4568828816
1.17225653762
1.09641162323
0.582179715823
1.0376569173
0.952978267184
1.11857588731
0.3312733899
1.30790159848
0.56651373644
0.839870536593
0.47623856918
0.801442400157
1.08522000528
0.959101291068
0.427494105142
0.829591852063
1.52152601069
0.486177685231
0.750230706367
0.323786733247
0.389467808245
0.544567750417
0.530431155397
0.492379948459
1.46923463364
1.03357397517
1.25276763997
0.287767067019
0.556575685866
0.697830381488
0.436392119834
1.01400777775
0.595060401911
1.08200854911
0.578928680516
0.972768178526
0.640703609558
