0.309319923618
1.31431034884
0.903278943641
1.1806585508
0.35545333315
0.910486678655
1.22541506008
1.28723914476
0.469776269201
1.06331695708
0.302180774335
0.641120323352
0.821729372709
1.2431795484
0.41281336387
0.344023834003
1.24195939243
0.676458487842
1.20369533914
1.27722946856
0.561338252083
0.388106616626
0.416042699437
1.29670177593
0.817864448186
0.858472259022
0.337499315706
0.772700758407
0.876520290863
0.870285857333
0.370701319923
0.765162007123
1.21185097358
0.615464760044
0.626736004448
1.20982268545
0.770293064559
1.35502614628
0.712556299222
1.22257175858
1.20342696354
0.482546691562
0.878879312946
1.31694164599
0.95581635209
0.459143741595
1.0497949249
1.24000328453
0.611756634593
0.977798731804
1.31616727542
0.827820600527
1.04537882072
0.769198939805
0.560790383934
0.842038838196
0.480637684442
0.401102223821
0.841480785021
0.358971450278
1.24704416951
1.39021788172
0.510938039706
0.699525223731
0.946010782895
1.26121651949
0.418546085961
0.703691727079
1.30740225365
0.952448457259
0.893723376657
1.30178211529
0.856239646388
1.00592675668
0.796370054303
1.24629984613
0.915180807456
0.684521871735
1.4353612466
1.33865770751
0.972860423901
0.290330980927
0.537781113023
1.41429296085
0.409955507317
0.547238857117
1.22445099179
0.677756294631
1.30986747841
0.834569733595
1.57909642456
1.03601705614
0.466985530672
0.559594224859
0.963465022782
0.578012889165
0.583479156552
0.810448842276
0.311060728837
1.0191375054
1.07040056127
1.19276647806
0.697596086356
1.32128633819
1.09244648975
1.49562019863
0.72888202935
0.745537350883
0.674279208659
0.647866047932
0.432918832471
0.955324268799
0.804022605559
1.2035788698
0.791765041243
1.13725115561
0.387686978922
0.457756334151
1.10944085907
1.01993206665
0.971175867946
0.722979982257
1.30548841966
1.17174607272
1.01220640125
0.763115269335
0.87291043326
0.875692952318
0.267508971277
0.724508066307
0.494053844265
0.567499208744
0.775273518187
1.04399642847
0.548294512676
0.867802969954
0.991635479109
0.585117322384
0.902998948437
0.351781394756
1.50987016925
1.50487269545
0.446402717616
0.935540837905
0.673519466035
1.0644400315
0.319115338035
0.609730689069
0.778814260623
1.13855493439
1.36450846175
0.780616372883
0.408260489252
0.775816353393
1.22874515026
1.0956517419
1.39035454925
1.32279003679
0.986331620485
0.475358715108
0.894529353539
1.00690071988
0.902185471447
0.91851481287
1.01075192503
1.25060916252
1.13651245402
0.790101788757
0.791530059788
0.601194874229
0.421731271603
0.47216030163
0.964520317987
0.702784208873
0.972519438274
0.918437931854
1.2619816045
0.592814662881
1.20048798152
1.13610312472
0.721030626466
0.84069771878
0.92718993761
0.871044956817
0.937281205165
1.13440556164
0.450406789407
0.516365608425
1.43255113212
0.247110201459
0.561751521024
1.31658985603
1.28432261228
0.393058453339
0.726124006453
1.19975111076
1.31321633303
0.442280369294
0.618929464614
1.46485978284
0.953232788298
1.11956865086
1.30193320021
0.954702587779
1.25184881849
0.814705452319
1.48149594507
1.12424207343
1.39948495726
0.373768925148
1.03412779975
1.13072967685
1.0297557001
1.23874024387
1.07104098224
0.816004245496
0.895652312228
1.56616764849
0.874397120504
1.07228116211
1.26501708216
0.407186011886
1.40508599855
1.40893492158
0.53382495209
0.569184814924
0.640380698535
0.964852179387
1.42231880066
1.329263632
0.693452264175
0.980539489245
0.534508818202
0.862526290589
1.14439078557
1.46169345617
0.299380308477
0.380221902622
0.603730138559
0.925984575794
0.860616242226
0.685933395044
1.23059762736
0.946948986626
1.12531703686
0.810571658548
1.23708931698
1.1951147805
1.00619406852
0.777599752793
0.357039632702
0.432096153266
1.17011242251
0.361578166505
1.02960226939
1.34463956984
1.44416174696
1.39030398322
0.493914131274
0.721162233108
0.46448410235
0.810052717923
0.518870461556
0.95804227571
0.78944392685
0.898299777069
0.547944364047
1.21959559947
1.13901572664
0.480457783016
0.930464281978
1.22483394635
0.621153690492
1.30835466321
0.578496406835
1.09301613157
0.668065689551
0.77579983314
0.518366605236
1.65667296254
0.958955045314
0.680682404636
1.17042520888
0.470846648125
1.34368157698
0.372565261197
0.578214751076
1.34962435143
0.766702962832
1.13136829127
0.945713620879
1.11520313846
0.420674161874
0.556030475677
1.28251054611
0.852743996729
1.19747767804
0.872464351119
0.933241607911
1.3183346738
1.18379585913
1.14164909657
1.03304283165
0.869212844347
0.8309845752
1.06748477018
0.352669463286
1.27636317631
0.704455951387
0.473658686463
0.384409522114
1.61498574376
0.950373558811
1.02876028241
1.20372263694
1.52160545449
1.29149882307
1.51377725325
1.37101730287
1.39000922953
1.40577864178
1.35378791674
0.928220598711
1.44703293107
0.772907908156
1.29026165178
0.775150486496
1.09699835486
0.297577817433
0.906222946544
1.01795906164
1.37413893544
0.310908853942
1.29295815281
0.307975137694
1.15588159947
0.76287115006
1.43014763329
0.47476945053
0.736105325686
1.18831919489
0.752171536223
0.371726693925
0.884142637783
0.655483153223
0.44435648337
1.02872799984
0.61198685059
0.469419888729
0.808614957714
0.762629693239
1.08107946591
0.792431443752
0.724912192967
0.821320436579
0.526505405082
1.33174290974
1.08741498739
1.20616273495
1.00201941176
0.157010583763
1.09808367396
0.857396035917
1.02317694342
1.41270850104
1.24584799239
0.547214578751
0.675634997392
0.389481203848
0.766733775188
0.337011881147
1.52810962073
0.796253622029
1.12601997258
1.00921809518
0.36678799785
1.38790805771
0.563026156084
0.730987451327
1.1648691177
0.668795545568
0.961133266901
0.488174214919
0.690415471196
0.68104338402
0.891902430291
0.498844997657
1.02350919102
1.3352321163
1.54706250012
1.32981507685
0.583825314533
0.453077116193
0.626497613713
0.997498308786
0.588907241899
0.857343381144
0.76499914187
0.734968576525
1.31468268794
0.714637590803
1.21922385431
1.01816609227
0.636271977786
1.22979947775
0.448693240763
0.850452292841
0.642183071325
1.12618128275
0.975804717944
1.0670539972
0.904788879332
1.31809278939
0.926089209703
0.947949104627
0.265675183262
0.427462693743
0.465533193325
0.321419891308
0.414791813135
1.26319147046
0.553737750658
0.558053498978
0.244003591195
1.00289644622
0.967753115595
0.349338221183
0.850904676069
0.879849540265
0.486635586567
0.376478236906
0.771871989085
0.240285907465
0.511427778287
0.473076504219
1.30452432245
0.801851493938
1.22170768714
1.13166568219
0.882068562146
0.420818622122
0.57607903858
1.32810268113
0.399778230032
1.21449920498
1.34372028142
0.629944035481
0.910697832396
1.035299425
0.824387370579
0.893481325096
0.226554505868
0.845949001949
1.0006071717
1.18606381476
0.883044507809
1.2757588748
0.640469146882
0.925039415572
0.759932360438
1.06062118713
0.943212001212
0.847556191038
1.17051278794
1.0936319441
1.07026191997
0.950619550053
0.557582678085
0.62152433532
0.399699871657
1.03736512775
0.303630406705
0.795803554622
0.300569751696
1.01349430517
0.716880075277
0.635716556197
0.536311811746
0.38807890804
0.470470572339
0.786010477198
1.21819192039
0.635294821316
1.33202613884
0.635884925
0.74867023854
1.38511490213
1.09919985349
0.320765786483
1.0138338541
0.57162239856
1.32559825345
0.858135946379
0.56956559152
0.650201849148
0.333069564619
1.15988755454
1.01157796407
0.644373746077
0.852254884692
0.88426579402
0.609087904143
1.11848353344
0.617676653237
0.605159161174
0.965392711112
0.786496961067
1.01194314892
1.28459126436
0.481098819153
1.35135508225
0.642961740586
1.12023830116
0.591543464429
1.38332594754
1.27286683218
1.04216871233
0.884182482973
0.624106810928
1.24292830238
0.774930714029
1.34630825396
1.3018190218
0.46392046581
0.634032951911
0.63148439348
1.22114953319
0.819579066903
0.406745622516
1.44440271512
0.975172313759
0.45590613802
0.694052663794
0.751549741438
0.651764093622
0.732251911675
1.17591749872
1.49224037916
0.531113883495
1.27213444884
1.16658810645
0.673663147309
0.79375803606
0.580854312763
0.973102228754
0.609330617871
1.19307145732
0.654941287606
0.440376998452
0.437125548659
0.681907164005
0.281813453785
1.00475137006
1.3575938897
0.685350945291
0.921761408989
0.75014995559
0.744325363149
0.571789895438
1.17840231036
0.722773196711
0.470630257265
0.978170490773
1.15862651352
1.13510124092
0.981648684917
1.11048690303
0.278187480963
0.620363459185
1.21264266097
0.835708760288
0.976355578562
0.773544450622
1.15128561043
0.632546299914
1.42821237562
1.07905601383
1.3041031556
1.05555016143
0.649765688333
0.331388653518
0.960151870505
0.726880224073
0.540867270197
0.603788439942
1.32596281658
0.813651784714
1.02312336323
0.621050202434
1.09515427804
0.578277003981
0.859845125268
1.23746754765
0.94909127279
1.34060952657
0.526508220412
0.516610417269
0.774562559795
0.801715151936
0.358998819948
0.947814709597
1.44867273231
0.503317308169
1.14126420832
1.05298481116
1.20900765087
1.07415087919
0.586194110438
0.62541630383
1.15332949351
0.496605205219
0.952271005323
0.994592608437
0.808053879697
1.32264497539
0.780948006093
0.928025927776
0.491673864759
0.452740076078
0.896915566172
1.17696782258
1.16321780946
1.12910803993
1.02788919432
1.0839231716
1.42991084679
0.76242433018
1.11282579643
0.998563555027
1.11607455753
0.348427681519
1.45355107947
0.400844842158
1.07565770692
0.702777995438
0.576298036878
0.511453782716
1.11660006978
0.987935199768
0.79384060794
0.87109307371
0.552323099281
0.455094146537
0.631683958428
0.386979838448
0.688359731213
0.598334396802
0.479128844588
0.805103636055
0.933185504551
0.524110794819
0.816567059039
1.3727237736
0.733658339549
0.762234525032
0.747286620668
1.16643010572
1.17118182441
0.870044535845
1.33599260763
1.22691367536
0.692957078598
1.01431109598
0.959765039364
1.11138750346
1.44432355667
0.751868402399
0.538223323484
0.825364057608
1.16729983783
0.895230560759
1.17465806268
1.60811509079
1.11020700311
0.471143395294
0.948894305621
0.575883849419
0.457358626911
0.676879566158
1.07190183543
0.554250638248
1.20298722768
0.521033603912
0.288123356681
0.322608118858
0.862630310326
0.735818833435
1.2377522643
0.964440338789
0.645315548402
0.494606294066
1.21326007844
1.14030504563
0.86250501948
0.681745377235
0.972482323374
0.745212460534
0.639749234393
0.954211843988
0.468906052383
0.682185859302
0.0835325205922
0.673189110615
0.398867102959
1.26241379702
0.863441932344
0.979320800691
0.5429948947
0.382047604584
1.19715395691
0.75611409641
0.957767475576
0.965447938573
0.998836725013
0.744272713205
1.24795192373
0.99293168734
0.253817143051
0.319575857266
1.28418074165
1.56782638871
0.729256497224
0.425847194804
0.709871808385
0.716230190136
0.983435342854
0.484533824876
0.469569212562
1.62466358579
1.29446116387
0.34429800853
0.814076012049
1.45588884874
0.756527187653
0.467936816831
1.43625100251
1.37799497334
1.0815727313
0.386283731481
1.34737154638
1.11739723917
1.27980840316
0.431351239433
0.78926758312
1.25319723896
1.0215129838
0.579249207769
0.728315907722
0.552268468586
1.22070226568
0.353255443271
1.36917701217
0.858697006137
1.14010332304
0.509245573541
1.18483338179
1.57200088131
0.470316455283
0.942184997698
1.24484690123
1.24613522182
0.926690039508
1.29216773717
0.983364240458
1.53608603851
0.654492053524
1.19959305137
0.557509920021
0.673077402136
0.609997445734
1.00572165356
0.982723443021
0.679669042822
0.662921929922
0.822367100893
1.31214101743
1.10251569663
1.59902266886
0.824272422289
0.489117101183
1.41777399359
0.668670245277
1.01480096335
1.06307836366
0.623021208687
1.14681113585
0.401119865258
0.534876267795
0.344154197959
1.15859227305
1.12391625466
0.498321498632
0.705144272653
1.09565946792
1.26504016964
0.630138116132
0.66722469257
1.08665547077
0.557275414972
0.942832474855
0.558203067355
1.15170569682
1.03580335396
0.56742587897
0.983405756941
0.731345329
0.981778433408
1.19911972228
1.03106700364
1.2427280513
0.414888720622
1.10716344235
0.383513581972
1.23768062365
1.22065947456
0.899175195117
0.453050901565
0.689784595256
1.00495194649
0.682827222995
0.461893355035
1.12606080338
1.41778585921
0.858318222307
0.859616720682
0.614051814788
1.10734692501
0.913431887461
1.23018066892
1.02851015389
0.507299090488
0.7098975525
0.424022069124
1.07059230913
1.10882381908
0.696160547809
0.391613766672
1.1533026138
1.18373822399
0.619655494186
0.759846250948
1.26976877026
0.521341548477
0.678908149427
0.401904554226
1.24817520914
0.596281240896
0.461101913875
1.5341109051
0.814702597615
1.18895788461
0.926443888427
1.32116795974
1.38086483305
0.849727143829
0.781122829969
0.789332925864
1.12301489301
0.61820663977
0.311195035902
0.643785088149
0.375524914795
1.09931868042
1.19097172659
0.98860985138
0.415384016802
0.466785237672
0.852722193506
0.826584706713
0.541489834586
1.14488028438
1.20399114445
0.346732319902
0.921575963808
0.419324726801
0.790399591927
0.416589050704
0.4609692813
0.916854976905
1.29718595879
0.728424701631
0.354213250377
0.543538708835
0.619677869013
0.983307790761
0.687576508575
0.460852520154
0.439580402895
1.200926149
1.19095344572
0.950611746136
0.485344860972
0.640531775914
1.17830568681
1.56673400457
0.973408693894
0.883748401528
0.436248946633
0.807391293008
0.877199503098
1.02257452857
0.4757170212
1.12810872953
0.863006970686
0.390399742087
1.29875051988
0.919154299856
0.361740625608
0.670076658823
0.705954014998
1.4132028122
1.35925595523
1.08826022396
1.01971205239
1.07264446115
1.01206994086
1.27555697125
0.954885470555
0.759210549686
0.559991008353
0.980191076016
1.22172013706
1.33044541718
0.364548863408
1.20523812866
0.41755114184
0.417010067829
1.44225829219
1.00338573647
0.826920547295
1.44864120728
0.504191516502
1.09915539248
0.567959942945
0.906146489007
1.23944664433
1.03507094231
0.50735670477
0.542138573819
1.25556515395
0.82725557552
0.595530514558
1.00797192485
1.17959372415
0.377872386749
1.32935551458
0.483557004183
0.945331316932
1.14438760524
0.421906355809
0.448941378505
0.559430163861
1.48803390249
1.22601159696
1.03122088533
0.516911688664
0.714017993594
1.17065686711
0.573390234054
0.780039885051
0.67727699584
0.539601064761
1.61235486494
1.0376839515
1.17007370453
0.527835421594
0.741908845616
1.5287464247
1.06393816115
0.738705754822
0.385465958095
1.08511005431
1.07320335721
1.33223601974
1.18162284065
0.595716306371
0.765799707605
0.904304400295
0.869576403332
0.484451126
0.428910938445
1.21774379255
1.52522320857
0.592624646176
1.23552355903
0.77039443815
0.769095877707
0.354898704218
0.669073250954
1.24218987937
0.936623100224
0.305994080766
0.799272077363
0.849427194357
1.01746630243
1.47573410291
0.373669716501
0.579913842879
0.467005872796
0.582185733363
