0.614272953273
0.598819491488
1.11896458642
0.645217933101
0.515262176432
0.801462118652
1.42891256878
1.22899405617
0.854843357776
1.25099162906
0.987795522301
0.863093774451
0.932236625
0.692251221171
0.690611814064
1.3559441184
1.06470452558
1.4619360179
0.661358705429
0.781882490899
0.430443276981
0.540339469746
1.30369493891
0.544506630037
0.811842451936
1.07072441872
0.399103701931
0.624060937564
1.07656872115
1.05132447932
0.598213046002
1.13875323917
0.875584139539
0.45403187146
1.0062284083
0.544451854695
0.22179971121
0.854133913201
0.640538549119
1.23906388081
0.749413439769
0.563534886603
0.868202643054
0.628601711192
1.13334897982
0.508547747697
0.95407184159
0.702004174949
0.921244635288
0.860178097121
0.297240170225
0.931564134462
1.11850553395
1.09267915831
0.869969311524
0.372369800151
1.24687112856
1.20738107687
0.379936595349
0.538007810593
1.03183716044
0.649201195679
0.542513645285
1.36254140071
0.910566347405
0.789464827346
0.931533074756
0.945649649918
1.30687517854
1.01845200096
1.00176882519
1.31811881364
0.512992436297
0.284192732502
0.692046222378
0.41835411653
0.629141600812
1.48278074843
0.556545809304
0.682693631232
1.12619420236
0.819617773433
0.558940965952
1.3504435153
1.16125454472
0.52234190905
0.945880221208
0.498339735353
1.59085959332
1.49433959276
0.990462407622
1.23591064153
1.27105264419
1.42631101513
0.480524251165
1.2392220947
0.860443311274
0.747898388504
1.10710502254
1.29243741677
1.10082867432
0.41675489261
1.03803116883
0.964297668204
0.544467041182
1.20036974999
0.884352284229
1.11720165772
0.499967937731
0.771100345214
0.488116470863
0.304446646123
1.17644131934
0.538598589213
0.316949593912
0.576663331567
0.979934386827
0.815198979008
0.500991393293
1.05409398053
0.823482942344
0.765196430319
0.826275993089
1.18565283779
0.394957268694
0.672678921604
0.963045577563
0.848755798301
0.866311582646
1.16191699217
1.09516675009
1.46736982338
1.28026251388
1.18118974212
0.446986632989
1.04939909955
0.426701768128
0.473667317162
1.00432416617
0.851844969045
0.853408015767
0.580827424994
1.14393274382
0.724045093208
0.507944864507
1.05379971496
1.26408045552
0.96008188059
1.41282846134
0.545655233543
1.39420009553
0.902097949978
1.36826609609
0.810192896611
0.446551923042
0.871892897794
1.14143701496
1.02175173039
0.68241300802
0.711516215359
0.312333197007
0.418031453788
0.989945310429
1.48755435622
0.896377212896
1.17086900465
0.900040595772
0.645337498624
0.586964185213
0.839022691026
1.33041218494
0.609709025375
0.659765195738
1.42325031344
0.874189407541
0.815501986411
1.31182435822
0.756414920545
1.26232187878
0.696413479659
0.955598179251
1.12789085078
1.29884147474
1.00953592162
0.904524503581
1.19726693797
1.12439153409
0.601505683207
1.23222622521
0.667120011387
0.517403467214
1.13375528131
1.41524554438
0.726682234255
0.520208276146
0.713924581339
0.891307303317
0.409835586803
0.376116919038
0.702539549088
0.628617118088
0.873302381099
1.25315222268
0.344214914139
0.413852083316
0.940001582536
1.63924017025
1.00200700474
1.11500728987
0.453511758914
0.900777932275
1.6596432479
1.43659921882
0.720910965571
1.70113414518
1.19767670583
1.15166726205
0.841792381107
0.646378543786
0.743653367828
1.01749807407
0.216789517813
0.762540673498
0.335707598087
0.83406607704
0.717740297848
1.11036176919
0.895194544473
0.85834279247
1.40339132268
1.02000466479
1.20109475907
0.46642158902
0.51706862557
0.807817967621
0.664471293134
1.24708637127
1.30986709378
1.24082955452
1.13548377345
0.69243940362
0.838146887857
1.41435405109
1.61732640183
0.505348340895
0.280524264839
0.924427599264
0.798049491829
1.28194174863
0.258211963132
1.45720103495
1.17502827656
0.741877507986
1.03429400906
0.383450898203
0.21805624889
1.09768543723
0.566704235862
0.859307744013
0.869724909225
1.23140626195
0.933529823359
0.579508615796
0.281678139221
0.976844153057
0.828863800129
1.24982894717
1.04827823922
1.1899993192
1.01713028597
0.71599217411
1.27722547046
0.653977733406
0.34823384421
1.13319534943
0.853570890278
0.580684137838
0.336449932636
0.693956102899
0.540585047825
0.573086563553
0.814934293745
1.3120048121
0.722568489637
0.339967594398
0.853049678223
1.0072878116
0.645673525742
1.39161238463
1.01948881055
0.7615326372
1.3340548743
0.939040764764
0.694002799126
0.624711045239
1.04892135693
1.02893352116
0.934217021766
0.622345353326
1.32598815268
0.891038803478
1.16762345143
0.707944670707
0.673888366177
0.831986225337
0.913128848544
0.88248879252
1.05989977853
0.96028357018
1.30331800322
0.619055172983
1.24891107737
0.976389853933
0.839404191323
0.926341840116
1.08287435164
1.1709378998
0.80437543377
1.09460642001
0.950722507602
1.41701960189
1.07108603225
0.460108168612
1.12061015943
1.11245951605
1.16320793751
0.572212105712
0.899051399258
1.13276920703
0.828206094802
0.976345902519
1.34525904295
0.720543167995
0.492033318403
0.907770141395
0.607111511967
0.460936520473
1.13119288414
1.00911506492
0.953146201561
0.417855100954
0.471299352191
1.32612791517
1.207184042
0.662693867028
0.709106857211
1.05146750884
0.777160821582
1.19305075925
0.358236106324
1.0117301037
1.10766252598
1.28716056969
0.998534938723
1.11014723209
0.979250109202
0.647046227082
0.603989219174
1.05689961128
1.23440479413
0.287248103183
0.537702105053
0.981265722499
1.21273261027
0.48364679004
1.07936499102
0.938238677113
0.35614099715
0.618180112199
0.408598076399
0.983627914523
0.996095917702
0.752980854397
0.908502322805
1.16526319386
1.01720133377
1.20045423344
0.9579918397
1.10949282955
0.610135687959
1.06574651684
0.941092975968
0.473712609041
1.28202868131
0.487660789458
0.252638726009
1.43403254615
0.699234742882
0.203146540934
1.36026377008
0.890319692705
1.42470122531
0.390849238318
1.15565022371
1.04292144046
1.06226337933
1.25303960277
0.704563407426
1.07196367618
0.490788272106
0.998536729045
0.59274684069
0.524634575845
0.373354350923
0.561484705034
1.31899339249
0.715510887627
0.930124967305
1.17365443759
0.990885903074
1.01849629359
0.551839576567
0.615824454402
0.743753179717
0.800725341118
0.778177680448
1.07012256095
1.15314941422
0.504850010934
0.35277771688
0.976354513525
1.49842329137
1.34133638674
0.522793517704
1.09525384632
0.51121268123
1.17578130306
1.48315141171
1.05522704693
1.0828843969
1.58498785903
0.472405575246
1.20292657494
1.0341218134
0.478073182066
0.342003052474
0.763757104121
1.42005625871
0.447104579425
0.816704662135
1.28295124205
0.869845889869
0.777175389182
0.692498136221
0.715176241518
0.291077453721
0.978897033531
0.477902866563
0.765017989886
0.239572211875
1.25430212007
0.695656768418
1.19809327675
0.890352234377
1.0196065943
1.01804733666
0.612541172192
1.03572010947
0.66403761648
1.10934086816
0.971908619674
1.37706052939
1.28451235537
1.08035023645
1.02892363354
0.862835444088
0.363248481873
0.772174241078
1.24016303321
1.22930231269
0.617498566555
1.05797067486
0.908821116381
1.02423788249
0.672298075515
1.15708061416
0.814751482451
1.21348576421
1.08095007261
1.1414337998
0.887255952543
1.00241415928
0.665575199554
0.556963577816
0.248805923161
0.643083774895
0.384425252906
0.930589319203
1.35711884129
1.17665716029
0.559299423811
0.949340880198
1.06912479747
0.332271736673
1.01710181108
1.0723539804
1.10691954832
0.486755783016
1.21807428222
1.53015891324
0.535969970742
1.12795702067
0.428500895376
0.613764121467
0.875998879986
1.11315087647
0.590403035526
0.731701587441
1.20786704666
1.10002833217
0.767792152
0.818348537497
0.766967860182
0.950501645776
0.972650810795
0.944691916183
1.31064750926
1.47649928865
1.15766360924
1.26713520081
0.557129315243
0.981014343519
0.603817203711
0.310622212077
1.16975739463
1.55913766432
0.71088469439
0.982207165822
0.728264163955
0.625849976982
0.409977798816
0.651070258617
1.18727411932
0.916534158984
1.27958868641
1.3131168292
0.371873283982
1.29015909803
0.574587636846
1.2531330962
0.992150584681
1.3885920829
0.707571904344
1.14389332288
1.33546229838
0.534572227144
0.679027835884
0.85348615698
1.14423048229
0.777878929873
0.463531025199
1.1752607888
0.711360970317
0.760346433905
1.29906488473
1.086249283
0.889827317242
0.952214210733
0.994082527882
1.27652508292
1.49606330571
1.21027656558
1.08490277481
0.982817766835
0.601811262894
0.292002970429
1.0052394638
0.652070077077
0.674646118584
1.22407904988
1.05469973048
0.341458195901
1.61869014834
0.591582995045
0.878018547202
1.30507423688
0.52013275591
0.66566434622
1.02963150686
0.680931539712
0.477583035036
0.341655875973
1.14995965299
0.669481170234
1.09751485614
1.35962149914
0.94997133634
1.25446315951
1.08805511193
1.39929341643
1.15435670779
0.334030224461
0.293050485963
0.7247783158
1.04718281279
0.867847435148
0.501443580479
1.31225254599
0.635938076851
1.36815353698
0.520256503967
1.01833526266
0.461782290091
0.702616978741
1.08104940061
0.968656084167
0.468056970641
1.30112109211
0.91685483475
0.987995365706
1.08328116653
1.04690549926
0.52673905877
0.632482262027
1.35799443139
0.994612827749
0.992924601186
1.06831205593
1.38277622666
0.609309184915
0.251500104375
1.25085429531
0.906969860987
0.900689718947
1.0406272775
0.909932346706
0.717241728861
0.393456832451
1.33620901637
0.517865343766
0.708178203432
0.565741170635
0.656128215345
1.30869312364
0.660967751299
1.5882496726
0.726120094954
1.17985353267
0.196946857841
0.865259458713
0.791644802961
1.21400014194
1.32148766179
0.606847211964
1.26025244492
1.24713589856
0.833855574804
0.34012891924
1.55869059334
1.35161943403
1.30624765309
0.492880493533
0.867980045499
1.30422259062
0.797213116944
0.283919526071
1.37545416538
0.725180162018
1.2144508369
0.760247566744
0.489387335758
0.532618682767
0.8926006537
1.42675138143
0.477464867324
1.44535613213
0.29900101686
0.736152953434
1.23076716949
1.61933014175
0.903518538811
0.489926780509
1.25283323017
1.17039739826
1.12426075466
1.24632139191
0.599729651255
0.977646008864
0.404131800483
1.05728161642
1.47142401403
0.753453447534
0.453619320985
1.33983150709
1.20573980634
1.33771383746
0.843178490053
0.550560074447
1.26563778785
1.41685551758
1.00857711008
1.20066831833
1.0590600741
1.05787067729
0.783758442105
1.20493527675
0.78900196382
1.34967246446
1.19040964129
0.382840930499
0.674644559423
1.13677766436
0.490171912555
1.65232750336
1.12768767336
1.06844005148
0.753398328393
0.923979411261
0.820680498403
0.926954368539
1.27703296171
1.33855474636
0.534208896576
1.0869418685
0.750264415671
1.03379268896
1.19196115019
0.443052986019
1.10865007337
0.954241923277
1.07544356714
1.31591843956
0.996781852417
1.18557245291
1.04583122781
0.985023946718
0.488938558176
0.643699198273
0.617826144965
0.970289778414
0.593303197128
0.265168366312
0.307792393528
1.05420901919
1.27669193091
0.830078787084
1.03131133982
0.726723471419
0.24881218946
0.594228121286
1.32061498797
0.734531935498
1.29130640433
0.821038159388
0.89534962811
1.07971301063
0.879093152715
0.65310118144
0.98788322618
0.900843947457
0.462198411262
0.63661558561
1.02615800168
0.920820950693
0.257679757799
0.577742315193
0.860382996015
0.738890796186
1.15492219502
1.17734820487
0.731907537757
0.52987094669
0.539766625068
0.796279436194
0.446297822924
1.38853757563
0.803666892959
1.02429849461
1.11038772419
0.612498244159
0.891172280034
1.25572860202
0.748221463376
1.048773235
1.18720806286
0.303291723107
0.609789567047
1.47195474527
0.801767042795
1.50038654156
1.08007776025
1.25584105335
0.2019814882
1.01278610646
1.1512042917
0.539570644545
1.40135426185
1.19007227589
0.865061113213
0.41208088014
1.21048088421
0.705036913285
0.641545659941
1.22306297486
0.574732669274
1.00278006868
1.23217558121
0.639565836596
0.947178132886
0.930797558775
1.27284984373
0.807203132283
1.21945857474
1.44373633719
0.503652475119
0.558132047432
0.933531178003
1.42773391436
0.535156959574
1.03306528844
0.367308514711
0.860112749842
0.94497119767
1.02375818203
0.970116722385
1.08975880952
1.29361713292
0.33771954195
1.10107136179
1.22732550429
0.494828960704
0.742618495563
0.453297060961
0.948053168368
0.321221808818
1.33559555409
1.34459359409
0.901757742449
0.962432846991
0.791972488816
0.760913906946
0.702853597941
1.08999950961
0.778231293151
1.32090395469
0.45522251099
1.37311386962
0.661014187473
1.33437176071
1.17992622875
0.184093525522
0.954353452172
0.925471795322
0.379386934638
1.11839201543
1.11849928023
1.07199250798
1.20005245374
0.657655134526
0.903540210025
0.39630751209
1.17639527572
1.18844887366
0.605392231621
1.50477679089
1.57942956045
0.322143345913
0.394699694113
0.678055509202
0.608045227302
1.21361997161
1.21929789218
0.965701260088
1.06855212475
1.12177817043
1.06986927291
0.52369065878
1.23451674418
1.24038176963
0.803457699313
1.21085147357
0.445901980193
0.491822410909
1.18391011184
0.537211391712
1.20037181585
0.510764474164
1.23665639472
1.03451353704
1.32434758393
0.337831455301
0.346893122072
1.24050495365
0.704821417703
0.7200299582
0.498277175471
0.607236229858
1.2769947761
0.221329428023
0.936907186507
1.21728683105
1.21500312594
0.875830617669
1.13582888153
1.16442660638
1.28153960178
1.36195935794
0.594147008504
1.08037096936
0.686792791456
1.03625769134
0.296145820835
0.42340655563
0.586706530619
1.34284567211
1.15265967464
1.10346230491
1.03711988175
0.780960456304
1.08125098526
0.34066373621
1.07206365165
0.357511312585
1.01948693265
1.19856755496
0.824174007459
1.4699579233
0.310773070658
0.582185401988
0.826756350824
1.02960024752
1.56899976205
1.03732951732
0.260533841082
0.830163799612
0.657069708116
1.34287686462
0.782915437988
0.449605679393
0.410385200952
1.27161779342
0.754780975456
1.0781077727
0.829626126356
0.923034337525
1.19499252378
0.82194049521
0.779316755932
0.590967245954
0.901890975213
0.786996802208
0.865105552843
0.876369360269
1.05636020077
0.55710281855
1.43582269961
0.334109087222
1.1189246057
1.06082195865
1.01618837204
0.343459017211
0.537293404055
0.716604564649
0.406848889806
0.836641526131
1.30776455951
0.833200782798
0.506681104931
1.31458294399
0.471239619504
0.723479381242
0.821772435423
0.779659278382
1.28955881354
1.12611803085
0.544156304673
0.980587465206
0.856267022569
1.13902706768
0.661839545765
1.0916930476
0.884501456001
0.975754406906
0.472556028281
0.806847392774
0.666868691285
0.702310305635
0.50156788876
1.34607850282
0.484141416342
0.509973756603
0.905253800372
0.580242356605
0.82110548545
0.585497268737
1.23520073716
1.04189569492
0.907524641001
0.511186984539
0.977159890092
1.04380347653
0.756051375879
0.71092328582
0.691847095827
0.833792484643
0.410774775732
0.447651922196
1.22161684011
0.675697614057
1.57530133739
