1.1013291864
1.08229058034
1.07424306405
1.26495419723
0.534419441263
0.916602391486
0.534979114875
1.1868991398
1.322597662
1.19351853907
0.502477147476
0.560038431456
1.0559522959
1.54345000178
0.496184912159
0.737034847607
1.1910132795
1.27081559728
1.04150405878
0.565210411055
1.37836569996
1.25844777192
1.37223415724
0.928967629083
0.407986560494
0.789308670242
1.22777768055
0.687211226752
0.193444505227
0.444736596506
0.55495357055
1.16061184254
1.52128705708
0.625092463037
0.82973506035
0.438585829975
0.775425754851
0.575631171908
0.976210149828
0.422529585141
0.891696180143
0.588752055335
0.67337129022
1.1576881064
1.31362544153
0.556883573657
1.0792941821
1.25409681042
0.688274836486
1.26658205784
1.20448237478
0.489673382092
0.321373473153
0.843540594322
0.782893862594
0.869756473856
0.577876173
0.568570335967
0.731698394406
1.38450262904
1.26573667208
0.436709419805
0.929310699554
0.80547190827
0.658290484923
0.716359243324
0.55520795996
1.11555470255
0.762585697587
1.17400611559
1.05779646249
1.20809771681
0.688060409046
0.51849955979
1.16950561013
0.432770512681
0.701491345399
1.60646518177
0.631170766094
0.512898529502
0.723107168757
0.749013767252
0.803075561589
0.448547131924
0.721384340731
1.02886650678
0.644795654361
0.493004046802
1.12753279504
0.959947257155
0.940230375421
1.37413641437
1.0022829048
0.735631762194
0.84016334948
0.911563500443
1.27624449237
0.991986290971
0.70941091928
0.645322383526
1.15954582387
0.52714975138
0.790317772277
0.61261603736
0.35562113353
1.27302304622
0.53400202332
1.0515232618
0.241648248378
1.15966468801
1.43542407797
1.62605410847
1.1380143389
0.437118051542
1.39022990327
1.4965716402
0.345545301794
1.198161404
0.906397852411
0.831961356991
0.940238873361
1.26316297844
0.27771126345
1.01148781434
0.530540740942
0.881188532801
1.12810052809
0.770060967947
0.682561126171
0.99349609979
0.940374481982
0.918401829903
0.417469912603
1.41324558512
1.40564014194
0.422220963754
1.00200053314
0.673712694678
0.680903896622
0.99285095352
1.22241166936
0.630436591759
0.672546225283
0.874088233131
0.957024364521
0.964140328557
1.27565406033
0.298038099859
0.981412277705
0.892475114538
0.504989839538
1.12620130498
1.21162251196
0.56604033486
1.17385101282
0.637785518622
0.643475045071
1.34306320945
1.17369010093
1.21102912858
1.24111439646
0.260882881321
0.332093136219
0.717126358128
0.398844243027
1.1062342811
0.861457150435
0.960569389432
0.436833097305
1.23749842372
0.536911297122
1.11217684015
1.43620386506
0.696362429155
0.481886465748
0.528409338019
1.26070613114
0.655190929853
1.28020906832
0.767209060396
0.777395719626
1.11064735204
0.855870163633
0.880296807203
0.897402865805
0.739767076411
1.06087823807
0.686736756773
0.950789729986
0.77754748573
0.678115252353
0.628642447178
1.07560713686
0.895445919078
0.859645136399
1.19060551449
1.08652519629
0.633470560705
1.03612534424
1.06445099336
0.662460367251
0.703311728719
0.440162373688
1.25408438544
0.66715774255
0.843479834606
1.18735374815
0.34983993172
1.25418308715
1.05746006514
0.37748901427
0.540012898264
1.16919737115
1.17143154019
0.522806012651
1.11161681863
0.923789470439
0.667148980679
0.813693404394
0.768343376169
0.660502279661
0.913673417363
1.36459589738
1.14500991098
1.09091067324
1.44285361474
1.22614771046
0.709686682991
1.34369969178
0.549279654053
1.21848443515
0.656947428278
0.4710333006
0.294760285037
1.15733586231
1.07421788489
1.37422900061
1.22130633088
0.666911860222
0.741493398796
0.669640856635
1.48143235514
1.29515841312
0.607675254722
0.743756604938
0.704488628293
1.14655625459
0.715660699562
1.31099301196
0.494114638373
0.603055451696
1.00261000152
0.796638555877
1.20825865396
0.850588036698
0.730651171918
0.963922481031
0.568248388058
0.606360657057
0.540124671716
0.877166881326
0.263725334876
0.656567186952
0.628332097376
0.586075026685
1.27680653828
0.882802574051
0.905757763577
0.666121602589
0.430253221319
1.21852495673
0.892392349866
1.10131121445
0.754539720411
0.855367073591
0.833591662354
0.615129960917
0.316572877798
1.15252275305
0.797399775245
1.31301079051
1.29346503633
1.38412128839
1.16005205942
1.50658657784
0.395572796462
1.18168642767
0.233767089575
0.654894632863
0.899520951123
0.437022065474
0.666605902132
0.634987950272
0.836331349039
0.958357951244
0.436278778151
0.774409202857
0.86168650572
0.999023749095
0.89533407246
0.423969271168
0.678062355019
1.181513384
0.834309716999
1.24523818502
0.866040097415
1.50603412364
0.674488316879
1.64000227335
0.370509769735
0.72830752519
0.761090395968
1.04363801298
0.790133227851
0.532626999416
0.891559916363
0.974334971428
0.396562699593
1.19057496702
0.957022099534
0.647814438046
0.668762183465
0.594188031907
0.580984597906
1.06437111981
0.505399262315
1.30446211812
0.304296927837
1.26968999052
0.892463644397
0.469577615308
1.21654084993
0.67973473244
0.771655447409
0.904980650966
1.11482376845
0.620438604915
0.551685285229
0.359512504794
1.40205233748
0.648970512274
0.514035819307
0.527721024485
0.595772185185
0.652842481666
0.974769972147
0.947039966597
0.833701803164
0.568436755904
0.919442740457
0.372601796076
0.385074596308
1.05790774994
0.463654878984
1.17407275224
1.21900901939
0.566255405204
0.739059807261
1.17955010508
0.875024107869
1.19015042094
1.18961557931
1.26098895764
0.569045255491
0.533709780554
1.06384316682
0.926572839372
0.8855613061
0.614817861364
1.58739312703
0.407244233313
0.279071709293
0.669500828721
1.21882899687
0.559792871287
1.13639718656
0.331371849337
0.486773964441
0.644238716569
0.683033137905
1.35376565197
1.44024482609
0.971532118944
0.90358841126
0.847369201564
0.972829064973
0.616733716301
1.0911591003
0.853850249766
1.28169483219
0.368938111795
0.613522027198
1.23711112977
0.6935742743
0.409705161091
0.408748902873
1.12837021735
1.60717704969
0.319867151356
0.402771314794
0.81391508036
0.555337466576
0.83717235045
0.434529780114
0.884512329144
0.722443560709
1.38562012187
0.679707277698
1.26366082249
1.27352724626
1.5211641717
0.704826945403
1.1596919385
0.23615776411
1.40742548774
1.05460388973
1.28666023171
1.21751222481
1.38832748592
0.859585607756
0.552709273241
1.35026452184
0.351404096745
1.20492450439
1.1852087071
1.24229527874
1.09409132206
0.926074622694
1.1425958003
0.590072186398
1.43233848255
0.718777121949
1.09283318658
0.854888607635
1.36602203415
1.62784657325
0.946220864875
0.745664575676
0.859239314686
0.343317138704
0.780903143136
1.47938395267
0.628780628795
1.1865075843
1.02138134807
0.36008429273
1.48711401605
0.786536452075
0.345837522505
0.454867283622
1.30457882777
1.16605271082
0.736344250747
0.9077560275
0.611773022641
1.01347290541
0.470992252061
0.679819521194
1.31745573798
1.55234165196
0.655998909213
0.992829076252
0.677721414574
1.13389966073
1.02312526367
0.811075283866
0.343581435924
0.713814087846
0.287510912453
0.852849584735
0.362915401311
1.30560132425
1.04783336653
0.925955824349
0.513778661765
1.1037574205
1.00717700831
0.820163702318
1.30086011465
0.7999387112
0.266687110706
0.969492649482
0.676950685481
0.656190876278
1.42987283956
0.638953308589
1.16526095178
1.14016944617
0.459850703085
0.585756976153
0.919557087474
1.3688253238
1.09801292665
0.58472839542
1.14648958537
1.18164997151
1.0719877073
1.1869196951
0.502688195001
1.23688289242
0.800061166837
0.9021300752
0.453843844989
0.796986865563
0.954496164635
1.11868102188
1.33058812427
0.791505357695
1.04811242029
0.436146885353
1.18367618684
0.457471449913
1.40940210759
1.12052392636
0.764581659851
0.666744513452
0.61810257083
0.805479982586
0.820983838289
1.50238894779
1.18379693702
0.900968021264
1.14263437542
0.607529073178
0.927850520891
0.782048412301
0.836527586006
1.07613226274
0.374610703903
1.0718887825
1.04509063852
0.506901783856
1.10652858459
0.647093483555
0.856732080575
1.44783087302
1.28344618609
1.13490890182
0.813316025253
0.942283297574
0.959147166334
0.68170730195
0.24391534516
1.15334921914
0.452219395041
1.21877066814
0.770478295939
0.320016106028
0.476644489193
1.33466326754
0.514817991965
0.282449386075
0.910613361089
0.997640297061
0.730302702215
0.811680387203
0.66335248104
1.05114648877
1.0779747391
0.995927615039
0.823041944725
1.13821622808
1.01243066552
1.16992245377
0.900087867181
1.29601510911
0.269209441953
1.38219103835
0.764861399695
1.34034545291
1.09154300373
0.663037094401
0.969085763848
0.6491304556
0.483302718229
1.21347609034
1.28975619218
0.490253254366
0.482046400299
0.55810599599
0.71880704028
1.26362069744
0.998787993046
0.513018402383
0.587489917997
1.29283592841
1.34456750373
0.45439513819
1.14608244823
0.613380313186
0.374215108056
0.445016937962
0.883852351299
0.582248095219
0.611415493405
1.21268891794
1.02697112257
1.39041025396
1.22142618814
0.524304202999
0.58004914592
1.02980337972
0.532538373968
1.0749503687
0.966733444246
0.620807236355
0.659442808528
0.745566497971
1.1313601292
0.796726183824
0.724442838051
0.971030724673
1.30975104954
0.976774949486
0.571448788098
0.46227091009
0.614005171406
1.16444623284
0.639812462536
0.103768165897
0.713921010762
1.02337615377
1.23949203767
0.984089974324
0.595071751821
1.07659643749
0.648845638162
0.507447369184
1.1927128008
0.685494715241
0.734016735166
1.43057353329
1.09014970338
0.46266495874
0.610338955778
0.503043825202
0.686118346136
0.764690162778
0.620186152321
0.71612205023
1.2421012445
0.306131147508
1.33610843805
0.359618195813
1.26208484368
0.568711181372
0.751689491324
0.816118595529
0.573471055693
0.548844042545
1.02626114673
0.353368043104
0.627905137378
0.942851684347
0.832084499068
0.71459902967
0.467553475635
1.43141345203
1.06924057927
1.03061021357
0.467473330286
0.371568209938
0.599658530473
0.252586116096
1.23753989578
1.04460025621
0.747659845125
0.486907871163
1.05740390665
1.08922731741
0.284862549075
1.38398944265
0.686809583955
1.15833220624
0.696343354371
1.04462509024
1.00807061285
1.16864362766
0.619962719611
1.2691467652
0.344472401681
1.54130490682
1.06114825642
1.0135867179
1.52841545953
0.517457613101
0.48155537638
0.452855488112
0.973755685403
0.42350982219
0.690532257364
0.759984424465
1.14775655702
1.23069383734
0.800793104833
0.557572717733
0.424883978665
1.12728467663
1.08411901615
0.601524070096
1.16835529391
1.16907347546
1.09758180735
0.810423800029
0.85662163379
1.10576937478
1.18135469076
0.572066084733
0.439470326016
0.601773984525
0.463231808484
0.877678562538
1.50205835067
1.17328913007
0.640843329193
0.976741668859
0.611717514841
0.468563468896
0.932282370976
0.358918964784
0.516724536056
0.817176038097
0.938512764976
0.636067389538
1.12711916029
0.484812108809
1.01783903562
1.41293047539
0.606227077634
1.42228004582
0.808644559889
1.30372603102
0.981795554694
0.873841690112
1.1534432512
0.704391278654
0.370668628683
0.886380487828
0.992500082294
0.864283349149
1.20904175136
1.19161726145
0.928611295307
0.508760255182
0.695121100556
0.358708777964
0.732541813324
0.678073674547
0.701215730616
1.34006996998
1.20188096818
1.28970420938
0.858435055206
0.776863178784
1.5030732839
1.0378485074
0.459725875877
1.20889565582
1.41547460949
1.28079854446
1.19635904371
1.29082541961
0.644324094987
0.701477353953
1.20413994816
0.316130047792
0.9509645228
1.1770333036
0.937871582743
0.408272382045
1.08895359044
1.03526476079
0.545078213917
0.559802032908
0.630764236668
0.640653733578
1.1589357235
1.54758683619
1.04553652324
1.10470652776
1.39591552725
0.856843660323
0.771296671638
0.780160226077
0.947346464143
0.71082824105
1.4292205643
1.23986984102
1.36674780214
0.846898557848
0.529673404512
0.67675531312
1.39730420815
1.4951285143
0.601376047417
0.744622945246
1.31984092027
0.667491570417
1.47481197553
0.756515976913
1.33108633859
0.578132621726
0.835071682273
0.798036754566
0.861168515545
1.17060304143
1.10329122921
1.34719693033
0.889478969191
1.34117403257
1.26693271019
1.45853429652
0.652393560945
0.411168229917
0.676717918375
0.53415805945
1.28627906336
0.534639282569
0.523226013446
0.961732085055
0.477194688844
0.902958898357
1.49487444834
1.21479586921
0.891772318937
0.743310236417
1.09432450099
1.07891786088
0.420569910037
0.871572943909
1.54559985423
0.901884859813
1.50738175677
0.521769591714
1.11451459246
1.28328787344
0.849721989198
0.885927077013
1.170843848
1.5466138988
0.405235848743
1.23243718022
0.307859321622
1.29747290424
1.34536258985
0.800820721191
0.339225125601
0.54184932493
0.780158646296
1.07154944936
0.831684622889
0.792878555147
0.275423575928
0.718032816829
1.00871531097
0.589736564213
0.851364994095
0.976270148701
0.802233879506
0.897850691573
0.353554406432
0.597905390013
1.18860504547
0.874901698561
1.19267159391
0.636246248754
0.93315294377
1.24645301064
0.709144224355
1.09240689702
0.649572133466
0.493181149384
1.46358168581
1.05217181237
1.27328273843
1.30323218708
0.459996989159
1.05131186792
1.3225695096
0.705150208379
0.643535813499
1.00508941658
0.611469469042
0.875871092831
0.914010225923
0.774186139399
1.49775442639
1.26600021819
1.06147397791
0.878641682182
0.677083543374
1.33897112444
0.785112852307
0.585985535152
0.770852235273
0.828834916776
0.760136525732
0.846270577375
0.489634436279
0.352541980667
0.640794924598
1.05882526595
1.22969257584
0.641003669375
0.666656179771
1.12122347969
1.10803535695
0.670771809149
1.11035017583
0.445879047894
0.274735138837
0.856254560675
0.647706190606
0.97321505758
1.10764935445
0.560813743657
0.383877844739
0.591078059215
1.20285472552
0.461406397711
0.491858241525
0.625086224816
0.872985349518
0.564099175501
0.59306491758
0.6949109415
0.799587581665
1.02002753405
0.605236274757
0.750790316079
1.0853650381
0.969570813946
1.06829000105
1.06307366877
0.648022231435
1.58683317005
0.467150021807
0.400774856261
0.598488138488
0.912618073339
1.48228316283
0.399625752934
0.711980500289
0.937574270345
0.560512669
0.878890991779
1.31410946974
0.894729778874
1.37400270832
1.35272162406
0.860737508657
0.800946606532
0.521888742797
0.80316047292
0.740197217474
0.530978771587
0.601071138342
0.334069157503
0.426470838525
0.436648729776
0.807153254541
1.14199340498
0.688867848458
0.416852685587
0.829436556751
0.566792928169
1.28417411536
1.35549689119
1.13225187579
1.2183348616
0.674236266684
0.593091047104
1.26961829678
0.859196038305
0.92244358972
1.10268587879
0.611486090223
0.529776779493
0.642279328606
0.530447419551
1.16430145832
0.466669526487
0.361101681072
0.878301405156
0.352339867075
1.19698676831
0.567591002539
1.20035466705
1.14485088451
1.26075844528
0.51938092787
0.838140892712
1.59611259488
1.12703127317
0.315658178096
1.00722581221
0.485339503185
0.983695671862
1.23532541978
1.20419255908
