1.28137810697
1.50583744155
0.769988403527
1.01125492906
0.718533706097
0.96755405978
1.18712057295
1.21776944877
1.03469717433
0.651416083196
0.936247222698
0.758143938275
0.216380889996
0.433043243711
1.14574851979
1.18980296432
1.24793070463
0.664471332758
0.438160473446
0.33863969796
0.705908926396
1.34176630119
0.87687368213
0.553263216932
0.508098548876
1.04779385639
0.684540511396
1.01372145136
0.813035366391
0.972453888003
1.20564587914
1.10031971401
0.776177572585
0.799225383808
0.436740589411
0.885495245973
0.447250980121
1.2723867072
0.799302593935
0.311866187799
0.831834769906
0.716025357749
0.979964480117
1.02414562148
0.71214416985
0.506821937459
0.679985134318
0.8944222459
0.619850657217
1.2456379416
1.07127067594
0.817608954183
1.04385627258
1.39428051212
0.407816831181
0.687161755297
0.879953468139
1.35511658175
1.09899292194
1.06336803031
1.23127832473
1.18518246602
0.65751002929
0.386527003588
0.99863870481
1.23926553942
1.33153449418
0.266194959725
0.717533251736
1.0702365098
1.35487329635
0.292952720038
1.00328855869
0.764339243871
1.256785682
0.885817491814
0.531120114098
0.449868574345
0.756120599882
0.486261721658
1.1168314676
0.850980537077
0.546994883709
0.688399809156
0.238293343123
0.976921524448
0.511202389911
1.30166125877
1.22687750123
0.560423655016
1.18317316138
1.36398288981
0.93202911057
0.495065307578
0.616278069672
0.507267579358
1.21472232186
0.996361191781
0.265504630672
0.68430766879
0.935486493451
1.1038003983
0.823406685868
1.4728016823
1.22438651102
1.28808212812
0.713584444072
0.869297408779
1.19048044634
1.18083592825
0.598932498619
0.465872775542
0.383529956469
0.927797903084
1.11839342721
0.515742188483
1.15419301734
0.358926426779
1.14982273557
1.10322048718
0.423126912065
1.23198491563
0.488367913932
0.27852505866
1.34513564063
0.912670500763
0.9824105426
1.33598218709
1.07513128019
0.463371213278
0.705947160192
0.87390798789
0.448673629769
0.457366153627
0.773597429599
0.853608684094
1.04019858721
1.02155279612
1.11649098802
0.438374747572
1.41733427252
0.240904064456
0.899074329032
0.460068490389
0.789240854677
1.18911150561
1.41146883481
0.878019805759
0.972303125876
1.01516313746
0.753294122751
0.876151285301
0.765644360387
0.510739905867
0.576268578337
0.865500150177
1.07063099178
1.53995904515
0.892936918617
1.24640990917
1.00200832624
0.605424265046
1.03439637336
0.815574009847
0.857397059816
1.38993839803
1.68312992077
0.80852869343
0.473190705786
0.976920022038
1.44302367713
0.7625037496
0.442034960653
0.530530289716
0.770668585013
0.940236835768
0.833487928643
0.31282962315
0.423518773648
0.505505979602
0.951475968108
0.811175245039
0.284341805381
0.347044048867
0.9858258412
1.06227392452
1.04750577185
1.05645500997
0.820274445637
1.31230939664
1.39090668003
0.924229723143
0.832372073457
1.24941206901
1.52206398986
0.870385646032
0.614311333074
1.0041648849
0.537358589369
0.798051739593
0.27121158204
0.838151305951
1.38897076384
1.00943910537
0.821339006505
1.16066699425
1.22134166027
1.15411042741
1.15271914594
0.806767359158
0.994017743459
1.21149131417
0.675508617893
0.258031985281
1.16030610504
1.08918741844
1.22990795942
0.556667250998
0.820451347499
1.17572974998
0.253599515462
0.682872472706
1.30812392932
1.23382760868
0.770887790465
1.08454196686
1.05380011598
0.649878049703
1.08548856519
0.880977624159
0.741638611095
1.14563777713
0.715583764372
0.702425566833
0.751214548447
0.798040427538
0.412413336722
1.16769022521
1.09442504119
1.61907237085
0.229477230296
0.581632289809
0.88021060571
1.3153450704
0.864015755257
1.04856885765
1.37740484479
1.41197078148
1.26653058438
1.0053027869
0.935472836536
0.801205403042
0.972772529183
0.391514225555
0.420705504352
0.425866574434
0.534853612522
1.00618682946
0.690883266835
1.20524205912
1.01907301932
1.13825619195
1.45386018865
0.990534975822
0.553008892192
1.16372277984
1.06650439829
1.13875877413
0.814269780874
1.03160554708
1.2607008358
0.879657149169
1.38810370658
1.57181818845
0.968271454993
1.07461664264
0.970548303676
1.59817478531
0.769616353376
0.671979850329
0.515627799224
1.17835099334
0.301990938045
0.388789025347
1.0063683859
1.10349374958
1.19033198323
1.01928167951
1.38656034644
0.766548797607
1.09443326629
1.32761738648
0.685293756481
0.594358906853
0.369594877427
0.917977471447
1.12025715711
0.31406604547
0.489472364887
0.399339347817
0.704142880011
1.31340105459
1.05728189107
1.07015227392
0.666730171755
0.401198968381
0.699617340574
1.12478389975
1.41822329773
0.943418708793
0.455725919355
1.46921837435
0.734410482892
0.701426719823
1.25015877802
1.2111454178
1.1666000172
0.705778548167
0.948187630597
1.02723850665
0.813714564841
1.08760367283
1.05798092278
1.26347394165
0.947778027317
0.342109493988
1.19797172766
0.782834624426
0.665282576415
0.815108539609
0.448111980935
0.526826962081
0.388196969424
1.21842262039
1.09855033029
1.23110337084
0.330161591816
0.513441462733
0.811702069265
1.03954661527
0.944839084935
1.07608864511
1.36829769929
0.539243680793
0.771307507819
0.665931189959
1.0849985821
1.27309748564
1.02158844491
1.50987242636
0.990954534657
0.452987852581
0.571092953045
1.13347802472
1.45312326895
1.15857437683
0.684356181039
1.27633813124
1.41897214166
1.10330380242
0.502226606223
0.641162626068
0.393250233777
0.781823990811
1.01630589535
1.09793468972
0.427037746945
1.00551000538
1.20294527501
1.61918502119
1.0789436202
0.900643499142
1.04207419814
0.498825123378
0.680698484894
0.878348023433
0.55359692205
0.914158696257
1.14857340619
0.421107912482
1.33996618442
0.476799972707
0.812111040896
0.72778600057
1.05370180489
1.10767738959
0.737739703839
1.1943204903
0.526401731638
0.869810374691
0.817581357178
1.25519976186
0.881474045835
0.747507804087
0.704485939524
1.06585842199
0.69068645903
0.791908328269
1.36401953953
0.83621934006
0.745093418348
0.981586948316
1.29648809118
0.741042806573
0.945333974262
1.17298517068
0.635900348834
0.622822076077
0.597855383352
0.858812910789
1.03987003231
0.450516465282
1.09515369416
0.718766750521
1.2800748574
1.48082301594
0.722621594849
1.31751227497
1.5159338647
1.19470820575
0.670761122365
1.01177229603
1.19098747326
0.716630692691
1.08261795822
0.37461586203
1.18740395972
0.382080619155
1.19859159109
0.991317023062
0.580555310843
0.976607790276
0.553254326601
0.522736261122
0.476867216237
0.512024407284
0.875233412196
1.44082093442
1.3342219027
0.920136989232
1.33940877566
0.308906997048
0.457769544151
0.857329604532
1.05494635959
0.847278163456
0.46603539408
0.955475114701
0.466368396485
1.08235516892
0.36916893876
0.963547603013
1.00560181599
0.652008217424
1.06829674941
1.31207309669
1.33862863666
1.4471618821
1.4696321399
1.09462770359
1.07530613202
0.314246561192
0.433937683129
0.895255913704
1.06040461762
1.72382609481
0.306967310495
0.625829610544
0.548148241259
0.427904488576
0.923118890725
1.33550307922
0.734988356981
0.403956065487
1.2587421551
0.567433134588
0.826549945976
1.2404537072
0.799618194712
0.850587170622
0.502195724576
0.368157818559
1.16283862853
0.455913146255
1.54422968845
1.05836300738
1.03927537949
1.17717821163
0.31165791677
1.14590352729
0.289616202829
0.593494635275
0.966609722574
0.878715181974
0.611747678825
1.58702091995
0.487676458279
0.606479689685
0.431151472091
0.827728543003
0.399602675734
1.34839084257
0.839880337917
0.472736092936
0.400801102537
0.241948585794
0.989215866124
0.962446934594
0.554949671451
1.14412156011
0.856034072021
1.35685949061
0.731563162736
0.562047736915
0.419559194098
1.25184293956
1.07520777786
1.01828026567
0.49374611411
1.35963689766
1.32417874952
1.52192465218
0.756339291836
0.889045259311
0.536178834679
0.320118994101
0.291982626162
0.39621182371
0.414431853828
0.529935432049
0.851090975276
0.33783738564
0.380795856846
1.05515855857
0.605446646398
0.961551666488
0.831911356965
1.26532541839
1.05947854395
0.636115101547
0.627598021151
0.49084402108
0.986005760495
1.21563428845
0.775801536718
1.06802624296
1.14334687892
0.439816947593
0.975118756843
0.858732024129
1.2833939982
0.472062079656
1.27087949985
1.20939704751
1.2412030793
1.486011647
0.988387960705
1.36316422013
0.936065915785
0.183740201074
0.385865055244
1.29223830571
1.56709143074
1.46366127603
0.559676431455
1.12992170745
1.19875062635
0.637369832747
0.848354313847
1.32917429613
0.984907331656
0.848257367459
0.538039548753
0.99961311281
1.16142471451
0.368996863221
0.764330949235
1.0583136698
0.509594759999
0.668175760197
0.35133415021
0.976250268212
1.42355400057
1.16066126006
0.435511427309
0.506058295766
1.03775787557
1.09767505209
0.426255822278
0.530821581711
0.517089581143
1.17727708961
0.870257858026
1.19511280373
1.03303243917
1.34020414425
1.17038863002
0.604121418928
0.690509389772
0.796057645393
0.943305639605
0.960035360296
0.723503168489
0.465254312312
1.05043257825
1.00501678837
1.35426309394
1.09405981065
1.56576871707
0.905900874647
1.41649628327
0.456012174212
0.967904371938
1.1542600318
1.42832862431
0.926896010121
0.895338452386
0.803427937222
0.722573347357
1.17102600977
1.0387348274
0.765906442902
0.827439041997
0.944265628272
0.956706907168
0.406346708714
1.27002983354
1.46556258332
1.32541939167
0.762322353916
0.485619309801
1.4102552206
0.893217901148
0.995695717466
1.24811636201
1.2169613737
1.59230280984
0.597926689159
0.913248214919
1.24861360395
1.21033130032
0.665167565483
0.524154277524
0.449676229967
0.636623039026
1.21995544199
0.914193534381
0.472519305796
1.38821046118
0.941640816297
0.660288050428
1.25008999684
0.909771996328
0.657641748245
1.31715703577
1.37876241886
0.412220767651
1.14451260897
0.576518330994
1.2990996331
0.223526954646
0.90544473583
0.653493210488
0.845660678203
1.09241997573
0.624993519415
0.706833710078
0.555546251527
1.33163568603
0.659223755528
1.27128774244
0.901405885036
0.832005014628
1.2012148422
1.05345640966
0.353928862646
0.59875184185
0.478448196327
0.419086300938
0.655136139397
0.784268231963
1.19838374864
1.10362759096
1.18715066001
0.97742039562
1.25023936663
0.252483551279
0.754837504553
0.585396715257
1.2779211243
0.47464551427
0.703405394317
0.955083244303
0.894049247987
0.490959592085
0.981793755552
1.52205132157
0.487795231937
0.540386179985
1.28716552495
1.27147643118
1.15871911362
0.993101280275
0.805352083193
0.632485181502
0.614433345428
0.776118557327
0.429132315169
1.07501930977
1.28126598675
1.37218803438
0.544380101338
1.34905951474
1.0623371472
0.742287100308
0.903931203824
0.933378765955
0.582223730835
0.481211208467
0.515412539265
1.1744282493
0.769481910395
0.937695978659
1.22178466591
0.729080667376
0.758751371963
1.00528756995
1.41604555049
0.810780516995
0.880034040686
0.905617748063
1.10633509046
1.16918012493
0.937107998457
0.974012027215
0.303916461354
0.5184402297
0.605367596854
1.30670686894
0.693370995269
1.23931713703
1.24282454633
0.532532983754
1.14537921501
0.38053787348
0.606559212022
0.553522673652
0.324965762197
0.318358511974
0.805914131036
1.08935877529
1.23595165014
1.65858143006
0.831568656748
0.849090413834
0.894431059651
0.953451913416
0.505972923897
0.718841184482
0.810998988974
0.754823941705
1.00766671501
0.84954876601
0.932865456325
1.25413810044
0.792536472453
0.829885592728
0.61176587822
1.26958978955
0.321953145466
1.25378647001
1.23023582297
1.53064559446
1.01356154692
0.684722218143
0.36254720476
0.982116671963
0.853769022298
1.20476428116
0.432448946317
1.10815310076
1.23081718033
0.678528430792
1.35019687892
0.316265667707
0.374005116413
0.798746207047
0.699013880423
1.14093232455
0.48699075777
1.28618358482
1.18269639227
1.48734273214
0.548187140701
1.00458378117
1.3762996248
0.877346907875
0.463503865005
1.0491913323
0.622994049414
0.820245577843
1.15351060637
1.47841400923
0.165432057597
1.33265325703
1.11118774299
0.472991571415
0.890312429059
0.576364833889
0.704170517173
0.527363988321
1.25680431073
1.22571412968
1.36629648697
1.25778314454
0.507527000182
1.2272307885
1.28433506787
0.957446099848
0.788554211219
0.604712068222
0.61039496474
1.36569942942
0.427160692375
0.407313805891
0.655509309397
1.27388250414
0.735373241262
0.720480470556
0.541829041196
0.501846107507
0.679935042802
0.557097606275
1.02187643833
1.15272194936
0.784626264145
1.10807521081
0.409122517073
0.559225041911
1.05009963517
1.26759512542
1.05580651244
1.08768085017
0.834813572981
0.457933722546
1.10308107029
0.524330986589
1.08099987393
0.927072995372
0.632435669704
0.690146307375
0.283422699264
0.396739703743
1.32684823309
1.48290055655
0.345547109669
0.950838879307
1.03236423002
0.273640604509
0.983904374352
0.56990646618
0.535534702643
0.694519930884
1.14001578845
1.5126387915
0.644561973581
0.8505769681
1.33715509317
1.20728764002
1.29225880523
1.14709917492
1.39197089807
1.22399948623
1.11846028214
0.338131119816
0.520684389086
0.891428521345
0.932739876316
0.911640900764
1.18848629291
0.377995385883
0.764047983495
1.08600500861
1.21431616046
0.470285184388
0.666923650167
0.791175145369
0.893661592682
1.36663950209
1.13563182269
0.950902968564
0.993276142958
0.972830561496
1.64566854913
0.725672816127
0.859359607035
0.386063132957
1.16418836438
1.4352934408
1.45392257066
0.28358020067
0.493801920923
1.41538334246
0.452281286572
0.434893242168
0.89330898971
0.863360664195
1.34882198036
0.364338281909
1.24859064658
0.175639192466
0.69022071519
1.17277750403
1.23522736886
1.45457917145
1.13983737233
1.36781775536
1.42455747587
0.553921741627
1.00192690216
0.617890831057
0.682891300433
1.10625205105
1.22973003735
1.00775201269
0.672910119604
1.40035939819
1.39877159841
0.5875327258
0.986351726349
1.49589942444
1.35020196366
1.29493610433
0.89187549323
0.431866731976
1.43681118323
0.711373729713
0.820732739426
1.06672249976
0.858055761656
0.558660309588
0.850012357576
0.894662718835
0.534062997698
0.708412276877
0.840278730491
1.43843133816
0.874362901344
1.4134076832
0.58751123074
0.91476656215
1.33534090453
0.909915891597
0.896187829279
0.87531201028
0.377128645579
0.946725180416
1.11138601121
0.487167016953
0.864238890469
1.07440190475
1.09701006083
0.894472817994
1.17872597171
0.59715319891
0.569481910279
1.06412515837
1.48648256739
1.28901597427
1.34667889007
0.426151149958
0.587476734146
0.616096380902
0.547322068264
0.697411636729
0.890221123955
0.436918769228
0.697788164531
1.12415188285
1.24391033513
0.898164543488
1.39056391545
1.09719900862
0.601690139488
1.17789895901
1.24523495982
0.706804117105
1.31892257398
0.896156798075
0.979074637723
0.73129746962
0.816983730038
1.17618887901
0.950439773186
0.836352458514
1.16546859476
0.66765847308
1.41035338855
0.658810585876
0.947864287877
0.515891377615
0.741930117869
1.16416995948
1.01518535323
1.21462431773
0.559494934055
0.680374167596
1.2740720717
0.509965468359
1.02053048562
0.318549547179
1.26505166224
1.34474749895
0.862972899107
1.43677211959
0.480554300454
1.14831800551
1.32880376288
0.801280586467
0.717970690481
1.10032893646
0.641486968064
0.895873877769
1.08102857408
0.965862102391
0.529027362231
0.761430205682
0.767374488186
0.778631276069
0.441735896622
0.963262991033
1.11446796189
1.15871370231
1.24336145201
0.660383852969
0.753407602339
0.337445961552
0.901406876253
1.04094637161
0.743476803945
0.733116208789
0.824805452441
0.408045276412
1.2709031896
1.00614487189
0.750809269433
0.800220526283
0.577130912549
0.976477601002
1.33750551856
0.588929043503
1.18361000174
0.302134090999
0.426798023092
1.00208919821
0.386741278173
0.802093071455
0.776426488233
0.377072467542
0.48472549256
1.33909904668
1.0651712891
0.38905511721
0.207425812959
0.497701194662
1.1319691231
1.05129712159
1.09640432564
0.737462212193
0.397022220572
0.288452533581
0.473700818317
1.23996539862
0.607244598394
0.468554968209
1.19165864401
0.366724204013
0.364022414913
1.14714591781
0.538153142324
0.472645999072
0.50551967863
0.456745505964
0.679114373501
1.13274213735
0.778901389252
0.95913646003
0.982721192242
0.869920356939
1.18960227897
0.949095086098
1.32061546477
1.23606958649
0.3523146254
1.02236740803
1.03250256206
1.20483225612
0.662750269048
1.14264999854
0.519067196231
0.829517811802
0.323622700227
0.996324818682
0.93454963133
1.15511437165
0.613878576813
0.610303105592
1.07679482441
0.988133926028
1.37760533205
1.15730046944
0.927889751086
0.864144294978
1.02760168611
0.40758846948
1.41202555431
0.927014792894
0.514992263241
0.287988186684
1.45659241824
1.19625044338
0.739029193186
0.86465435266
1.5055306277
1.27250815521
0.467968798309
0.916322121542
1.28487443219
1.21353412028
0.945042126134
0.608048400873
1.02146727613
0.797130923475
1.25978264494
1.0226231724
1.39951744195
0.414593643286
1.08739966902
1.40153778678
1.0459720936
1.3750379263
0.801282821783
0.530303403715
0.644191314733
1.11635134197
0.701252270673
0.349391715131
0.834407685125
0.35693863429
0.271746974768
0.707957592489
1.57593125875
0.965546775947
0.715792674426
0.848948569738
0.952537252291
0.413185770107
0.419708835596
0.827641453072
0.6071661052
0.673154023379
0.597519361182
1.16128029284
0.522158522668
0.389662937562
0.726117776008
1.14274218105
1.06640364482
1.28499376412
1.38354415425
0.944556479181
1.10521004118
0.935449236051
0.527610504276
1.03835551374
1.13719453319
0.604398178512
0.509788967361
1.08489037692
0.495968587594
0.441784848117
0.804208115065
1.27907606083
0.898990422479
0.482115329898
0.765278573242
1.06095235593
0.694507178512
0.672317000031
0.524659438798
1.29824866231
0.634924890485
0.83527571976
1.15085582016
0.484626329293
1.03144104572
0.960338213613
0.548913533596
0.400215797788
0.626502537989
0.533418691743
0.920842309206
1.11864936681
0.383319379975
0.902900846591
0.935786957228
0.798919031971
0.899747189578
0.41934744733
0.70253670093
1.36413178814
0.583127797494
0.486263356239
0.215221398302
1.38560303579
0.94599645105
0.649067068177
0.96168430848
1.09840753472
0.980684830148
0.804516424344
0.979899625803
1.02904019023
0.805793079609
1.13648775276
1.39454788154
1.18574993081
1.43592604974
0.903548314676
1.03085282339
0.824828283547
0.45592784998
1.05521524764
0.775345836206
1.10801763153
0.674809161427
0.950809004759
0.5947503629
0.663343386959
0.414615753134
1.03089894172
1.13299849881
0.388011245132
1.05217408238
1.08410046218
0.983510397554
1.13786508219
0.83641601635
0.613675985152
0.635327629749
1.21361077911
0.312463956086
1.15709687382
1.15552374743
0.599778828943
0.668521175298
0.692126887994
1.00182258156
1.42445272505
0.279362630591
0.529923640979
1.08194845768
0.341214174076
0.481217446642
1.06687305366
1.08979566127
1.03629734133
0.989466068518
0.500151705001
1.22052415506
1.37786682725
0.554291939408
0.489504229413
0.932195713986
0.714494238339
0.464435783442
1.24849306566
1.0185004999
1.33987998264
1.52249040822
0.655054145862
1.25179394289
0.447499157364
0.585977746742
0.397167028782
0.760456073483
0.592027303092
1.10384455566
0.479135294535
0.510350126481
0.464728404532
0.785684815164
0.339279211599
1.42840683548
1.07391894167
1.03746616133
0.380570705703
0.570544395683
0.823336325265
0.464449611815
0.666978698702
0.771261626875
0.30508745535
0.976756785033
1.10745850082
1.07737984224
1.08802925439
1.08735327032
1.40583201861
0.579247629731
0.494329348921
0.324749969673
1.11573629573
0.310072128214
0.706413435339
1.04795870472
1.01391527163
0.420858561593
0.428608257995
1.2530978907
1.03871861778
1.07486197076
1.21117103526
0.955711071746
1.28018892453
1.26403293438
0.806118517335
0.620750295916
1.21386521797
0.863742913499
0.750970074889
0.78728673423
0.900246347003
1.3726736572
1.29931855227
0.818095794847
0.697968783353
0.509244639872
0.751023295016
1.08163526597
1.01606823525
0.545895407749
0.608035781933
0.53335494483
0.616058149916
1.15080363863
1.19297940516
1.01709637403
0.438666473282
1.30937797268
0.794445904818
1.33006099664
0.985651149423
1.15370455702
0.363575613974
1.18189036781
0.412962749086
0.738929779283
1.37192187382
0.285931190209
0.76520866376
0.814492877544
1.20752945317
0.588320498665
1.08980045113
1.068004585
0.462794619524
0.377665815252
0.289204719454
0.852679571739
0.427051391638
0.453974087078
0.724175156476
0.62535432904
0.962031958999
1.53800165806
1.18727697613
1.21495726474
1.23687691914
0.934209428353
0.946690173954
0.318321002577
0.793766096041
0.418148321523
1.19076642192
1.06346728483
0.689312984451
0.952455715151
0.73691408363
1.4130884836
0.378636181311
0.875377874134
0.401761874596
0.740149116949
0.331016438658
0.487758756042
1.32519371
0.683044355761
0.418521796267
1.03037650988
0.919552236271
1.42463467133
0.959660550998
0.644216288915
0.546181435632
0.198958020406
0.494165588437
0.785602603038
0.553567779479
1.09915879411
1.20396677712
0.57396185366
0.47455457395
0.729551178998
0.605026014775
1.1559347721
1.17434509931
0.900448364621
1.34743950758
0.979468530282
0.517501339486
1.02387148762
0.730774356224
1.03311856376
0.649708572841
1.1467803357
1.30170145178
0.701783365003
1.20044740784
1.25937741575
0.819001492244
1.241526146
1.35461596921
0.632092103832
0.917877491235
0.733242065749
1.31810631278
1.31066282059
0.884687204623
1.2448751327
0.967932905262
0.586516330813
0.956194722927
0.542091546292
1.06207425166
0.463958418496
0.926004384824
0.6101908297
1.1099246591
1.24663340333
0.871661140272
0.37573730792
0.522942563613
0.886383606671
0.703429651982
0.775694838255
0.836393393857
1.24230718534
0.881537893529
1.18405388996
1.1235933314
0.923474435405
0.548309566795
0.681566773502
1.20619905726
1.43613336674
1.18540171138
1.37878265195
0.613532977069
1.10890266501
0.508244129897
0.665065916581
0.473953515529
0.619087371761
1.22072992744
0.581860030244
0.27777315769
0.6908122972
0.580591069588
1.15092786873
0.466558367884
0.694977671767
1.06404841646
0.271747528818
1.36037024705
0.75500967755
0.588220137129
1.33676576459
0.888434031284
0.898096997963
0.55345840499
0.407249726403
1.25589511796
1.4567902654
0.811940467522
0.874410323736
1.03225002862
1.00144416815
0.440777242663
1.34622122465
0.786967997362
0.882210408108
0.995685961595
1.14186145139
1.34357630562
1.38732940528
1.29823204138
1.25888343347
0.418524074789
1.15119323458
1.18344344887
1.11092460709
0.641116713431
0.552057226839
0.640015747078
1.19199561453
0.632983294884
1.15468717015
0.886109323864
0.626136678304
0.684070851498
1.08162366948
0.493480014585
0.760503183451
0.77103639989
0.55183146367
1.17224763588
0.705672448453
0.900015487121
0.563645806829
1.42159518281
0.810595094529
0.758888450601
0.369552790934
0.871955083497
0.558868216922
0.80059716514
1.06362258121
0.964881695377
0.486255086782
1.15193304655
0.72141527964
1.2164733374
0.735233046156
0.927085329831
0.742361547618
0.262884470934
0.513453009748
0.358970405344
0.944440738795
0.636681393382
0.451401318114
0.348841740632
1.17127189672
0.37289443724
1.15317955686
0.272746588733
0.226968763401
0.579717704411
0.141437623615
1.0269884792
0.531404174959
1.14914297039
0.720745633055
1.01541881473
0.897626944369
1.16233797693
0.453768913849
0.917966873929
0.453641989612
0.733370873652
1.37232018123
0.982422274686
0.157737796593
1.07714744597
0.352664271955
0.415972493634
1.10720662629
1.02371789502
0.568506341536
0.765858704557
1.38928919077
0.700622736801
0.853539869208
1.08154743468
1.36801622484
1.16370441791
0.2398950254
0.596646195627
1.2213215334
0.495941016137
0.591737147716
0.180262159842
0.558069664153
1.09631395404
0.975898715186
0.99050162974
0.999546103062
0.854111210867
0.483159921814
1.12738156579
1.00893054819
1.21240301499
0.310799540503
0.770513597849
1.13329084179
1.34834733463
0.709014127086
0.929197122266
0.789559011847
1.01208746618
1.44748684092
1.28675167316
0.452314966337
1.14792781016
0.915506914408
1.35802331021
0.707042296049
0.933167766203
0.485444251678
0.691073961101
0.823060910273
1.1811860321
0.523451292411
0.331041500208
0.989536484969
0.770127016932
0.690184269625
0.527375487905
0.457524661894
0.912627772876
1.01049619615
0.816066193798
0.692819819764
1.24889039064
0.747991038973
1.65194798225
0.867872397867
0.968580779051
0.978319314152
1.01108324051
1.04920698895
1.08992042191
0.943328744904
0.532236192423
0.773635313527
0.518489970057
0.478128043388
0.752448098444
1.10151282745
1.17717776864
1.17935923958
0.948399203576
0.718537886315
0.582480777785
0.607691380167
1.14621499711
0.600102777466
0.508674438333
0.859972440654
0.839920621461
0.936183949233
1.00253929657
0.453356647454
1.2638617715
0.499803659324
1.30909476863
1.12051747729
0.397881404488
0.451475740746
1.06057022037
0.691414213085
0.330633048961
0.9756231656
0.784084706405
0.76898036301
0.417049975074
0.523894341569
1.11590818204
1.1120141281
1.31888935596
0.429742548081
0.89468175274
0.516162101019
1.35959534146
0.947124815638
1.07704583488
0.848516227796
0.840031802707
0.486460468088
0.417233740846
0.767584745198
1.37266608199
1.12150774463
0.51805323112
0.7856698703
0.728938528984
1.13213245384
1.2002706005
0.891808056119
0.383061881316
1.45030852754
0.942940810057
1.09956898131
1.33319955887
0.5568011771
1.05280579042
0.96206394047
0.847484920365
0.584588108216
1.2915993087
1.0020737572
0.63092463314
0.716957677312
1.4534361869
0.918808558038
0.521653083181
1.07658153799
0.333578938281
0.456510742136
0.694365547166
1.1680504596
1.3090280785
0.738436417868
0.850522576054
0.913651480642
0.456736496804
0.867187886304
0.937450737556
0.714782537732
0.593320683545
0.650496192584
0.346057571182
1.42763535749
0.321202275741
0.316247732483
0.982353651683
0.888218365362
0.925049721052
1.14137986557
0.51125033153
0.466060879883
0.87778387401
0.879996804463
1.05364891134
1.23104302994
1.20508932489
0.568316335769
0.482807384207
0.420727350254
1.0745887761
0.867513268963
1.44431393721
0.304762341895
0.545566618177
1.43233592009
0.623209374909
0.378831782537
1.23764116171
0.502834331422
0.895135442151
0.61979479674
0.581206457765
1.12833770957
1.09843157002
1.2065141311
1.14680539682
1.07069439268
1.29503240216
0.960881301898
0.680691626591
1.35887098629
1.16128377194
0.420658871562
1.16442233315
1.08407463232
0.636867841809
0.875472203159
0.939654580278
1.11816815034
0.749307566226
0.929623358467
1.2391824823
1.40855436731
1.25797340467
1.44891976889
1.02276956644
0.64017268977
0.429555037914
0.775422224998
0.815269956933
0.880593195576
0.94587590731
0.994525892038
0.653286010863
0.420101290259
1.02721884981
1.41782947095
0.467983131049
0.636262846602
1.27465864716
0.478752406056
0.485340556577
0.852043265465
0.748075194019
1.45818294824
0.204301945785
0.831492550079
0.63397610198
0.766482224943
0.808370768536
0.499568485279
0.806563470768
0.822638744517
0.515337472006
0.633229781027
1.26524420471
0.508212731123
0.850918346564
0.945838082884
0.992327693236
1.18389327147
1.39910111458
0.778146527888
1.1122252803
1.05639446493
0.796123402908
1.38574844652
0.647643933804
0.402593318549
0.532064624642
1.0942104845
1.00409000556
0.49681193329
1.2258223212
0.887350910908
0.753429282547
1.33185385903
0.568423739304
1.130057119
1.07372011891
0.917562237901
0.352282460209
1.36018868898
0.66795709069
0.526202690819
0.347805509634
1.44513890173
0.475237741086
0.879550170862
0.470536713373
1.04596539155
1.28721731962
1.03605002567
1.2889133949
0.393632759363
0.898057359451
0.423650137663
1.30296346328
0.663710491789
0.777465418259
1.29085974767
0.919814666761
0.944233847247
0.515593865955
1.45837351286
0.781342849448
0.917287086258
1.13027611627
1.37865556914
1.13499398012
0.794853206622
0.993522971874
0.69182579562
0.892283240421
0.462476288052
1.0594317043
0.590333743986
0.928618277688
0.511357562857
0.561178304234
0.444451958017
1.16223720688
0.87828351195
1.18699425257
0.701787044673
0.981862685878
0.834476429934
1.0691140896
0.465917917486
0.500311334015
0.931448169805
0.595162661732
0.724046610745
0.97700482357
1.32867150099
1.03185949974
0.725331352431
0.926157228762
0.864912062041
1.28164992759
1.35556139723
1.31054818165
1.11251581771
0.433205181802
0.599677878878
0.576392832786
0.786947833453
1.27074468042
1.20755187726
1.34917343653
0.425719586277
1.20023356776
0.924423004043
1.24794259122
0.778807892646
0.694938921369
0.332863808976
1.31925540964
0.482426660893
1.24249157481
1.23876002592
1.23566004863
1.2801973824
1.06974099321
1.1929685232
0.972111119235
0.70571222443
0.575600714382
1.01620617572
1.01733058948
1.07113061249
0.330826943275
0.626670330203
0.41697771542
1.28098279565
0.582084225639
0.84050864176
0.396776439958
1.54830313766
1.24858015443
1.1494117381
0.831048027568
1.26209793782
0.435696129024
1.17863178586
0.892759834286
0.558136768575
0.649284353285
0.548411900835
1.22552290169
0.562010466278
0.626989562445
1.04894159735
1.33582392572
1.46455637705
1.2213291391
0.868061354166
0.977121402766
0.544459858403
0.567791969015
1.17499189877
0.759373680505
0.719321285886
1.15137738469
1.19579262308
1.30172282704
0.611664874078
0.824094463436
0.457705248879
1.0139626216
0.744938025119
1.26491146093
1.17277245052
1.47492898775
0.992427591877
1.25424285267
0.868004351737
0.624497867051
1.26800422139
0.5192048458
1.30098783681
0.870717906418
1.0756060868
0.626681266845
1.2472520176
1.21042719222
0.343834879054
0.718626940228
0.518121865779
0.930151543075
0.773504190665
1.18483362043
0.698971276109
0.728044671168
1.40816194455
0.823506760022
0.617537498055
0.72024186859
1.13977904648
