1.06576784028
0.762548036279
0.7886515098
0.767822332275
1.11789790282
0.380530986509
0.869785629091
0.690261815148
0.77343241605
0.359651441009
1.48762458429
0.297702005997
1.41083189217
1.28199094688
1.04409427505
1.14957086526
0.444209155595
0.474019173671
0.826831017371
1.04146464993
0.473341346128
0.720983281489
1.12995744478
0.628724189917
0.557098089622
1.34546792994
0.713779199795
0.384032434497
1.14878921658
0.724268402978
1.34985557589
0.557244547122
1.20622060209
0.793788967215
0.561812296157
0.825347597033
0.724878728236
0.152045408889
0.505685422498
1.2305467282
1.09134978453
0.488280196529
1.04067818377
0.249765005253
0.820067665985
0.560850235865
1.21677762924
1.323542033
0.89999678257
1.28577870067
1.30111640079
1.39592029573
0.422273675407
0.487297966271
1.15560094593
0.400175741253
1.25183420108
0.985019743311
0.929187196817
0.452613492102
1.36026732899
0.728466905558
0.786286225778
1.22059454632
1.0845040192
0.749953086191
0.57793323455
1.02097327448
0.986140189481
0.828017192855
1.04057111026
0.527749171475
1.18083124567
0.972562573017
0.243550607913
0.79862319943
0.753881250572
0.537540728283
0.471827237537
0.895582020513
1.1733466599
1.17077684944
0.544687661901
0.609726984423
0.90869649167
0.354959670963
1.36414818852
0.437274425733
0.671499154819
0.764025908468
0.497802456967
0.505234866858
0.864060183172
0.668993887291
0.564006284939
0.552552179226
0.442076944824
0.532346483026
1.23510558539
0.772631395354
1.11697647808
0.5280614394
0.983379288729
0.996707109878
0.706866959762
1.04670624476
1.1003043035
0.448127584482
0.668919257092
0.813395475286
0.699035031084
1.13502247081
1.03323106289
1.16278106094
0.952447304809
0.515167739626
0.470478662369
0.565405758605
1.40059528935
0.633904756769
0.967790019777
1.06520031293
1.38024917056
1.42649345234
0.905488463165
0.793382578613
0.825651177529
0.592672918995
0.274798942649
0.78203669902
0.487116359454
1.21720933444
0.864003116362
0.680580617609
1.21526234384
1.42903215114
1.11690563588
1.186785738
0.81757791159
0.766466220513
0.760834510376
1.01729581361
0.48186890323
1.1655199263
1.33564512409
0.909858673859
1.28172263636
1.25921804014
1.55731707024
1.15877669718
0.526459156714
0.413277280342
1.37622584864
0.411664793182
1.01868265819
0.881168679741
1.374032845
1.0154895846
0.595827982543
0.661394048903
1.26052038824
1.02214679939
0.401585239983
0.70857346631
0.748629149325
0.879950836457
1.32810649934
0.811626977272
1.32874979748
1.14531998746
0.588070620055
1.19477477223
0.899923612365
1.51329146914
1.33582954186
1.03123948928
0.533730192797
1.15621804015
0.520863841932
0.939992100323
0.917463733283
0.766722895926
0.869439964818
1.05438142615
0.713848662432
1.15910006949
1.45320214757
0.830805752979
1.07114128806
1.04618847948
0.805870148436
1.06094793653
0.683135515809
0.987089002117
1.29692588473
1.21273201491
1.40273661818
1.09496294409
1.3741595594
1.48403578096
0.679766433923
1.06089087754
0.705376409671
0.856141819571
1.11978020935
0.78635567482
1.13749090472
1.08620275683
0.962762281655
0.371889255913
1.16045877841
1.46362599747
0.831216376501
0.358685977041
1.34824442471
0.949260467167
0.731422815938
0.69730922616
1.06422715373
0.570732768187
0.621128494344
1.07115299922
0.700348394808
0.648683359125
0.929822838353
0.956838304614
0.658874009754
0.454422481918
0.912970425845
0.396056511312
0.379790125424
0.60335311619
0.985873754443
0.514945459868
0.540215680297
0.764680210644
0.904785040541
0.79627424923
1.09892482729
1.51795764615
0.749350080207
0.854954287684
0.489424313093
0.990880978062
0.38275556018
0.824394477988
0.816097860931
1.52542764875
1.11983885008
1.39303947281
0.480212178879
1.10945082081
1.55336586309
1.13397253423
0.697150662403
1.23050801824
0.678236039454
0.392386627282
1.04800510492
0.812232726543
0.477504747097
0.90268261986
0.983013089094
1.11740329395
0.268810881721
1.45762447073
0.838380524982
0.668731426186
0.58238451414
0.264901549869
0.579854671122
1.3584459628
0.781992227254
1.0985360368
0.541977529146
0.341029873172
0.62643119392
1.13601620943
0.631492742392
0.482321182189
0.733481575617
1.25607975455
0.695653677054
0.969752135295
0.426577176285
1.18460734516
0.573822107338
1.06282370407
0.306334828806
1.0070382766
0.944839225175
0.724841000639
0.916427622407
0.922012567848
0.530360770313
1.02294075616
1.09427589285
1.19069286984
0.40573099377
1.20005379478
1.04636625503
0.733188626381
0.530993943229
1.13437324458
0.801581981561
0.60612497451
0.995481162667
1.06817323519
0.917808620781
0.620863785018
1.29626976906
1.2694901998
0.9622384492
0.788529110423
0.674518413667
1.1416405414
0.545063925299
1.46582279451
1.14510959358
1.23056010414
0.852434878821
1.37997258544
1.53192535027
0.681813973434
0.535326460324
0.770527354396
0.626215358776
0.882531422865
0.99017388011
1.032126841
0.545281995854
0.769233229243
1.38392318476
1.04608631053
0.819731779122
0.708875858709
0.685128061482
1.37723733474
0.659366910051
0.935332095899
0.575237614345
1.09866279243
0.415848626198
0.267694114572
1.45199264817
1.57035937113
1.19534124563
0.684245571403
0.550242547376
0.873164240335
1.05767330806
0.970524206151
1.24719795604
1.2769462859
1.26775139741
1.09151946025
1.1157462304
0.350524252832
1.37043491022
0.819912097424
1.27087277201
0.950142529601
1.29819151275
0.801172581951
0.958369784047
0.733712209565
0.684961486308
0.633480599529
0.390880649305
0.493978282834
0.882612833625
1.2193808958
1.41554546777
1.06947094971
0.855515623386
0.826199782194
1.39577071164
0.642676748575
0.848644942147
0.92425657671
0.477383376395
0.701630516393
1.26743839005
0.838734212475
1.18086773683
0.421871547271
1.14089103477
1.35198000971
1.22882174455
0.499545009702
0.725949086747
0.92204514835
0.289972470188
1.27992021468
0.787720985468
1.55605255456
0.660062922554
1.33973405876
0.384160799423
1.18582135697
0.393801014116
1.40663933493
0.403916868918
1.50796610092
0.849221838816
0.610492575078
0.869521789991
1.32273199638
1.07069659261
0.937455635304
1.29838169863
0.475245027552
1.201881013
0.85919881031
1.46400477704
0.596120247968
1.27431546236
0.829513107314
1.64606640384
0.881682490512
1.0315258243
0.42265761536
0.789909416426
0.79822137416
1.05951161544
1.51940137224
1.12596643748
0.453434027197
0.721416014564
0.589113505208
1.1844869909
0.940972459722
0.995447970573
0.351301715325
0.642079510288
0.868318927404
0.956060941137
0.901608931722
1.47449047235
0.913925626701
1.0060835421
0.876410848941
0.822087334343
1.08917898044
0.989731150619
0.748742289378
0.862388023073
0.898940106314
0.717519914341
0.637915240495
0.944763933257
1.27451829836
0.4418645613
1.18381339202
0.711240150992
0.516657714393
0.380966698128
1.25924194108
0.64717103878
1.00564002799
1.08951697451
1.30329745546
1.26153826153
0.477020991697
1.13886578933
0.530787679027
1.21193836996
0.804555700558
1.57982299272
0.571081355977
0.704468582002
1.18882449815
0.812198056323
0.550233050334
0.719827188767
1.20959669106
0.663857860758
0.844284655212
1.31404392362
1.05433838977
1.21648137241
1.05398456604
0.539244772386
1.17593812231
0.468766621712
0.986269410636
0.292596837037
1.00947516883
0.575663079899
0.369197721413
0.846577419663
1.15962468511
0.764130961446
0.663450205532
0.594408691736
1.19756265852
0.889413612818
1.17450891936
0.795440578714
0.538458081036
0.89241016157
1.22555839069
0.838224303962
1.34499248136
1.12850622386
1.07579862421
0.545057549674
0.433959613485
1.16874127478
0.888645087381
0.8965606126
0.958412996572
0.935397203199
0.568664798728
1.25467082506
1.10174351714
0.853953914982
0.909896626121
0.504903579966
1.42046990796
0.73274117081
0.95142425355
0.376267376812
1.11254984695
0.973602525409
1.36180496571
0.554227815553
1.0736549375
1.08355345035
0.816056710551
0.896276473734
0.575200316593
0.394063856197
0.558580507248
1.26567330937
1.50351850219
0.966435346383
0.717511636853
0.896980193998
1.07502546954
0.874395725317
0.357978923564
1.56155058324
1.10982853716
0.659779668462
1.56361616922
0.833650253846
0.46360728589
0.899012864158
0.745392330352
0.224211106772
1.24266876702
0.777550565522
1.02889391897
0.738742369457
0.897483602747
0.540192387777
0.662328638713
0.493121303792
1.03184757462
0.553411587493
1.2295602421
0.921770297641
1.26100994654
0.617672993687
1.46254970642
0.329047262871
1.22928883694
0.460500884984
0.476012573376
0.594175246046
0.381344111392
1.27774656847
0.766103793958
0.57570055747
1.26622867492
0.316724091965
0.60117281374
0.332848475485
0.914461981772
0.801332094907
1.15908089132
1.34314265334
0.984353400841
0.925363251862
1.61911065438
0.458790265397
0.725828217643
1.19032145914
0.906730743357
1.20669137025
1.16266847345
1.05947973868
0.788292745199
1.33380400212
0.983240398251
0.511324974008
1.1909508126
1.19200411991
0.473825534629
0.689839978139
1.00363815654
0.367313573317
0.385972672998
0.467025682911
1.19795254382
0.561952193209
0.620777445467
1.21632515628
0.637035026476
0.928775977322
0.258273547921
0.371112824921
0.930262483711
0.817850123649
0.821946333944
0.877135986934
0.627649535869
1.41784945184
1.29924342866
0.497535925889
0.940287982119
0.590857487591
0.606903733767
0.933506160637
1.17829178466
1.17184551427
0.538330971176
1.00218122254
0.753287252823
0.554563147145
1.14513609468
1.13516677678
0.722517230588
0.464826389592
1.14697252392
1.13798282628
1.1889161409
1.15373758998
0.695326496204
1.05465041916
1.04527264578
1.45341883047
0.609826805662
0.372295711336
0.486877370582
0.843424840069
0.678541887108
1.19706023271
0.580292982124
1.31319552643
1.12009453927
1.02226259732
0.383607758641
0.439591150484
1.08954622733
1.5117920869
0.624599045579
1.06897558611
1.0994335332
1.03359222531
0.439476055732
0.747288528402
0.607625994366
0.653831431332
1.21963998622
0.415557477646
1.13193173179
0.729915058205
0.918474127989
0.36712068093
0.798667757701
1.42855449347
1.17796536889
0.766071918642
0.767577025004
0.636534974533
1.02742478165
1.12224552092
1.19963865674
0.529854928499
1.2835699466
0.382639688474
1.16504272608
0.884909645739
1.04155837546
0.905535161229
1.25738325153
0.492175674562
1.40859173428
0.718281562059
0.635728420225
0.467248096106
0.695137315453
0.859306849145
1.26760322217
0.794186237826
1.05825630808
1.06346405632
1.11930428495
0.900962817448
0.716862425953
0.285103545339
0.612364531217
0.328569353359
1.37717054761
0.831658196143
1.08678624692
0.769437496021
0.627910488712
0.641372335005
0.416063757026
1.18876130159
0.935465819559
0.593435197723
0.835576372197
1.45191080465
0.353571754344
0.715916267091
0.918503817282
0.423081001999
0.633305358033
0.862427624529
1.11373431461
1.46757479545
0.58722413022
1.00924383115
0.479006840882
0.850536178169
1.1266658518
1.34408811844
1.00815908854
1.35164141311
0.482148988564
0.459316256515
0.894863901901
1.0545908917
0.893189346877
0.591597752227
0.578991286753
0.487859816577
0.304852294621
1.42877795452
0.318446546718
1.09611603334
0.935314349583
1.21817173623
0.480493925834
0.424550381769
1.14400836708
0.916685946474
0.892835774145
0.750686972778
1.03718645971
0.573216812216
1.28765752385
0.120876407925
0.941040315018
0.787545743506
1.26205968655
0.636988464713
0.770051512797
0.791179185537
0.309114229048
0.457273877637
0.802385006668
1.1993113049
1.37765897385
0.884004881435
0.701464186454
1.06484032036
0.694170295172
0.499411831602
0.320595455688
1.23444190261
1.31483012143
1.08674047031
0.790397055534
0.796321352365
0.926821005418
0.959668863066
1.20222381133
1.24986244094
0.735886719178
1.43868635831
0.456337155969
1.36601206121
0.735673631048
0.74535443534
0.988027526463
0.919517778327
0.39171690181
0.515187781433
0.857234413634
0.612352677044
0.711923061225
0.708259360871
0.684476183489
1.2401695664
1.04198825133
0.613440158885
1.30043169406
0.566723437734
0.89825866925
0.645932170095
1.28992948419
0.502582111413
0.523920908421
0.510013059668
1.16069062934
1.35166700835
0.910694701249
1.3823647879
0.473463766541
0.669363101372
0.383235342789
1.19013988445
0.905601740312
0.605070793593
0.854838872338
0.949558272542
1.19387804073
1.07512528903
0.901395431156
0.938853594431
1.48818595964
1.12714543657
0.257982211201
0.999914608812
0.326766781641
0.481767797928
0.510015300252
1.14827558758
0.96786657
0.646116322095
0.634226188237
0.603364527425
1.11826519799
0.64574476968
0.889714062935
1.34829076604
0.594913368083
0.286149503045
0.294727138085
1.5334565288
0.625117037421
1.53142713359
1.49331037484
1.42616692999
0.789845059085
0.575719932406
1.32976836636
0.865593239054
1.26888795433
1.02519548481
0.987624549448
0.375271946382
0.400527819196
0.666038916635
0.516830286007
1.14785341942
0.503585702918
0.320667644504
0.714078171407
0.497707522366
1.32873742943
1.34282820674
0.97018777743
0.939270298466
0.824374109549
1.11275535571
0.742245997771
0.777617664249
1.12986902555
0.446996277236
0.397645839349
0.389228746057
1.67374602243
0.877878538823
1.52511719151
0.568956856075
0.558319062825
0.379477520836
0.737921551032
1.2654040621
0.465995723645
1.19719420736
0.806931803408
0.605365226585
0.671596483783
0.783748767572
1.00967032357
0.99479540256
0.816977753721
0.688625780071
1.06294225807
0.384785609518
0.270268816008
0.761147142378
0.811651952365
1.16618584596
0.796699318772
0.462357728825
1.10631217431
0.4688163988
1.13952571824
1.43042623474
1.28478874821
0.625809476682
0.879910081315
1.13663412841
0.615468405972
0.678406918797
1.36951577773
0.554249543135
0.890844360898
0.763500666148
1.20982739168
1.15329834132
0.833984654965
0.859948449304
0.507958819464
1.34432857357
0.703880524912
1.33174306742
0.408079699257
1.1872863414
1.070908904
0.75176061232
1.33650442718
0.982773630365
0.750653460099
1.21965516998
0.455627732903
0.321463668833
0.720257895973
0.561540205324
0.677372400353
0.910665469627
0.548788698649
0.244771799825
0.833562323363
0.771703005695
0.864868845705
1.39533641157
0.4727995316
1.11216582808
1.06058324981
1.08868114133
0.509982451169
0.789726462272
1.13138437615
1.11032542955
0.801794215076
0.478396767553
1.05968569708
1.00131776563
0.994514594792
0.313423363706
1.09327778356
0.422052489723
1.06862701948
0.702727028805
0.398023415444
1.33558065962
1.39240895135
0.664171238978
1.19182615135
1.20451088313
1.00445481969
0.738835548267
1.30506650669
0.961313352522
0.841479557989
0.687685105374
0.785008517111
0.563425850266
0.898666998285
1.02818423623
0.430401782641
0.611703574614
1.19309274298
0.683010869372
1.32686794213
0.930588279264
0.881763773968
1.27500231437
0.294618077417
0.810945178935
0.363473687811
0.472140201641
1.50643221888
1.41130213665
0.585257149562
1.26820480618
0.726283904646
0.353033349599
0.412108486326
0.332069383504
0.756737086808
0.762821402088
0.769100887741
1.10697696511
0.87189317233
0.606384182562
0.417064105916
1.06289421788
0.733598709389
0.757462496496
1.14493884975
0.715198460198
1.03383163135
0.937486488884
0.489444448243
1.44005916705
0.56243542891
1.1502401559
0.611470514356
0.458081103851
1.55367726718
0.349927873145
0.589419367752
0.910947223721
0.759417803708
1.03240118493
1.1582254489
0.116770647001
0.742074446919
1.04220912065
0.348707381655
0.735930915746
1.07440045173
0.703522718549
0.475146361987
1.31591894624
0.308106506789
0.906212385477
1.02745009823
1.14306529703
0.620789461935
0.551258705495
0.764286478705
0.893330461858
0.89293490066
0.351886546617
1.19760323064
0.986360780827
1.33010292524
0.528898239664
1.03813568411
0.45686783512
0.805811395109
1.56597472575
0.726939421629
1.1721826123
0.63456875766
0.336168713197
0.843885792392
1.25225982758
1.08257351374
0.832582249302
0.596466509642
1.3606479714
1.02966011413
0.685491967402
0.668254053279
0.456013222751
0.361671364074
0.524898672048
1.46961887519
0.987710360633
0.559289953306
0.532691933403
1.36918055659
0.646725833178
0.376621764979
1.05336784263
0.560262843466
0.489139337052
1.00859008129
0.827273780723
0.70064068944
1.12601529844
0.939515165855
0.377673282018
0.343282432555
0.891267527764
1.10428109099
0.538534066322
1.03470419141
1.12799211525
1.04398279269
1.38974035255
0.532511385177
0.96084394451
0.62551299402
1.30029493404
0.924186871397
1.06333958912
0.850735444117
1.28237007574
0.587017301653
1.18511576323
0.311775274645
0.594616051653
1.23674534296
0.450665650707
0.169655965914
0.755158559025
1.51495333846
1.41833720844
0.509289162538
0.623723652898
1.15496069834
0.547380310383
1.47151094072
1.05148174785
0.695021039132
1.28333872054
0.782149928713
0.700828985491
1.12532878963
0.367440042862
0.619557883755
0.966595726994
1.38211612649
0.687537271283
1.03706417146
0.38314104283
0.740300202992
1.32437724423
1.34046710527
1.24519256247
0.352079129587
0.516147560682
0.373919299772
0.686172629355
1.15225786285
0.832788265711
0.427372044742
0.690424837086
1.41471465454
1.32860980745
0.60610924967
1.40245617311
0.850469774778
0.796049020258
1.43079827393
0.602261094461
1.08101575762
1.20146532878
0.920033700674
0.533633940858
0.444708716418
0.43076432625
0.330543847356
0.443960600319
1.39293547961
0.453957646442
0.877614769359
0.644280907458
1.17441691857
1.17512546831
0.485485046822
0.699716238569
0.523629224239
1.23923519694
0.592326277836
1.33896922734
1.07869784862
0.582589206062
0.972979303197
1.12408546013
0.883394310851
0.468932366129
0.999385226482
0.662020538116
0.937231020483
0.370828290165
1.1256088315
0.710215622407
0.628399309747
1.30297236261
0.535110580069
0.248878642305
0.655646648559
0.530721410592
0.587105525933
1.46346404087
0.456592339774
0.839090298362
0.764403414094
0.918475206496
0.878281435793
0.650475397336
0.626431060948
1.0946389191
1.46091502455
0.73271510641
0.299668509451
0.357492828151
1.06683149724
0.513202193037
1.24462770181
0.330705828949
1.40116242153
0.278560692945
0.628896426786
1.07076624357
0.960391468912
0.806195564016
0.880536473909
1.22081400458
0.466240465936
1.04004924379
0.616649599113
0.548181046721
0.592430644935
1.16166800312
1.16652432073
0.162312317297
0.720099274489
1.35070935733
1.1371885152
0.75742838035
0.686923932456
1.34330706944
0.893624033701
0.48853672906
0.282535220228
0.434308692401
0.627552922644
0.707009769742
1.0532757489
0.670821705315
1.23560711737
0.73338368274
0.842749851378
0.743727927818
0.967726846214
0.326229865177
0.644012755302
0.827128724053
1.00302734729
0.998436750739
0.816068973822
1.01631945977
1.01167179654
0.905478428699
0.987539310039
1.24072470453
1.28638250431
0.858271792844
0.330827963139
1.26229619668
1.00007775241
0.915118572889
1.12024964666
0.679244166424
0.718440576863
1.17459193374
0.754949004613
0.797794546852
1.11027264245
1.58273564997
1.27405561256
1.16553366332
1.01162561867
0.530130327596
0.665108426422
0.996434694118
1.04618133272
0.438569209071
0.453598851129
0.653109084017
1.32240729428
1.20443987601
0.646574886503
1.23951238791
0.488024440198
0.75747864921
1.17594797317
0.971649341287
0.985298742951
0.494232332805
0.935834100218
0.650046695356
1.17175505427
0.50342641609
0.315336143187
0.768328265412
0.4248984296
1.50950978078
0.393608103786
1.4072556549
0.869583617318
0.892552350064
1.25384043674
0.393143901788
0.49134465394
0.505182368131
0.517527824287
1.23727735681
1.17792890645
1.09950130448
0.730842192415
0.728263600091
0.786463739178
1.65726913965
1.06743329574
0.817321937334
0.785349103745
1.09702524238
0.95890329611
0.785721299282
0.846000503424
1.04340429073
0.611765742274
1.16167983191
1.2754583377
0.748631725744
1.06831261778
0.337689713635
1.15100854438
0.898874919743
1.28456181951
0.97861944405
1.31827561589
0.603531923232
0.470167687526
1.16425569434
1.33420485382
1.1977754822
0.710249869604
0.804725699598
0.351260980224
0.67658342786
0.471771244444
0.887349011013
0.697701098648
1.24130040964
0.777326111428
1.34110331199
1.15231006473
0.539591741426
0.40431445738
1.34578871635
0.971027631653
1.11155282952
1.0486219086
0.411295409434
1.31196527308
0.980205688148
0.970023873349
1.12631287813
0.362790632889
1.12986221808
0.466460651907
1.0206578993
1.44421333363
1.1826637726
0.762367433599
1.32630502656
1.04137837262
1.29168234032
0.777724573913
0.47954489095
0.821047921994
0.38813754594
0.727489252147
1.0310153026
0.972839495966
1.08247052405
0.687894725073
1.02151248141
1.56441906711
1.2438144233
0.856168878327
0.854397446627
0.792184708294
0.4362861944
0.305332672227
1.17145344088
1.39582546979
0.767481408623
1.13723237102
0.766888811617
0.567945294642
1.07659540813
0.930947020808
0.893721655505
0.482776852288
0.810062863992
0.453130149187
1.41902035255
0.8272624896
0.629218162972
0.547815740517
1.57228419748
0.548205841965
1.06600247347
0.667492931355
0.738727030834
0.749633985089
1.36406348566
1.08177040758
0.6179092298
0.991006216671
0.506201272533
1.20179281239
1.49163035086
1.32552568703
0.452279882837
1.47402859382
0.487930679652
0.603379680729
1.08554295344
1.17027826778
0.611168399913
0.441712795281
1.59955216849
0.839612316962
1.03880430231
0.965588945994
0.670385925227
1.23591277667
1.08521669519
0.634423829576
0.708920325029
1.10368935661
0.775931127783
1.32577556211
0.632009253161
1.04723548837
0.544945226429
0.717504242208
0.839133436099
0.398446310718
0.491501903914
0.556964894702
1.09593678777
1.40196798231
1.2203849425
0.637666737346
0.711715518452
0.92211151818
1.52656288666
1.17064630189
1.06304453179
1.09952920548
1.52333648743
0.895320078567
1.20740020024
0.775610356631
1.3391098252
0.606401841534
0.732423042324
0.704448741126
1.34653672055
0.969972828609
0.59070358461
1.06892046644
0.702969493706
0.367467861402
1.14518522821
0.507467319599
1.45973724999
0.602285731301
0.93521678384
1.17497128232
0.863733782104
1.06800326717
1.00384884386
0.933287687107
0.87006733622
0.980153931122
0.683600386813
0.849289236824
0.630486845114
0.605206014531
1.09869690427
0.52901124675
1.13263773157
0.844528852449
0.715487326189
0.427584322015
0.475385818126
0.915391647595
0.240222262176
0.684859086354
0.806990178191
1.27454855467
0.715126458656
1.03716318132
0.551563440302
0.391365657878
0.875355277483
0.521660668983
1.12061820379
1.26493896184
1.28349327171
1.07555859765
0.731730734804
0.533800924741
0.839945199255
0.620609583607
0.784020615138
0.777521252202
1.11154084034
0.479213908863
1.5057696683
0.787668759255
0.88707131022
0.762026085958
1.0847389428
1.11239985073
1.00677787428
0.984105939711
1.12701341417
0.89602660089
0.668030686942
0.842979566192
0.525221562311
1.21620384352
0.733326054448
0.713985928562
0.845903886237
1.11230201939
0.70117129664
0.572397849467
0.566250519651
1.45638046163
1.20871457674
1.00003146086
0.824070358884
0.724307463733
0.457972109917
0.643080739264
0.729568501544
0.609217842798
0.255318999819
0.481800884881
1.01023700192
1.16343932686
0.667605292753
1.16205233375
0.773209894469
0.812904779304
0.526184271062
1.03108979276
0.57451845751
0.340187230897
0.712729767523
0.893053844535
1.30276496209
0.565650437277
0.568061843956
1.23315262672
0.798135416006
1.00835907905
0.845458364193
0.481006810976
0.942865325561
0.806748455547
1.46287829783
1.07234292333
1.13730230021
0.591242420445
0.422017551573
1.19538148289
1.38355244641
0.734932738354
0.737441222984
0.699378636587
0.729705963524
0.910390417574
0.49514518259
0.949649587303
0.503916007873
0.933334913043
1.28698094386
1.19884577872
0.657069087729
1.40619432224
0.81979409395
0.442337138198
0.886223892654
0.879669176474
0.952938402371
0.646841259537
0.797543179579
0.623965512353
1.09061132933
1.41135793537
1.25857431525
0.37386384511
1.24954209495
1.3776624622
0.526822621252
0.836262472668
0.643943937878
1.27169152493
1.07857049171
0.891423606538
0.612905228009
0.508110728342
1.35827306082
0.361006481677
0.933217209752
1.36883872027
0.914103484493
0.491884145099
1.16310120591
0.384061639856
1.08902331664
0.361339495906
1.30918124938
1.0852347424
0.415907989647
1.2655230403
1.09227474414
0.841239085704
0.869663893947
0.590031758474
0.832924980464
1.62170176554
0.913508718568
0.760168033251
0.521409252779
0.366776256292
0.51491430229
1.04665967618
0.502180890213
1.29345663199
0.784712539458
1.43610481761
0.69799456907
0.609093471478
0.829348330118
0.550798848972
0.632036616838
1.10339412582
1.00167950756
1.13852404629
0.442004892686
1.35326704764
0.520255541729
0.405343379978
0.996502267051
0.504765227749
0.565406760511
0.966717509787
0.985671749149
1.1682118736
0.95617671136
0.892744905522
1.07975410181
0.971908672027
1.25893144786
0.466933844804
0.599910859756
1.11419791397
0.516884633772
0.641541567609
0.4772401225
0.527861136778
0.948309579718
0.833789083962
1.01266339461
0.954620739312
0.925400064872
0.300338280813
1.02755225221
0.322183406955
0.807874180528
0.598045526648
0.870129287154
0.993728326793
1.13755310503
0.976622408967
0.976613545085
1.00588853067
0.603864882721
0.81031986449
1.54020727763
1.12585798612
0.453066399942
1.15137650803
1.19316078709
1.35976845167
0.497899970451
1.24337993718
0.934356714387
0.414370998282
0.67522726296
0.360876648005
0.572711249322
0.862544427065
0.851944062084
0.434041220357
0.998842871549
1.25491138407
0.233567804555
0.991556771241
0.954680414832
0.547298481729
0.343322996008
1.24234216667
1.15823163519
1.04004106919
0.416297853092
1.22577380768
1.53791322884
0.998312943148
0.472462288208
0.410492917724
0.608443156838
1.13038196167
0.417840052675
1.25827290804
1.33667926832
1.22174658812
0.659178085026
0.975503019144
0.698113629737
1.27268537084
0.634449596244
0.380958398285
1.02254141526
0.991779018029
0.646764566399
1.15271876503
1.09861505891
0.507118048717
0.351025593067
1.00830935293
1.07233599771
0.621324036739
1.3056882801
1.40564700701
1.13292704981
1.09174216721
0.438310217605
1.19653219572
1.16393682279
1.23531273288
0.678108745681
0.949741974557
1.24397572334
0.432510376626
1.43976321101
0.787640966737
0.823185786729
1.21714825863
0.617518754084
0.831178756667
0.436941580728
0.800422130901
1.32775973361
1.2024079127
1.22623104256
0.315055051729
0.469740521926
0.684133269882
0.770705179456
0.802051300333
0.712343967224
0.605124705131
0.741183398866
0.922572900024
1.0958861264
0.979601619479
0.965828786116
1.15430504418
0.730241485455
0.669574272511
1.0820287997
0.733813473666
1.304512289
0.658086763924
0.617976159246
1.08618599177
0.432680744074
0.825911735401
0.684120459925
0.572481630023
0.505538915223
1.03171727853
0.771823814216
1.01089854255
1.00835877538
1.22551156473
1.51130903148
0.854891591363
0.477183611979
0.484870257642
0.503051667136
0.623613072708
1.24875358073
0.537808695155
1.38664337591
0.979995691475
0.482864191851
1.32962102292
0.745285613081
0.86833745324
0.395404612107
0.759666893079
0.696690818444
1.05992525408
0.981178748257
1.32627806799
0.967164686406
0.719244264608
0.573776459216
0.255509144798
0.908221835142
0.336454072563
0.628886307267
0.815123310394
0.960182616221
1.05581972952
0.888706802675
0.621483666447
0.736864518492
0.779528077192
0.874375087592
0.585269732283
1.19832728656
0.403185050612
0.903419403272
1.06984360031
0.808610986011
0.317908194864
1.22918258222
0.557437537846
0.685059516949
0.452714316242
1.09249961069
0.887055677462
1.15657448139
0.944681916439
0.824068419435
1.38222948497
0.98554042936
0.524915887156
1.35150758467
0.182593992326
0.442800440968
0.785388574595
1.14347520621
1.38169938244
1.09717056017
0.781202780308
1.26775856663
1.11924675351
0.958013816512
0.770197146191
0.279091504056
0.514935896177
1.55985154131
1.15412395248
1.28211206585
0.294527944875
1.03310682552
0.554727089293
1.07919951555
0.936752625141
1.09033289264
1.09373789729
1.47175764539
0.712247653801
0.762190883352
1.20492675883
1.4088647751
0.390800804283
1.07387353943
0.449462269404
0.562515400009
0.664857857431
0.663530180684
0.566030302533
0.828746699448
0.455360264625
0.330766450722
1.2474736468
1.07406842524
0.991535281429
0.772466591534
0.704710232194
0.494271487833
0.779046599296
1.03747473254
1.26589518308
1.16806283824
0.864979177281
1.14480459049
0.835553558128
1.27481981508
1.33793556055
0.732979762509
0.61416429386
1.37876165338
1.4881594218
0.906065301932
0.357986832639
0.632522305362
0.507899243688
0.814675511774
0.838206305417
0.582126388705
1.32502878313
1.36509580452
0.83972508265
1.26160146985
0.948128631968
1.16905032759
1.16759476255
1.20733618128
0.608188181019
1.2724321217
1.23127879979
0.39533348677
1.25551199957
0.991365634971
0.844154356271
0.560036928509
1.33778630838
0.725671040955
1.35994761638
0.911757507094
1.37153685161
0.749402400863
0.977469761906
1.13183793526
1.05228969948
1.00600837565
1.00557749538
1.27986504501
1.27772497219
0.667861983974
1.02345105421
1.24792697582
0.860419168464
0.955672954714
1.28128243841
1.11404741024
1.23354473424
0.958776940855
0.49327707644
0.704801842845
1.04612770975
0.689498558777
1.29365073794
0.467181457716
0.617547789863
0.476013555152
0.396561735255
0.466036707664
0.752768336095
0.542653718837
0.374453819036
0.924360638652
1.26343484216
1.08913858279
0.9958355331
1.27340925532
0.94740933989
0.698166970578
0.864140229271
1.2073819327
1.39078046183
1.37434621021
1.53896268662
1.05497700982
0.940997128455
0.731271950417
0.488750942804
0.459455680605
1.14650243056
1.13255492474
0.898410366109
0.56762745739
0.314453391742
0.873016822305
0.601598591427
1.2759989779
0.780492823856
1.20244393301
0.96901460102
1.02428540084
1.08574092152
0.498301613662
1.22373390148
0.852407640669
1.13865214064
0.832788127123
0.658173051559
1.29196800771
0.788254246327
