0.891513525053
0.587412365832
1.15877730987
0.622393486261
0.33639746629
1.16172744399
0.955263540542
1.089346384
1.14586051968
1.12670605696
1.28932877721
1.13787710048
1.02368803667
1.11032930394
0.469390246543
0.656262559348
1.16333740919
0.994921510809
0.47041112545
1.13117052966
0.767352706995
0.597187526072
1.23982954463
1.31912647363
0.989794800334
0.81432504391
0.906016675304
0.739065782147
0.855846782323
1.3183386547
0.323904219255
0.686628958072
0.550647218332
1.26692870827
0.548580292911
0.928617344475
0.354336856591
0.584237155417
1.17289925339
0.82864559746
1.08655987385
0.644697606436
1.15506519826
1.44500899385
1.49289832179
0.755948035559
0.577773827019
0.818563055481
0.627525415838
0.443811203019
0.381083024544
0.878892820425
1.28075734664
0.657556127368
0.371072381381
0.990320060907
1.0995667391
1.25604386542
0.955468549066
0.375114514928
0.672358268237
0.366997322155
1.01908053153
0.33521934142
1.43540849017
0.680271076535
1.17675324519
0.501603651362
0.612866682298
0.755050326126
1.00763534952
0.447581174145
1.49270987406
0.424637158383
1.21131683272
1.27817327633
0.970123614797
1.29624928057
1.26765847883
1.11074421799
0.810898465598
0.763428225885
0.924373268383
1.13066404372
0.625421600432
1.11202125365
1.09982080335
1.3224372772
0.579317124772
0.817692633028
1.35883095345
1.32464767203
1.07915720077
1.27041540581
0.865937418148
0.674987606168
1.30588396816
1.12417763471
1.07187182857
0.590850723806
0.553609558982
1.23890601064
1.38253666396
1.17704673191
0.773596688168
0.592912045012
1.14319024975
0.912040690251
0.633971376918
0.866355763823
0.416507911142
0.737297553768
1.52742363599
1.05745833082
0.726645653327
1.32511494143
0.962860684159
1.21538032997
0.877441545726
0.879211538683
0.779397483001
0.450983531284
0.735529621668
0.580986612604
0.886280824799
0.764327001148
0.516082167254
1.29617906869
0.3825577969
0.942909380318
0.53597487859
1.14041611848
0.629772012605
0.54453311425
1.36609748194
1.22579754596
1.2014266267
0.608155855487
0.451853874529
0.694032465497
0.692514071376
0.357321016517
0.58438625278
1.04907375527
1.10068673805
0.757246209156
1.23985140876
0.96188816104
1.13027743218
0.432605160496
1.0447143711
0.314647344472
1.59298784966
0.875868123214
1.20816868164
0.942396573778
0.426790248734
0.554255560338
0.442142712131
1.11433798988
1.27675535263
1.19863090229
1.39280343298
0.300899787384
1.10447605036
0.646171069303
1.16931350827
0.702485928262
1.25159529174
0.655070527379
0.50113950517
1.18518324071
1.33566723946
0.865344604751
0.632010925829
0.596086252293
0.442649366811
0.742214942026
0.618779524098
0.509225330809
0.794938298792
1.49310266381
0.681477294026
0.99907485431
0.574157905144
0.506633734941
0.555800752215
1.07014717284
0.707497233613
0.753834085444
0.454299892051
1.23933823341
1.07988923276
1.22074015056
1.11957632829
0.634894275275
0.851283826048
0.737624297207
1.43179851268
1.36376958395
0.540543441043
1.09810806971
0.594264485196
0.624078509047
1.39829772255
0.437874664025
1.00722063278
0.697331403937
0.402480960918
0.572162209696
1.14069790145
0.878533936186
0.397850418236
0.412034784709
0.821089446678
0.694355728647
0.842279646798
0.769600011774
0.923492067454
0.71281507371
1.25675298204
1.41695525745
0.797520295486
1.21268608359
1.03923225616
0.732137592851
0.913506504616
0.491960709286
0.692748045898
1.45952313205
1.0710074726
0.973053209261
1.60689982414
0.635254807566
0.963696300707
1.05631779754
0.999479205617
0.655213319069
1.30608218385
0.445914661166
1.05592555176
1.20172893698
1.1723370624
1.14873996407
0.918316785615
1.29778116945
0.751485110023
0.767076171196
0.787527768351
1.09146352916
0.694069615042
0.755397855597
0.818431952645
0.851644154474
0.848204341069
1.2456491668
1.05530021
0.73040059906
0.761015845834
0.381356300668
1.18765290821
1.09232386157
0.458581316134
0.880796847737
1.14928353115
1.42943265848
0.473950872452
1.02027372431
0.964452641972
1.2642423539
0.891675448162
1.41498812033
0.744264437477
0.876653387034
0.644937852787
0.752473677886
1.08267222557
0.545819691397
0.542298993089
0.911551440733
0.935739286235
1.06965848884
0.818823166115
0.336644707823
1.03224341478
0.735547522175
1.2039318758
0.916308455275
0.192653878356
1.10607868316
1.239269245
0.832080352711
0.662605524799
1.02423203358
0.707465264144
0.368455935034
0.636217595709
1.42262472392
1.32769971593
0.952520500683
1.01269991922
0.564619185201
1.22540338271
0.587044200143
0.667527584862
0.93435219209
0.483288839689
1.12845010304
1.30819575222
1.21170922127
0.465130421081
0.841591519801
1.23896131316
0.589191149036
1.41857519569
1.19799356438
0.557778698935
1.50160863128
0.984909260552
0.374415046285
1.07630571214
0.831501763691
0.739988874415
1.35970442145
0.424197874367
0.517377089999
1.02005694602
0.872004983926
0.284792381103
0.757888345097
0.76820657014
1.0761957838
0.482185806426
1.05752784466
0.854288294124
0.9350424644
1.15050179385
1.1856958908
1.0041229181
0.513146279666
0.80056543932
1.29901933359
0.358293104898
0.894012197882
0.475307454775
0.220869119052
1.20791080516
0.822853238354
0.727647081718
0.26109776225
1.06669536629
0.528263434401
0.600075464895
0.824607699141
1.26211511819
1.29712737168
1.24564803204
0.983962229739
0.782438155856
1.06969357177
1.10061811767
0.830894040144
0.487594264053
0.779686149448
0.587108304058
0.858741759983
1.20854948617
0.906115268905
0.750281646531
0.695857371589
0.788511080362
0.463554257135
1.21817298079
0.886726703484
0.509604896002
0.611402289483
0.523552204128
0.415450027864
0.802800054165
1.36562953205
0.951627380755
0.724582536004
1.26862597681
0.988705821222
0.590944408395
0.662995430077
0.592077400542
1.24598647315
0.974074159375
1.36209991144
0.866227004926
1.12959628021
1.10604784177
1.05358549814
0.455027537986
0.463913042841
0.411827447638
0.887892134815
0.703778955362
0.917321862015
0.936600530996
1.18922163698
1.26900817404
0.272132004029
0.841821259097
1.1299171091
0.560550115222
1.16608015642
0.88087755611
1.03257194676
1.28732852909
0.439095868631
0.441681652072
1.39241734362
0.552407045961
0.399148394285
0.431766724589
0.823075165603
0.807487091991
0.686451099062
0.684120420028
0.659600755874
1.05303381517
0.90080088731
0.378584217059
1.11785684996
1.09596234415
1.29805014583
0.446710275314
0.308017990925
1.18433545213
1.10127410207
1.36446223148
1.64515073321
1.19188783519
1.21621204485
1.27242759042
1.13042861779
1.08014998259
0.683858272694
1.27624777795
0.671658910843
0.652597284855
1.40068961349
1.03357407251
0.304511049587
1.20918592069
0.910247253897
0.450202144855
1.29898256435
1.48550880686
0.503770350481
1.18235827582
0.611393516303
0.510927714735
0.500830737886
1.00902291805
0.48386377517
0.918429494879
1.10568662948
1.0099605273
0.916374563384
0.519785775355
1.37593740672
1.26013038328
0.71665471405
0.430012633374
1.08803048791
0.526083321377
0.597494044851
0.680177648831
1.03573792599
1.18582101806
0.352270976101
0.381801876281
1.33907077654
1.4080898744
0.728393942525
0.907772849085
1.0673840423
1.03267394192
0.803877637019
0.746010626692
1.27336536392
0.97197119972
0.553836061637
1.15156004947
0.874795230719
1.07333409213
0.694673834661
0.759752087544
0.920814579327
1.06503995079
0.720711643812
0.66138634732
1.17672477308
0.940891837672
0.982353104264
1.05242104208
1.1540226671
1.24642557835
1.26972077493
1.23028998852
1.51039180947
1.22455927274
0.721118419599
0.990984420922
0.537258324096
0.639506078119
1.30188342216
0.523740919406
0.793426049736
1.09956803633
1.28689740965
0.585946319513
1.50366797319
0.36885426532
0.764319979497
1.31558612172
0.701124823845
0.63261191635
0.884793192398
0.934986877314
1.01820473914
1.06231526603
0.955522430397
1.10081271333
1.17771694359
0.808596701287
0.652462381673
0.818948049021
1.38399442941
0.462256273625
0.744539708492
1.04638460357
1.15625385698
0.724136248596
0.49092515532
0.522466188019
1.07174137448
0.532420499707
0.409533335102
0.679373069681
1.45528548697
0.89450331247
1.03456515939
1.54122258092
1.27012655157
0.359855230803
1.1023517084
0.803427291609
1.37900482613
0.485619871917
0.381223016812
0.627200830406
0.52772124311
0.31845930859
0.93012571479
0.621849060531
0.375058627092
0.815101023053
1.49977865627
0.839421405105
0.600605658126
0.591248630701
0.788366370324
0.326587427312
1.04352268794
0.458060268593
0.537811501306
1.03187018106
0.416080176133
1.22317250311
1.34268335263
0.70588064683
0.705889580119
1.24107122533
0.874228505962
0.678020149275
0.344849978639
1.25100403285
1.00967327086
0.613394946013
0.852383864031
0.606218019328
1.36476591925
1.44679911438
1.22452563767
0.807603095069
1.03478637945
0.899196568371
1.00985782754
0.548882127233
1.34212652954
0.956242051125
0.789803515527
1.32372127094
0.406998149375
0.688744897837
1.1793812915
0.966148953059
1.32894057643
1.08650828165
0.526416081525
0.894702811726
0.774248147733
0.790113036039
0.17560156241
1.11465186864
0.933286547709
1.01529252049
0.364948371493
0.886717598743
0.796894514266
0.187463144771
0.633933570069
1.31559053912
0.817755485411
1.03947233556
0.968656421904
1.24434489769
0.735479643635
0.80341314158
0.5227827383
0.765385407371
0.454542938265
0.877619036512
0.798494540434
0.469730536147
0.910396306919
1.05709816385
0.430269506522
0.236482259014
1.18139548953
0.452698610201
0.891809352797
0.548183503832
0.556121936789
0.62128293537
0.977812134175
0.378121446004
0.44622079567
0.848954467989
1.16702722057
0.962749487249
1.00120861334
0.345191204873
0.9833734578
0.959768002832
1.22235435792
1.0415312568
1.21167664569
0.792827858392
1.3753430239
1.0886833378
0.593532772508
0.523408568819
0.468205174387
1.04476806482
1.08629367261
1.29453712393
0.577335730385
0.647815405282
0.586011853057
0.933151254949
0.668098195985
0.630128006545
1.05517900355
0.626442359848
0.747343687046
0.332402203293
1.59038569274
0.274400751035
1.2323457541
1.1513156956
0.513854251221
0.363950184008
0.421049857341
0.516721323045
0.488385488067
0.365432321281
1.14744598436
0.927461982273
0.821657951262
1.08652331961
0.758651776114
0.469485171076
0.694806470361
0.452411246196
1.04306198914
0.894049619997
0.753811642068
0.684098859073
1.52286248589
0.706229075478
1.20415110704
1.20978959614
0.291653538258
1.34392130541
0.6104827479
0.509996122093
1.11823684283
1.18347337732
0.378338113342
0.443096989813
0.382651025914
1.45140435036
1.57347280175
0.500607080467
0.516103825293
0.847533160653
0.843588033021
0.459785816572
0.796991305878
0.587219209116
0.848806081963
0.362702157957
0.557717513614
0.492089234822
0.761858212555
0.98637359933
0.735639984237
0.635114603121
1.14333088853
0.400482761757
0.588378368931
1.43445462447
0.448640725691
0.838487113806
0.842100408909
0.598528758597
0.942370754565
1.12859473817
0.631854486112
1.11961284715
0.770888846305
0.5952622116
1.16744343901
0.54828824687
0.826155846089
0.465121248098
0.612294111145
1.01068129187
0.774742917013
0.987849168142
0.695201031423
0.967430172632
0.351788336106
0.480340360049
1.12311178597
0.579849164903
0.567893435358
1.43081741602
0.915951112289
0.707937635992
0.890785786427
0.507290544124
1.40994148197
0.843832230687
0.508945369309
0.946427917798
0.698853422006
0.624317224517
0.854703182718
1.24985154487
1.15800159274
1.16785301082
0.533277833637
1.02133525362
1.4642102767
0.568596242425
0.949530435265
0.706566869887
1.09808082879
0.343850628248
1.30560017311
1.08246221468
0.950051249585
1.06434287117
0.837316170582
0.417722071405
1.09680367251
0.525591721511
1.30736922758
1.31897565945
1.1777032381
1.34712735832
0.618375155483
0.751747738172
0.762995649212
1.31520363744
0.329609794711
1.4576216426
1.02814386052
0.397250576666
0.549319024793
0.764439868559
0.666161049051
0.735770942207
0.629729658817
1.61307828882
1.33043392401
1.12443265161
1.38400865838
1.18226156303
0.494480644384
1.07843007574
0.472814190324
0.57276840895
0.973682447413
1.13404507202
0.672434481576
1.52584366639
0.933395648904
0.593498840286
1.13781520014
0.58454048112
0.96600677832
1.19743454688
0.787646802348
1.2371103366
0.478503228968
0.719582333969
0.39272699333
0.502065832826
1.26626025812
0.81012187824
1.14160085067
0.809858870419
1.12150964689
0.859867368517
1.38442433111
1.0100318301
0.656091123255
0.727418380606
0.387911170059
0.411105097633
1.05914118489
0.689818630213
1.32312699137
0.95055447769
0.550910620861
1.23629814771
1.51254482016
0.805434990064
1.09835807413
0.953342263815
0.538629591336
1.53301917175
1.2195649151
0.512570170758
0.918773451614
0.6112445857
1.330254697
1.09009661547
1.3088322169
1.14291426346
1.1451961877
0.867155744492
1.20372450296
0.71267257558
0.619672496121
0.890250888004
1.13858808296
0.490711012541
0.393046056914
0.836225111793
1.14132092257
0.845188123754
1.13752360753
0.683056632028
0.651384188004
1.22374257181
0.950776215497
0.937364356789
1.21144996335
0.287015944426
0.971930603669
1.53819069524
0.549472812134
1.06365420318
0.470709721245
0.35475970301
0.245067563701
0.353664140086
0.440275604149
0.948163563754
1.04975841606
0.874302076711
0.658569974302
1.09938113193
0.650217532285
1.31880448498
0.188301542943
0.715191284007
0.571043507241
0.391032828294
0.491161040933
0.497490039372
0.858536774762
1.09520950882
1.40702185157
1.03316184071
1.0039798129
0.813338514545
1.36253832867
0.782697759101
1.59037727267
0.453542699826
1.03919089906
0.597524802387
0.502757019702
1.31407430898
0.837844570588
0.718901792428
0.349933760208
0.379848604887
0.260639424631
0.528819920293
1.32887159841
0.63154568964
0.862179374685
0.519351206417
1.02417943654
0.811544744215
0.312090262913
1.1398174514
0.574321674015
0.67813828115
0.815406711557
0.265315544426
1.32135149133
0.657102117461
0.816894649333
0.397405796854
0.878355487306
1.29541761537
0.991960512045
1.39422413945
0.40536096906
1.45631568702
1.34995754794
0.481138960497
1.00078326619
1.19340537387
1.18604786105
1.12807597863
0.484586424878
0.674703511042
1.18507978045
0.766177802718
0.260533944852
1.0144120522
0.388181251597
0.892115984624
0.799550656364
1.19580608041
0.89748888573
0.416732537446
1.07212664057
0.426413027239
1.56483968513
0.452398971207
0.539002784205
0.790193476476
1.08957413786
1.50608003877
0.469652302312
0.654036051064
0.868886035583
0.661036326249
0.95900079441
0.659555171401
1.27440653343
0.859173025474
0.807193189053
1.22017541684
1.09273549869
0.953794914456
1.44002767404
0.600900505774
0.979317700012
1.07998458212
1.18146093254
0.363340858892
1.29261591504
1.08237143846
1.10815092097
0.639072260366
0.413643723062
0.736719621837
1.06309251926
1.24079442942
1.30850525461
1.17890044097
1.39688830509
1.17134140255
0.627051816238
0.871998381326
0.436352823169
