0.563046142536
0.657015422809
1.13352043344
1.05862421341
0.512090364194
0.427710238484
1.41171415693
1.37641019452
0.751437365322
0.406664448139
0.907828648667
1.16925739063
1.22598616529
1.39784390556
0.407483182495
1.09932916958
0.321682873764
0.662631058906
0.694639638911
0.733155397351
1.02267366788
1.22649726443
1.00968083133
1.27283574974
0.56295440333
1.09108734847
1.15780328928
0.563669148277
0.617704154758
0.410917874288
0.853249905446
1.27692508766
1.25823897517
0.65865919113
0.602537604677
1.12554012931
0.428720692485
0.13191122501
0.405970905687
0.697598994608
0.65934951297
0.514012463903
0.849016382616
0.737611731853
1.58254784175
1.23663001785
0.417480211493
0.817483156023
1.09608986328
0.682064133019
0.443982916686
0.458018886913
0.448564381296
0.557825172473
0.491728225611
1.50900803173
1.29863532655
1.05890304838
1.59127811415
0.598189013902
0.990511489957
0.788811194475
1.21540918368
0.397919050382
0.768037850066
0.760496125559
0.342518472182
0.994547238919
0.804998025965
1.05985692686
1.29987323841
0.668800575482
1.2486369827
0.55892730114
1.52973281065
1.32638294128
0.638238583138
0.448691922058
1.42192732094
1.00735667777
0.902121752352
0.476946330426
1.21598193973
0.851469662046
0.694253858612
0.782879856177
0.857489066948
0.663582835362
1.02148532902
1.55687201508
0.776860292692
0.708909492519
0.530355499254
1.18015914088
0.47334107014
0.973664462919
0.830311196142
0.620132735146
0.967165421048
1.49558806384
0.706318097433
1.31330907768
1.24663117921
1.17010183828
0.624114601063
0.247884401816
1.60029296874
0.201764308213
0.535883940983
1.06344025935
1.1018133822
0.895103763531
1.20077676457
0.829340678383
1.20080617465
1.15934814462
0.57337581329
1.15360386119
0.670388022012
0.821702453861
1.05324732304
0.663074055311
0.467472041656
0.247814147274
1.5896523623
0.974606069862
1.12423048821
0.338218598379
0.46947393843
1.33438213048
0.53884535421
0.401297550875
1.23425638449
0.792813984643
1.26162048725
0.859238206796
0.926116727721
1.19436887126
0.704028823199
0.40050568958
1.27659071118
1.0939605101
0.741064572535
0.877452532231
0.42005507055
0.320717743865
1.10757216176
0.468995999954
1.3305745246
1.0266332897
1.4644634145
0.916438108758
1.4303479132
1.07756072936
0.322076694416
1.2339032173
0.340175337177
1.26912345171
0.347746691711
0.807573023185
1.34104493019
1.13013682519
0.584094840867
0.823881230574
1.09979396075
0.533054780576
1.08990119062
0.792946870298
1.00599591891
0.920267661741
0.580689047149
0.511033272093
1.10114864416
0.60339017819
0.437324936184
1.22786451714
0.581542253194
1.4574400565
0.881604177378
1.39612908166
0.649630612283
0.977275652346
0.809076345411
1.069905407
1.58611574331
0.814403932999
0.806924921071
0.639385257961
0.371503893058
0.952614845893
0.857912040508
0.890431542834
1.11532571115
0.70359243951
1.23059823029
1.01321917072
0.869632021485
1.15467941002
0.859728570679
1.20084993131
0.773551884089
1.24696742106
1.1366705208
0.991357800662
0.47497908059
1.11199944
0.587806182152
0.471475999448
0.62492509281
0.353590654324
0.497088558402
1.14791289033
0.417236369446
0.523301402928
0.328733059352
0.524652029541
0.302830619667
0.772636783817
1.19723253063
0.385862862159
1.13315701438
1.46642366647
1.12349141211
0.961580535103
0.709250160258
1.40486447644
0.470231429566
0.336865051019
1.31046139868
1.04905308054
0.576968578116
0.945289955879
1.46863238107
0.393920808718
1.15401147019
1.30810882293
0.736168048791
1.11839805921
0.74417717378
0.871964544772
0.961361928696
0.508549190282
0.192098667972
1.05445499121
0.895635974206
0.931333202076
1.18297067485
0.752424283357
0.433424275234
1.27803233704
0.67665136176
0.821140907405
1.07533365224
1.16939195696
1.00037718781
1.30978644698
0.912237481119
1.00051045264
0.586974374249
1.40961285774
0.540461343556
1.23567824651
1.47676598678
0.415297000451
0.824549702864
0.748513516111
0.967854677876
1.25410388473
0.370726648064
0.995662651487
1.31520018904
0.68903420106
0.711608558253
1.29325293081
1.22932368535
0.880044784851
0.993802558003
1.51928750041
1.00190098206
0.841099803858
1.28716886595
0.71285580513
0.484803836032
1.14314290409
0.752960870615
0.680827475051
1.56797442369
0.74379154601
1.2378113998
0.679728840001
1.40611803924
0.997581086066
0.373227035605
0.720558912742
1.24858379737
1.14014506273
1.04564515448
1.02946834642
0.560941421837
1.16045406245
1.3281728003
1.36450655974
0.636005261079
1.07850051296
0.924168492797
0.605630872272
1.18773375175
0.40583915342
0.62604051364
0.440546046327
1.26955465312
1.39045053535
0.779142559252
0.596151643775
1.17770611606
0.762692060917
0.425587656208
0.889001213093
0.732487003445
0.571019558391
0.972947921565
0.586710757875
1.06921368734
0.823773298999
0.490169678926
0.884578711473
0.82839054376
0.981217866833
0.64907250824
0.543908004978
1.00826868663
0.746683825074
1.13695122628
0.506497549536
0.968895983864
0.976319141703
0.585729564702
1.08898948735
1.44211819322
1.33286642531
1.09420746628
0.476840863886
1.23634368526
1.09462576651
0.891738914777
1.31131939565
0.927820923045
1.15174747138
0.618577261439
1.22224413591
0.634635020129
0.476043857004
1.27844052996
0.99489752193
0.340645135946
1.37766957834
1.43462124352
0.629173743438
0.27020190344
1.24040885503
0.472827531269
1.22576391089
0.79322682399
0.652119450651
0.564527461371
1.23341291324
0.761926979345
1.01482128845
0.552406227881
1.16443784072
0.514637183359
1.54301067219
1.36010476703
1.15563682808
1.24544735709
0.776491045858
0.876190268862
1.40654383706
0.796906779587
0.808041588572
0.365097429787
1.30324853817
0.47546723403
1.34798007549
1.48170336477
0.907380910172
1.16456326073
0.464680054112
1.13944697701
0.888211167186
1.14111855657
0.678731777917
1.09015652538
0.484882062151
1.46452711594
1.26817357288
1.21993248233
0.423415107988
0.442268367553
1.08125183633
0.757299229289
1.34054170678
0.824365465069
1.1190429332
0.968824888123
0.614201126149
0.712910038398
0.767693661376
1.3028564951
0.727912305723
0.869886597062
1.00370618932
0.820042208679
1.14927077002
0.707547745456
0.537706688974
0.29934887465
1.25723505236
0.644995191812
0.821008177788
0.808409745057
0.603010556273
1.08628423803
0.427943147769
0.634793731142
1.48335725774
1.51400903031
1.01210963682
0.763245685161
0.592110529732
1.32118529668
0.731833099315
0.921337442266
1.39057963105
0.920907516419
0.722960827065
0.592295204327
0.586871537797
0.484785711902
1.13578574399
1.07337465876
1.35086190798
1.14647064712
1.10243875981
1.56828758864
0.477506109226
0.524866024294
0.478496649314
0.781201289795
0.414941764698
0.572994124085
0.848081592385
1.35608853885
1.41017379056
0.796912629053
0.946598866638
1.2965148594
1.24533122517
0.405501933471
0.311190963753
1.42119711789
0.569932551212
1.16585355417
1.2350527641
0.602248535685
0.986696250578
0.503933390361
1.32693388261
0.471455498603
0.775201707952
0.478656739973
1.16090275691
0.548279819206
1.13821734147
0.662835085299
1.26490085088
0.942864204613
1.141992733
0.763252234475
0.712401169141
0.257508775419
1.29183293284
1.20813722892
1.47291397218
0.378038577657
0.501675683613
0.976942460746
0.706084866516
0.880694611134
0.897512271458
0.690466511513
0.364252968756
1.42591015272
0.740884555079
1.13877374358
0.802467021663
0.900706220194
1.07466551624
0.562303877609
1.251367165
0.614881409575
0.414883008604
0.914003449826
1.12234952416
0.658830876253
0.635258715596
0.555767729534
0.753448642795
0.67974902509
0.515076401332
1.27822993332
0.756228249048
0.923366622602
1.25502958246
0.488397387621
1.02656330324
0.76569542762
1.35149702579
1.25456544521
1.23414669214
1.33043976432
0.97609414176
1.08231103521
1.18178499141
0.884583844224
0.384633732646
0.54691760474
1.12826520007
0.312931670886
0.910869997094
1.23520006476
0.763692624966
0.869878426908
0.469388236628
0.518501248884
0.538280851062
0.722735028159
1.03792120524
1.22536279048
0.851507291767
1.15652344885
1.17059399367
1.17112112837
1.22596804514
0.570762242351
0.621007090765
0.755373145982
1.03562036372
0.932409851403
0.484998167834
0.825423514071
1.23433527514
1.12751687298
1.0655628077
1.03677236295
1.36191361566
0.402012543952
0.611466390465
0.504946122255
1.19195109461
1.10899628915
0.51067894934
0.872458734117
0.738391187782
0.620228597839
0.492900866427
0.899775446072
1.36880656333
0.423814820292
0.714470456551
0.591344611116
0.542625514961
1.51772419114
1.18784162895
1.11215325508
1.39981394228
0.909727483773
0.883455118695
0.440621380231
0.599039331018
1.20356729228
0.297189914507
1.40996245238
0.483951655426
1.61924860923
1.11428146154
0.829679339965
1.2634188875
0.94946929897
0.694708776564
1.09457774909
1.20809286197
0.713565472886
1.33729274014
0.839538136078
0.651941225767
0.392872187585
1.49316913446
0.985719536973
0.885536639724
0.950786194342
1.21383587853
1.33219183331
0.933962203729
0.365478098077
0.337968770824
1.26271370283
1.30171138115
0.64780601036
0.718064761485
1.27087784669
0.902967189229
0.444563789505
1.00224398159
0.970047609398
1.27243764787
0.532068227026
1.28186755327
0.466562489058
0.718310103052
0.397501556544
0.590526726651
1.41650109312
0.839053391264
1.14182814867
0.641371615493
0.635581071363
0.7806069471
0.395991574668
1.25799177949
1.08645588488
1.29061274885
0.399177415929
0.92696717503
0.979696295716
1.1894428741
0.387767161382
0.833663802733
0.89350488935
0.395309789484
0.899029461366
1.27687919754
1.1716418786
0.333748818603
0.463244365776
1.47653754676
0.820848632207
1.16353964452
1.02800028196
1.030879179
1.05551904595
0.601688294223
0.608252969043
0.573996883237
0.812947226901
0.434749069501
0.474603559807
1.13605376148
0.612661799105
1.22054733053
0.419113625744
1.34386269449
0.455350510544
0.43159544487
0.976596554065
0.820926756315
0.770881592036
0.81270165812
1.29215580212
1.51340870548
0.544443170387
0.738494834106
0.463479838161
0.918240584137
0.873798610001
0.952645135667
1.13933992532
0.737063460624
1.11467075757
1.07444369753
0.567196668501
0.495260491238
0.952395573913
0.426778824383
0.697223086549
0.587775771944
0.339062044836
1.39572926554
1.02744357849
1.38938003375
1.23929014636
0.94580676949
1.06811246653
1.05952584932
0.445943100688
0.983415661907
1.02479958745
0.884893253908
1.35115532071
0.883373561951
0.452618582061
1.4740886235
1.37642486276
0.5187708316
0.956741960048
0.489269505737
0.630835385037
0.365450619616
1.11151270552
0.419224940067
1.45447656376
0.283954619341
1.37002150113
1.12461195653
1.2451832906
0.445735229773
1.00720679685
0.934972510598
1.08331236273
1.3844531411
0.953774839962
0.330247596838
0.596638591895
0.936886311318
1.07606446513
1.4765119803
1.25552975744
1.25701712255
1.22101685009
0.996310259495
0.32275661681
0.867862260204
1.04890846227
0.680227996505
1.08305944389
0.417218328201
0.74926382593
1.09452746789
0.519122305112
1.61525270884
0.562504909646
0.575449132913
0.662373706146
1.21068505065
1.03916490129
1.02463374212
1.1405123815
0.985649101869
0.762615777742
0.614475731847
0.560743741013
0.918209003782
1.06771186269
0.785584421114
0.951310675313
0.90182839452
1.01804687159
1.38787086689
0.420233623145
0.743259799725
1.04497863511
0.739241861464
1.25057041855
0.628221487058
0.637964402986
0.912283276524
0.671697592423
1.15280498569
1.07160021647
0.916121782985
0.932922851832
0.492828002508
1.46471844152
0.976521962019
0.65524015697
1.65098066866
0.42988803474
1.28411552028
1.41696741955
1.24042826436
1.17854494621
0.92270728721
0.644755129798
0.451331911271
0.567276865195
0.816802463121
0.871055550629
0.475628257591
1.25329989337
1.26918141981
0.42248224612
1.05151342123
0.802989651849
1.08302673322
1.23773741717
0.874564486383
0.861620499529
0.775136558604
0.757298439837
0.744388875308
0.244897433914
1.22141052878
1.24572550433
1.32453911974
1.49561673431
0.643756341661
0.985741771595
0.595055245271
0.951446512337
0.663539712368
1.46495746647
1.42888417277
1.07049677285
0.66297706263
0.77759353089
0.927902944077
1.10818957312
0.884650970226
0.723267450825
0.458205331944
0.994788392108
1.26140818807
1.33773992301
1.01450750102
0.834445556738
0.965012494299
0.572576849517
1.18030739707
0.508741414316
1.08588981205
1.51428466802
1.04682438833
0.408804997155
0.902179042904
0.955451273241
0.629087162877
0.821279394435
0.873583223588
0.788939137168
0.530365824444
0.488787588916
1.0050921719
0.330532393313
0.527015540359
0.318747492244
1.16142262977
1.19800982205
0.581826577926
1.1563935558
0.752411630107
0.548340627914
0.885567440609
0.776524582935
1.24499380892
1.26732803401
0.571426887024
0.875777290241
0.383826892351
0.52419234567
0.736484743627
0.894452441624
1.06457331737
0.814570353723
1.45991946742
0.643982875196
1.14016961183
0.436233922952
1.25452428484
0.363892085835
0.97961943851
1.13375399034
0.558230201155
0.60995822863
0.247862949658
1.033630879
0.216480593441
0.541141982904
0.520478483232
0.514040611628
0.480812144276
0.650087723376
0.509943408292
0.847103863937
1.15706307191
1.49736594703
0.89932682523
0.705371532394
0.842210800103
0.342553218679
1.21583903797
0.915725951201
0.649851659575
0.68669346815
1.29555978937
0.959606267974
1.05157958697
0.498350088442
0.960974050518
0.466646200477
1.02593236358
0.74847578994
0.50262016206
1.45991958772
0.870814231427
0.316332756625
1.06317420045
0.535717131242
1.59359411139
0.653234210483
0.649462079125
0.9813241192
1.33037042325
0.512403966655
0.458553836514
0.560720139912
1.18081460372
0.551835998419
0.401665347972
0.460358266998
0.514976361961
1.26962716897
0.788071330982
1.52689907986
0.262919555719
0.317712796074
1.14189322356
1.01809767435
0.54858517196
0.35403060298
1.29519834108
0.655018201705
0.394301993795
0.432390150023
0.341808598415
1.52921010885
0.843784443747
0.677628904406
1.18293559301
0.458104828224
0.83944344164
0.609806728292
0.372458569367
0.455199431075
1.58118828886
0.804406120006
0.413399120154
0.66182643466
0.383009823466
0.728319162688
0.535612408619
0.351274696986
0.41051279485
0.347609291364
1.02910309764
0.871794843428
1.19346792048
0.514320783513
0.719304845453
0.468619054839
0.9179852167
0.651502628612
0.341018769582
1.40267498246
0.871225797619
1.02815960926
0.76311683162
1.10229289912
0.252644055967
0.644764037613
0.420838697932
0.721321996084
1.41946532655
0.735638902291
0.486240286715
0.935021662968
0.490162782715
0.846802353722
1.27587659552
1.27065988818
0.723116026652
0.395654047016
0.437901621615
0.952583366094
0.626622171267
1.14890197754
0.913053232149
0.413319351846
1.6214467299
1.0006328749
0.501107219231
1.14861148532
1.37825569759
0.961374273963
0.626063673048
1.297258663
0.386385786685
0.978655085984
0.378999542838
0.776721515229
0.443876207935
