0.600814724456
0.838264572224
0.426890710196
0.953887826284
0.501601029981
0.459214011297
1.20732290103
0.942947247302
0.51703280125
0.836700772989
1.08987062622
0.890804002719
1.203320655
1.24142809024
1.30920099568
0.39821618125
0.670139306642
1.00043722787
0.829791065341
1.38019586551
1.18695381392
1.12719940776
0.996340094352
0.825181196195
0.980410599192
0.79499764513
0.459616096071
0.526947737939
1.15934438416
0.313068456461
0.764936867359
0.651296562553
0.643086944083
0.596779094692
1.09732371112
0.859553208193
0.426268757207
0.860289237216
0.641004130284
1.10061118133
0.613642159346
0.607337431724
0.482555000027
1.07382184184
1.26275331969
0.85015584488
0.532820739539
1.18905673753
0.808501115738
1.17699774892
0.713521658338
0.786891025814
1.44779131705
1.07223891165
0.718081092751
0.783408615472
1.05153846067
0.58947349875
1.24976703281
0.287568922824
1.0368381814
1.17276077336
0.950422686567
1.01101858016
0.604705067999
0.763704385544
0.529819623514
0.400080791113
0.873540314708
0.350070373778
1.03820082884
0.849902311682
0.557795758029
0.417118671894
0.957165077924
0.926736725292
1.35892369784
1.33088581552
1.40324976236
0.647220415091
0.619868932117
0.928836363925
1.18838910533
0.658346587797
0.32899623618
1.31381371108
0.688300709558
0.74779464697
0.910152851898
0.719461070502
0.405996498023
1.06132937775
1.54408183967
0.870691378997
0.809708849196
0.825550350945
0.528294908352
1.16649275655
0.502741377563
0.802396694633
1.09162755677
0.710228583311
1.19821687003
0.569822391427
1.07852710957
0.41068061835
0.482091499668
0.635654991168
0.774849896492
0.726760659241
1.32834930772
0.540563670061
1.41731515192
0.71217913998
1.30146901026
1.33951041552
1.06118547293
0.313470010573
0.78012939521
1.0974068324
1.09080229547
1.29245333433
1.23896326182
0.375101370481
0.428116407376
0.552742101054
1.09249964924
1.28333147423
0.771042636177
1.11870639631
0.842323928232
1.18535210892
1.05420051351
0.673447219703
0.977317071172
0.944879410091
1.0000943854
1.03080476676
1.10790650475
1.05345199366
0.830848035054
1.4776876014
0.829873495651
1.05350233429
0.32623458941
0.588011325406
1.10112512427
0.994794471384
0.346593058553
1.0533843933
0.945036230531
0.818665177171
0.503606436362
0.993846499864
1.16519604227
0.390580830694
1.07127705701
1.35033024576
0.661924163437
1.00196202098
1.49205771528
1.09494645469
1.33484703754
0.381526848043
1.16058426654
1.27584420522
1.33519548168
0.494042717596
0.912087048459
0.749798426438
0.666759826416
1.39234224621
0.688815052967
1.11974077644
0.958872251905
0.504943109898
0.755429846762
0.504623407445
0.856149743726
0.69145332997
0.614390524503
1.57911782691
1.3050699815
0.920400111395
0.483314946241
0.227392859183
0.904784644482
1.02313755707
0.475446902697
1.34255049169
0.356192320702
1.09638894506
0.298858195168
0.759240203332
1.3265227403
1.25023675513
0.696991437838
0.78519842256
1.09557856012
0.620756439578
1.10786645926
1.24721136163
0.486179516386
0.691677288469
0.929142143086
0.895807842428
1.11005086921
1.48065765842
0.858009848811
1.39842672512
0.643656467601
0.801591458498
1.02999615839
1.38027534598
0.653748949319
0.618338684833
0.960461422202
0.957330352527
1.05203232061
1.39360600096
0.362763157981
0.66623583846
1.52622216096
0.419893379075
0.800675910156
0.96626805023
0.48659990511
0.842547573203
0.487997742397
1.2475688272
1.26080904392
0.559874496674
1.02993139187
1.45389310812
1.03946746529
1.16510118712
1.45353055382
1.23477692248
0.819537018506
0.972937134784
0.892553951028
0.502089486471
1.15789815033
0.692078390505
1.17323741249
1.18035354633
0.719971088948
1.37350186636
1.06130300573
0.263338793844
0.438849258249
0.943836833559
1.15021039837
0.82948039309
0.785021463597
0.974403776989
0.954955704124
1.06140224556
1.04697112863
1.0813993726
0.745950457959
0.824995232883
0.974107707021
0.400950751439
0.711257857244
0.863982213855
1.36797982916
0.574238785974
1.03188571856
1.23901963239
0.910229357788
1.04789066181
0.31220947291
0.380144554963
0.459741597204
1.01177072033
1.42124969195
0.739200937728
0.957745414238
0.884289918713
0.839963428943
0.539230760129
1.01080463278
1.15302245951
0.470277666484
0.938442248123
0.693520131515
1.24434538967
1.27412893105
1.24523544818
1.26113384183
0.687929957952
1.21011727859
0.85500708872
0.485433339499
0.499360570701
1.16132332678
0.222657846397
0.59631939311
0.321896458009
1.12471752587
0.519374595103
0.753795841695
0.740882434961
1.32792080556
0.424343221705
1.37449142866
0.57609957408
0.825185117079
0.344123265526
1.19554857088
1.55981155586
1.28112751538
0.350601765542
0.560467148605
0.871824109027
1.0765175074
0.926790838411
0.896256909761
0.306239046474
1.17218709738
0.988280831022
0.572052963898
0.926427987283
0.986767462887
1.20266702321
0.874565893563
0.860950141726
1.35845299292
1.32083399126
0.990410492577
1.22136181052
0.400082613631
0.554163074651
0.414775024655
0.760227567909
0.92742476034
1.2878014492
1.09118170665
0.629396008578
1.13154011185
0.812536975844
0.56395158851
0.633434963962
0.311097181214
1.15930544235
1.41138919839
0.346649317064
0.30572270422
0.600474823224
0.882906522275
0.927553335299
0.896923558056
1.26039461774
0.867582444558
0.814655871244
0.651367733434
0.864330879395
1.0833311309
1.12788287365
1.06703491465
1.25426938345
1.42792328028
0.732740342517
0.895813608713
1.17524326173
0.996255867346
0.756777842779
0.950774071684
0.407576521731
0.997164324183
1.40206946841
1.12313225615
1.20476513164
0.869706628062
0.389376679205
0.688482627593
0.389038579488
1.06079681158
1.01625470195
0.981306207568
1.4043912659
0.617802911872
1.11034670071
0.537531314833
1.1231809736
0.567598663397
0.844839219571
0.984360503148
0.627622514533
0.525384555958
0.938692382803
1.18256731481
0.467917707231
0.607796997066
0.543070253959
1.23171611278
1.25087749134
0.460767767694
1.22305980953
0.648957792239
0.528726802999
0.347129229681
0.473670468703
0.673728963028
0.856932286222
0.267976344225
0.408419851764
1.0637620052
0.946453903179
0.811575333656
1.30973054703
1.50287933432
0.520802052023
0.999803938477
1.20206707922
0.336337157155
1.13596524035
1.18975738968
0.984471527071
0.658545675758
1.18617820379
1.0166465846
0.998506915016
0.625306312344
0.559601653237
1.21447876086
0.931056407667
1.23413416351
1.2406261458
0.853548544324
0.990825613978
1.06127380581
0.95697442464
0.537415536576
0.935242679611
0.973646342394
0.576668559649
1.02714003219
0.876026619709
0.909202387474
0.680221445474
0.448746838968
0.459381337181
1.45500499916
0.648366664798
0.535165657111
1.33237042902
1.13753934551
0.995854647725
0.361909552815
0.90916402
1.16276062209
1.00997338035
0.842003954616
1.25475751057
1.05266971884
0.341874547264
0.618345787695
0.574521621471
1.00177079618
1.27153706532
0.688240060343
0.606027942589
1.0279450538
0.921292858665
0.417777836321
0.91636539866
0.820539724159
1.43207482323
1.16396299435
0.884179899021
0.279864956859
1.13750306174
1.11552424976
0.453235619879
1.21497788754
1.23896035656
0.569500926905
1.37107336649
0.763128439147
0.909837577759
0.580143970948
0.75665353174
0.679834301598
0.639020538069
1.296655
0.873396241545
0.759085992905
0.190638705685
0.722624063674
0.390763913026
0.652480223057
0.813238704894
0.583184649208
0.974740484604
1.16812281781
0.677110032631
1.35342114233
0.455546739443
0.431635700536
1.11985227372
1.13991205238
0.766103608313
0.944439812157
1.26200505087
0.977706480316
0.493645131551
1.12911474068
0.564427374917
0.889231357891
1.11405584
1.25967498979
0.829921166343
1.19893618906
1.24386291749
0.640069161735
1.00676572204
0.352166907491
1.06576597728
0.459172256517
1.10507406775
0.980928008083
0.752093352483
0.484794976296
0.909882017628
0.975657892712
0.829461540615
1.0929053381
0.579136609897
1.16032424753
0.632319478454
1.03266290235
1.11937871209
0.470087156748
0.565340427364
1.17155308899
0.853938580467
0.479461352019
0.901270135899
0.59127013863
0.613041590753
1.04193448535
1.05911766084
1.03168865564
1.06404797906
0.757167368592
0.911534714333
1.59206937079
0.625775702299
0.420377198492
0.246311860713
1.33123766439
0.822498301931
1.00075437573
1.39730658559
1.38384164017
0.686945171832
1.26143129387
1.05660953368
1.08406377291
1.4633694599
0.864666802518
1.19389288896
1.07277955992
1.03863539074
0.899427029179
1.30005012407
0.454063645042
1.06354706004
0.441440189761
1.21633243497
1.26364018009
0.644341461494
0.786621380999
1.2154232923
1.1606738679
1.55519263256
1.51389972943
0.490281348529
1.16744942514
0.405775320554
1.07647825165
0.504231922716
0.325433031094
0.882275529854
0.698463468084
0.496529958494
0.418234616605
0.570372570947
1.12887662816
0.848317093518
0.89109969609
1.34965371591
1.08228690435
1.03912280099
0.650621396859
0.749383007086
0.866127371916
0.26565327709
0.680486219658
0.554041569701
0.869871513091
1.3294094044
1.41165025018
1.09076283932
1.06770538997
0.914465551104
1.19902466856
1.29834766778
0.850392891688
1.10559648502
0.793605779379
0.97078722532
1.08071199772
1.03357197099
0.884010244205
1.29331966094
1.13913251325
0.928034742962
1.34291783818
0.771083005072
0.741040072382
1.11327740369
0.36787114703
0.617223280044
0.765366004261
1.08814294764
0.991205325563
0.652501996993
0.559765483515
0.911326159998
0.420775500596
1.29336949428
1.31194682165
0.910312809072
1.41102316291
0.628339885209
0.710922143287
0.627578998245
0.916116881081
0.57586448485
0.471028528927
0.412002841531
1.25269564822
1.07728993113
0.904298867266
0.614900977155
0.392339704061
0.985184895492
1.23554470737
0.546756338945
0.550764044729
1.00513752561
0.304757754538
1.45094353582
1.32929787667
1.16142285691
1.01524945177
1.08735826783
1.09401381611
0.716275410815
0.742250768963
0.756025235557
1.12927606044
1.01795761668
0.817123569151
0.527349074533
0.58183843685
1.09303723108
1.16120359588
1.30893145283
1.07858533152
1.25574331794
0.369345576618
1.21379066722
0.342916223273
0.599665965045
1.06844252676
0.983080336231
0.837794700973
0.661133297503
1.312917896
0.76250444742
0.670469010885
1.26409381429
0.678790022312
1.17201463587
1.46110524958
0.631316784904
0.705119209056
0.698028634503
0.483255558804
0.957241788268
0.506137163274
1.36499515267
1.32423458185
0.668338271541
0.724408196082
1.5053423798
0.515549261941
1.06602350245
1.33767508476
0.751533643226
0.52825890765
1.3260996372
0.667957716117
0.704930991784
0.470965133174
0.963723149007
0.506617687408
0.59673771385
0.600870974241
1.20700838473
0.959917874796
0.482699793717
1.04004397661
1.22415471322
0.802584052584
1.10106597097
0.898218247499
1.32358427654
1.13536989014
0.968779199689
0.632644278914
1.2227914887
1.09516693492
0.999991386093
0.775638747311
1.08937946936
1.35110918605
0.635728943607
0.610489865008
1.14045791249
0.981525495226
1.09737203157
0.52547933501
1.07699003306
1.14982149788
0.994582574899
1.07497376984
0.668206601328
0.975283044329
0.873809617649
1.09340509219
1.0693905954
0.717508725412
0.663288994577
0.799605661958
0.403501712312
0.498864286554
0.400624596654
0.853494488211
1.12530579674
0.444807304961
1.09422825306
1.23489455479
0.508864345405
1.10856190389
0.929067743223
1.21665650603
0.356535050496
1.18376266999
1.0236305302
0.564111279549
1.33737583158
0.562680644076
0.397078843017
1.31055537606
1.12491726929
0.904851936782
0.779568199585
1.4921386819
0.532873315555
1.14022344009
0.926477906069
1.09856042617
0.679979135567
0.986754387545
0.429083298778
0.895261367195
1.27192799446
1.30802716978
1.08883396647
0.194581649965
0.811423450975
1.0208287619
1.08381737819
0.623905127639
0.276014267331
0.298174067871
1.19504544926
0.970999076367
0.454048909557
1.23410966919
1.06751799651
0.62306689791
0.727069490346
1.02515710943
0.738379886498
0.598467431263
0.401182177298
1.07392195416
0.414630411299
1.02902852009
1.04755329314
1.08085419076
1.47666872179
1.57420188253
0.992491338019
1.29111207003
0.336982865142
0.736069566797
0.895650656354
0.488633605772
1.06481977267
0.581589623497
0.842754794284
0.875222436211
0.301982077387
0.422601405781
0.848912763494
0.599634955501
0.763256279832
0.379879148441
1.03980015709
0.675812420827
1.10001128129
1.20857875383
0.942002565203
1.15962989917
0.675560269519
1.22844872398
0.419561557972
0.62054738892
0.247652486508
0.63837257859
1.07476247663
1.14766449283
0.579503416784
0.65815936387
1.01051020745
0.565457989803
1.02246421754
0.69554295864
1.27912826475
0.647031821477
1.08327806635
0.637319661298
1.28241440317
0.822862203386
0.461008231061
1.08088533811
1.36929592235
1.06644192259
0.476096771513
1.15997288719
1.42119354272
1.323898809
0.642056795269
0.945423829186
0.888068003274
1.096728392
0.808079937592
1.24738878631
0.875995937774
1.17262197713
0.493868955126
0.821381434518
0.502580080547
1.32608589544
0.742430804406
0.389101259559
0.607388074064
0.52513936395
1.33667108924
1.00089425521
1.10059841907
1.29266355756
0.872832876662
0.920880094653
0.807448694589
0.671819036816
0.515451305476
0.417621262122
0.447325535767
1.01607634288
0.426229960461
1.26067208704
1.11389932827
0.960847644859
0.614222206902
0.990877169396
1.0887211578
0.4634887552
1.14134943256
0.607097972981
1.13971063455
1.06134162535
0.628610315794
0.423463052526
0.391457433513
1.24501365641
0.61638687337
1.05709638193
0.830593211751
1.22631451925
0.71550765762
1.14846752742
0.608823940001
0.746446463282
0.777210108426
0.502202879772
1.40820355387
1.1480484927
0.976031353176
1.21217265777
1.29795649079
0.514326240787
0.715906923797
1.12283143799
0.931115374092
1.07760029906
0.566507657462
1.18892468688
0.632753388538
0.939978248537
1.50757011033
0.767128121169
1.26338384293
1.25172529891
0.505063320199
0.424211526178
0.574557899955
1.30682183848
1.26709103909
0.508636334942
0.492423545828
1.06764529591
1.21539228449
0.477542456471
0.983406238691
1.1006351633
1.10755619399
0.908621579031
0.64282961888
0.554546444208
0.746465563039
0.370254949202
1.01768977161
0.674154427408
0.776835737645
0.874578195098
1.20501421289
0.503987034759
1.0633415343
0.821467478969
1.09098518799
1.39532815068
1.43799909195
0.446605527399
0.494755750797
0.3836960908
0.987061182316
0.384109813967
0.923219510358
0.882014407607
1.21108564234
1.39319504684
1.11169793024
0.832240528116
0.349702317697
0.44883219373
1.06217009661
1.21055535629
0.553499080182
0.922178839596
0.576585734419
1.49681065878
1.06745425562
1.20897224456
1.35427691679
0.420373460534
0.456568716593
0.691119546483
1.05876807787
0.401855169787
0.807601004836
0.961767397878
0.870248206738
0.597777927887
0.321514415755
0.831991762935
1.0721859861
1.0807173525
1.43505366986
0.607821742951
0.742489291467
0.548282130205
1.31232804389
