0.946459534941
0.626391822162
1.49547448067
0.612557533412
1.11795827525
0.606324022034
0.506016947156
0.500574484343
0.809038389028
0.435619662268
1.03879697012
0.893203100309
1.03921590638
0.881387205532
0.78579287744
1.23012101308
1.21999542915
0.768693587543
0.540087396108
1.19128349935
1.20359534596
0.348919034544
0.89288162763
0.325043345675
0.915922521913
1.11961514186
0.605996170541
1.50363263133
1.09482520961
1.09509628612
1.17785962534
0.630507054999
0.474410267
0.803081201579
1.17731845108
0.64593921296
1.53309493321
0.405387586673
1.36849922437
0.986777084446
1.54265051552
0.48096965722
0.637993516717
0.470180017983
0.932857132394
1.01437751593
0.73403266464
1.65786791833
0.418784770345
0.385976570434
0.408355839353
0.940318321215
0.702153604445
0.464853419315
0.88615376516
0.341575262681
0.478544244025
1.06360403855
1.1497443466
1.32761750971
1.14205165171
1.33722219002
0.324507090221
0.532270271371
0.521200839355
0.951360135471
1.03585489531
1.13458695305
1.29503237361
1.0817204413
0.743300227828
0.999533277203
0.860123077523
1.05114307399
0.78568151804
1.35664176034
0.369839514984
0.554573745579
0.325782654693
0.874584068784
0.942588854547
1.00786329747
1.19801041379
1.43679043409
1.09353363368
1.18354001068
1.26541208587
0.533593874182
1.39724888013
0.420066099959
1.07381053436
1.39993929826
0.850992934485
0.875227964647
0.821926010675
0.284956060118
0.372880325149
1.24207724083
0.410899545352
1.10494468408
0.687190644544
0.678879269461
0.995903389325
0.998474826657
1.26032935799
0.740204615577
0.83537406766
1.06288506062
0.718237189636
1.33020849275
0.207428139801
0.677649197943
0.33523050076
1.03182092306
1.22974570663
1.0499161636
0.788528461457
0.364140649926
0.742063941016
0.718248197795
0.681069242047
0.785394773856
0.303390133193
1.35770746584
0.786937234394
1.12245709589
1.48149821546
1.15868556048
0.628948938355
0.470094809299
1.08679883418
0.73675351546
1.2380768163
0.475086504066
0.896868937239
0.479896422599
1.24165923353
0.514117597186
1.33383059805
0.363555972354
0.904691046061
1.06416439689
1.190947937
1.05932077374
0.478433455945
1.28215824385
0.967876557079
1.1213758338
0.530406182777
0.2839954306
0.708400189641
0.625223989609
1.28372907085
1.35135932153
1.12659069264
1.1239347073
0.357070539051
1.31445315864
1.4248700223
1.18459257927
0.341297085482
1.12354378211
0.832958051929
0.772022375651
0.736051486352
1.26095397494
0.98209207754
0.830354021273
1.09307994781
0.355581100865
0.670099016251
1.13941229145
0.302244120293
0.525026131616
0.689468577735
0.378756841467
0.511021753275
0.493229189816
0.466930101692
0.381072117068
1.24165320473
0.6352114712
1.06485893712
0.670697723573
0.668389328136
0.493694877364
0.908563382623
0.466015352003
0.559951255819
1.16315643673
0.475949910732
1.14501289537
0.518596494243
1.20889161997
0.339133316376
0.376929069975
0.862977813942
0.918936959488
0.353191587314
0.653694612239
0.998046090141
1.29366474233
1.13789419592
1.49527329268
1.28967727044
0.917456761427
0.789302272361
1.14339857496
0.772880351655
0.635576594238
0.496047364901
0.671052367418
0.708172752416
0.62368832444
1.33683308978
0.566656758645
0.674968945111
1.09601813413
1.2674092195
0.693060934634
1.29338796052
0.484777726063
1.40518135522
0.313818154745
0.752370657632
0.362687027065
0.800259085636
1.0535321794
1.34046202541
0.670228346052
0.275240543004
1.02811667815
0.911057148006
0.960708567732
0.884015378839
0.783555426231
1.28660733398
0.711983736184
0.637183993761
0.440565433241
0.976979094482
0.567841063905
0.765936565112
0.85731694834
0.709574566342
0.270692554757
0.820867943536
0.805514264782
1.19735058137
1.41902782147
1.27963022411
1.40430372334
1.1787829933
0.960112780733
1.29143977746
1.32579336463
1.07608054536
1.05019668629
0.861752647865
0.943157294352
1.21647928231
0.617872990157
0.929601210944
0.991353299174
0.316372404533
0.90705693442
0.854512005169
0.907016526919
0.403307745475
0.815333911721
1.24199702908
0.972214783034
1.20824858914
0.835651184633
1.08356747737
0.603346575155
0.671424896045
1.11098139477
0.517913746452
0.767933849312
0.717145821534
0.631112630424
0.580448971971
1.388683351
0.53293266127
0.438651765932
0.748816490957
0.790033712133
0.832595712062
1.36629865151
0.812170927378
1.19878220439
1.00108466192
0.795867945605
0.339895102355
0.268453386111
0.783037092434
0.668037835155
0.928538177254
0.602450936049
0.625042140397
1.13508690882
1.25740592307
1.03489809339
1.4427814731
0.720908842573
0.328980829929
0.893605700004
0.718464371165
0.95566837841
0.51704062754
0.505668200286
0.84804319223
1.28294182022
0.588918442099
0.430166740621
0.646708446866
1.50826640494
0.796819665072
1.13506092606
1.05908902607
0.483899730605
0.915598652955
0.592109018585
0.754360037029
0.475035868486
0.634993662036
0.455127476997
0.348898046262
0.6258396913
1.17734668891
0.803714969881
0.515436170087
0.88057704942
1.06923786983
0.44341575678
0.980579020443
0.797723332321
1.33385712757
0.311531210372
0.894855999633
0.548239062668
0.81149186889
1.51516406035
0.766978383417
1.10375594425
0.679869332254
0.97628424644
0.575934398334
1.24340647474
0.568024734606
1.49354082235
1.2973356323
0.320257365078
0.527613981147
1.11289796745
1.17132649705
0.938031028081
0.536364213865
0.95125247253
0.779002765339
0.824104397692
1.37214993567
0.953708464624
1.34098911566
0.797628117514
1.03304165498
1.11492992708
0.555709125222
0.857095662518
0.818993564319
0.752792906261
1.20723363985
0.951095224292
1.07093903111
1.1984016746
0.868770656227
1.33449471777
0.679996179175
0.559303176511
1.5481227465
0.273466941425
0.642971420938
0.407768486981
1.042614477
1.09171191621
0.472225212085
0.695598189283
1.05050713645
0.681026087085
0.852962965711
1.09056672656
1.33535389469
0.573524468948
1.32173720471
0.938492599808
1.04446238404
1.38198911521
0.422007275777
0.356497644767
0.533977428397
1.49211657658
1.08299228376
0.734239761105
0.697992188913
0.640509071482
1.02839788283
0.600747434248
0.852842746743
1.21205045153
0.846428750375
1.05143610336
1.18507237331
0.709599627386
1.01321436805
0.672724227033
0.65224264913
0.86111675467
0.732014325676
1.1200351805
1.19663312543
1.36920653425
0.339584346363
0.51695781425
1.02849879566
1.26170329593
0.931210957398
0.578407170902
1.27252783071
1.41764306546
0.983611485825
1.02427998529
1.11493290146
0.921995957431
0.359280485347
1.16482098629
0.925897392263
0.919621459024
1.12746691749
0.535782615021
1.04252985202
0.962882620985
1.42391172395
0.759931155586
0.585490587557
0.440109236163
1.34197827995
1.57245721552
0.589266468378
1.23841697184
0.988582835931
0.950501360561
0.414262520945
0.339676493038
0.505812713581
1.19002966585
0.758747155337
0.999173815239
0.543067922198
0.760423499317
1.16557883269
0.34026798714
1.02029197369
0.798473054025
1.0636330993
1.08619265476
0.877428938427
1.18654080648
0.83121966278
1.23518065117
0.945799884944
0.981094903577
0.991232180434
0.931354801646
1.4447854804
0.426170490906
0.579049028834
0.522464902427
1.22451298052
0.283679298725
0.405042523151
0.595856957503
1.20649749283
0.536519740431
1.1072346407
1.04407916096
1.06062723582
0.523725909664
1.02259699969
0.957811598019
0.892086803801
0.850435699157
1.21960589942
0.509653498824
1.34860274269
0.567405986175
0.884103121622
1.04296960281
1.09634432701
1.1444622726
0.931042428667
0.462471635691
0.616466518135
0.55172466746
0.902120185688
0.86743469607
0.505611048715
0.854220377142
0.727634962791
0.252957383385
0.873931174603
1.18814780881
1.40478843445
1.23910728065
0.844535929125
1.33251713928
1.33321811247
1.34650101179
1.11998913892
0.922075109082
1.14045179922
0.539847011414
1.16174198456
0.587871886221
1.09871458868
1.13723776796
1.10576226677
1.22322906226
0.999103586274
0.383309552762
1.39902035896
1.13781364884
1.21768532111
0.469608974441
1.00296086542
0.454902861536
0.228485438789
1.09090572251
0.667555511114
1.17039718668
0.426181133954
0.624043267816
0.72593793694
1.10108572695
0.493667226761
1.10802137593
1.03438215389
0.559996532203
0.399650718185
1.11287417922
0.531126388779
1.54424029291
0.822357521439
0.591683844271
0.793470215729
0.997396835761
0.719509220388
1.39186568163
1.2036430753
1.47344346152
0.658521635067
0.794247133135
1.19038926205
0.365048073901
0.831207236935
0.709190780275
1.03281119
1.21193900196
1.53014359802
1.05809790066
0.998232891736
1.50423772694
1.17530941068
0.997411190443
0.182363026391
0.914294391732
1.22072430937
0.956039345991
0.491278680143
1.59246842813
0.68940254977
0.497239614122
0.760151312368
0.583176859478
0.653862766505
1.02047960378
0.971520804876
0.51181013734
0.683180619888
0.566716835633
1.27840931597
1.23558876002
1.55567621977
0.800363569506
0.743492304079
1.06834868179
0.733396223829
1.27427209127
0.989822434133
1.1806241211
1.25647855528
1.02634727799
0.807250027653
0.864169330189
1.29145233481
0.42250173578
0.486716118773
0.545370350804
1.18945110062
0.728351832216
1.09859369934
0.45376004629
0.924723748842
1.20842797693
1.33618466488
1.33899679496
0.725116938898
0.978371271303
0.816343327833
0.774670334704
0.683875280177
0.883373148067
1.07677603416
0.860520346062
0.392212318039
1.01963589571
0.742040634525
0.241970493771
0.564034043468
0.886604742375
0.609273959494
0.301715583877
1.26431279954
0.402384598724
1.02750228487
0.930358808914
1.30427963944
0.922249296649
1.2148759428
1.32079533369
0.890216257665
0.905828097655
1.32187718953
0.48037864042
1.11212323907
0.936246898281
0.585356040656
1.43211521821
0.594063362792
1.17629971824
0.936120877456
0.531956536631
0.776292218344
0.757658433501
0.944713610275
0.886719488852
1.24138200316
1.35493155197
0.49021135749
0.259374317915
0.982635207591
0.841275898203
0.379938425169
0.695461210695
1.19722533368
0.979532524756
1.06402873663
0.732085535693
1.26500325654
1.27089665981
1.14591016276
0.351026480789
0.825788374937
0.352757631867
0.491740126125
1.06134424345
0.60523076641
0.534380082301
0.492161162999
0.696340289761
1.19587698508
0.706662537219
1.35420987362
0.713295885535
1.47150609049
1.1085820854
0.724923034577
0.612940947188
0.72881168013
1.32838577192
0.437668591578
0.731336857111
0.601708180949
1.17925907818
1.23670729807
1.22308559722
1.64264993748
0.920320380152
1.05256733978
0.799049324053
1.30139286425
1.33510905322
0.686965960706
0.651986774311
1.3005941328
1.1875030401
0.759103745447
0.915826722999
1.5029859464
1.44190095218
0.803482582282
1.37548345253
0.478072869753
0.983202262161
0.926893988625
0.853988829037
0.572524090466
0.588456494546
1.29646337517
1.25860416204
0.736579804512
1.38947618728
1.16903468806
0.494119173991
1.46956411433
1.43408492847
0.885335435252
1.36220207619
0.858921069831
0.97875289221
0.591206592297
1.50066654522
0.360955963457
1.11709073941
0.849034008678
1.12882989397
0.531888995027
0.780625464482
0.644463752079
0.754155508486
0.880190808578
0.505227648139
1.27780663335
1.23931020885
1.3356617597
0.45381856241
1.01901114492
1.23149713763
1.06798814134
0.847577234643
0.541006736773
0.673127016056
0.532952602725
0.215065677576
0.989587608552
0.816458820827
0.415800933703
1.30951608543
0.340992263641
0.691308774513
1.28677898597
0.812430877217
0.622399443286
0.53442768384
0.952094833443
0.927743537448
1.49921602897
1.05390839313
0.700218766665
0.473762501909
0.840726067527
1.05548274593
1.1755435909
1.30036526841
0.980428729885
0.902326358886
1.279127868
1.20569994321
1.2308135036
1.16564609561
1.27839365189
0.565919522126
1.14650559655
0.551927179517
0.527840019578
0.948076991571
0.852624062632
0.518580569659
0.412247513166
0.516276217765
1.37228338519
0.289502694116
1.38976067931
0.991393699119
0.836846735285
1.37024801581
1.37105582127
0.17566621929
0.818443229221
0.682255187117
0.318007847086
0.667366884223
0.675862319447
0.99628215155
0.738776439853
1.13057683168
0.739782741211
1.29366841954
1.20595035188
1.39400086355
0.373369505005
1.1410068707
1.29820156363
0.397852418193
0.476012034254
0.496360513994
0.900926056547
0.933217061998
1.29225402363
0.99014334286
0.73608642702
0.555032767304
1.1108796054
1.05375888
0.700608635347
1.28550452571
0.668781621435
0.782051925785
1.22346448895
1.03762509149
0.577958212667
0.918279352257
1.18632477306
0.777470986792
0.739996373594
0.609658718768
1.31246464239
0.461048334301
1.01753850988
0.290418796744
0.366907045716
1.07313342791
0.273225720727
1.17610588007
0.445757931435
0.458560781437
0.757138611895
0.975885657872
0.926776679161
0.983130291643
0.501911346772
1.18946483197
0.830808268498
0.444297682215
1.3063241576
1.49038720528
1.14580982012
0.89771980999
1.36026370766
0.482848789563
1.34957003173
0.56556167575
1.33547644875
0.690197395354
0.61136893102
0.308936963253
0.609519262824
0.249644073445
0.946190568969
1.52170674092
0.544751549665
1.44230095938
0.590757988377
0.458557378117
0.772892542622
0.940580642141
0.918729256733
1.07214789635
1.38716234379
0.585548800099
1.33240552043
0.589167869204
1.25187924196
0.676229115289
1.06187121072
0.516042596043
0.87653981769
0.74832639713
0.514153591197
1.73154084398
0.940739968645
1.06838381649
0.768537314252
0.735329862578
0.935879589098
1.079433148
0.950490615362
0.545235305621
0.632679481108
0.35041931406
1.08792617133
0.922984903625
1.12715000967
0.932980323816
1.04598834989
0.487263337944
0.854012717774
0.895806184429
0.924595965701
1.14131666609
0.870556665585
1.05200486841
1.08007757115
1.0707215083
1.15778164326
1.20240032433
0.43488100959
0.362472407338
0.809437284671
0.832412617177
0.930563245469
1.18325119319
0.47367747528
1.08258852511
1.00952672511
1.0366075949
0.472392598124
0.439906766323
1.13273558185
1.44144259853
0.934094943846
1.03246407697
1.4388152339
0.776119361898
0.745300776659
0.572298049117
0.5954517606
1.11652352161
0.564117388794
0.841881362626
0.366474562678
0.851006871968
0.640222404785
1.11087394228
0.951347909367
1.20762190793
1.31321109852
1.0636083505
1.06580693187
0.983806750378
1.16356287271
0.897128704839
1.20086267159
0.65874771254
1.39318686111
0.441434173567
1.06258189018
0.469476685581
0.633240294062
1.23945980352
0.251993914497
1.20266633023
0.82559973238
1.36478896665
0.275801186164
0.90732953016
1.0463711766
0.59583370335
1.13350489347
0.227566691891
0.47778782283
0.889358855296
0.291469341592
0.801251457705
0.594841115749
0.628172830822
0.515344990018
0.61781070145
0.770232116202
0.476739899426
0.799783058434
0.48238973252
0.304719946123
0.234752367546
0.671467808985
1.00580351923
0.552740828639
1.33890388433
0.818693537764
1.31886321458
0.219846741601
1.44901684255
1.43785576751
1.43988182466
1.10503294549
0.680499565015
1.24471814514
0.885865094067
0.871438826756
0.286943785494
0.951118602064
1.30529654724
0.942795386175
1.29275056009
1.48452379013
1.05827597254
0.583532320019
0.506907114126
0.468172233636
0.472163496809
0.751615298359
0.555438347435
1.5570111288
0.92542908342
1.12558126815
1.13590889807
1.49033565869
0.398584378942
0.821758897823
0.486799966684
0.582908643083
0.57619567556
1.19362248186
0.585152750052
0.561749160757
1.16247026057
0.691768351676
1.06648875999
0.920901811928
1.39611922571
0.503736725156
1.14468153464
0.423872924885
1.58316106903
0.947560509563
0.799895800829
1.08272458
0.573971610476
1.53244901534
1.70504845117
0.648871027839
0.603105774768
0.759594053088
1.30606219171
1.0946680615
1.41015658308
1.13351008929
0.296182903996
1.09193087229
0.915363675178
0.506988755491
0.666576428733
1.41221944625
1.24354130392
1.06260749824
1.17488138408
0.336365018265
0.997545674906
1.42771827559
1.05457908549
0.463328023274
0.754620156113
1.21278997536
1.1592063874
0.505759134343
0.81665502003
1.11188405408
0.977459146988
1.15722357668
1.17836175355
0.283891898823
0.281142549321
0.964341371016
1.28686989513
1.39901783442
1.35856642877
1.0142791578
1.37010301433
0.504950757451
0.981122739125
0.780338866892
0.5986660232
0.795620784831
0.79197150927
1.0463745404
1.38006055179
1.35634962584
0.771733960655
1.12298711332
0.640574766013
1.41648547005
1.05883417072
0.963196344062
0.584969990525
1.2683407582
0.750351442961
1.27903674611
0.814166441912
0.797384054146
0.793095318472
1.32070204259
0.672553934656
0.87024770097
0.683205686927
0.385447802492
0.825073099654
0.997812949982
0.749825702441
0.567657602675
1.04582238887
1.14139304478
0.994985341594
1.15608278109
1.2301563335
0.656730184737
0.92493359201
1.1892440576
0.810274261429
0.309558030304
0.74751632628
0.618094953302
0.61134453985
1.09101290748
1.1131524192
0.982268626
1.14708988045
0.411822362416
0.359818397666
0.964352993994
1.13373870167
0.465963418908
0.842825415372
1.13399803301
0.79733339151
0.62062156372
1.10747949845
0.505734587339
1.12854753057
0.915946416096
0.925877452071
1.21862217129
1.46483783381
1.2693798556
0.669084774352
0.992670885252
1.04346941953
0.655291953025
0.889282335283
1.09896386234
0.670021934671
1.12848136181
0.533143179247
1.06987724287
0.954553047112
0.450933635559
0.424525561563
0.65112876875
0.960797992249
0.796912717127
0.24606854333
1.45643252418
1.05942612142
1.24273552627
0.952303167986
0.598720582079
1.41416625345
0.498827022523
1.1321818642
1.3406596598
0.995068747188
1.36522367142
0.765082827444
0.699474479463
1.18334234205
0.373337200424
0.311137904838
0.434910959496
0.460231322351
0.632519808984
0.606573014233
0.581159084549
0.885173995136
1.16133633851
0.509896248073
1.08650704047
0.395977918418
1.14405019237
0.812448786292
0.639775278684
0.790221945753
0.938068530033
1.18713297083
1.19484865348
0.730309178232
0.944268513516
1.67413147669
1.30049339292
0.459640491688
0.880537642612
1.24351045223
0.494577691474
1.20233060059
0.665205033447
1.12880023626
1.03533371033
0.632260560276
1.1123311093
1.40915088065
1.27879015494
1.18063567486
0.725563384263
0.509519564903
1.65398027512
0.860208762909
1.15201285452
0.589724961199
1.0411645125
1.30676956402
0.551976685134
0.80458911738
1.59705300399
0.767044707302
1.29323411422
0.888818493253
0.413022106236
1.29425840383
1.28667432757
1.08487888864
1.2723476653
0.602401465154
1.04687542829
0.864696864264
1.4025808121
0.277314868923
0.498151388993
0.540149979558
0.388223332664
0.588449640457
0.964465900313
0.477952470391
0.882815590923
0.364380282156
0.225052781418
1.37862198012
0.826809960929
0.725071881672
0.560469199856
1.36704117566
1.25626919789
0.981819599016
0.376645726933
1.26689762987
1.3242556898
0.698265367357
1.61855962138
1.26245694062
1.06193876388
1.07905471287
0.528469394297
0.592171462415
0.897436029637
0.804752980967
1.06384602192
0.661070886448
0.668564717632
0.574629881893
0.863587340547
0.73741952665
0.621290857562
1.00100795354
0.782510229426
0.849413822467
0.460712298211
1.18028472721
0.82061314247
0.478089239205
1.20533923295
1.24214013652
1.20100096558
0.686674968255
1.04445848166
1.43656895843
0.455364230932
1.30166677149
0.344135755426
0.537659647605
0.791861154601
0.618233409045
0.251624191137
0.581149675165
0.824967201425
1.15782932541
0.428438020969
1.49437834362
0.479512650942
0.537897559792
1.01667237839
1.1608849117
0.692974140982
0.60526724758
0.53442423857
0.965746394258
0.249125963702
1.11760397823
1.19154541799
1.21692584272
0.493676576563
0.808692043193
0.830643755525
1.23757182077
0.551365215119
0.56880226504
1.18465213168
0.846071289871
1.17226891533
0.847075618688
0.422822566564
0.601334759069
0.891213418463
1.31787760616
0.939117612428
0.619429736824
1.43725158113
1.38945679034
1.35361279057
1.13134598866
0.3843310989
1.42184746868
0.623265182822
0.534118034328
0.95774367393
1.00728176703
1.19517269696
0.905184721731
1.44996845834
0.440939771605
0.804814097736
0.69181496806
1.117511533
1.23241144808
0.623145740992
0.407167108958
0.987948685763
1.17871943298
1.45506703732
1.43799376762
0.255224347601
0.780177667414
1.37804387406
0.659874929822
1.18926726881
0.540320092875
0.503381959031
0.969873900388
0.595220826833
0.677704962691
0.571345681466
0.930504648665
1.43935304833
0.67911896632
0.827827872234
1.172365212
0.957434053975
0.874792505495
0.987415955208
1.43013718381
0.579104352474
0.757069828546
0.530412253494
0.430159556236
1.01278861452
0.83113075279
1.09911928404
1.15909530032
1.27422889841
0.743279590165
0.920992697014
0.395538308109
0.696110729872
0.400802188206
1.29012047483
1.13198929993
1.23642219609
0.884403692238
0.868077622899
0.519788027511
0.448217146938
0.450496338733
0.726916842263
1.47997652657
0.835982768185
0.828403829053
0.562632273516
0.544127847566
1.01347911126
0.665531096722
0.373766982952
0.849166753996
1.1660574019
0.552905611203
0.7591705692
0.539885634541
0.987176134454
1.070413573
0.403846651702
0.630463964109
0.464147257205
1.17450650732
1.22579590559
0.617135289206
1.22127634559
0.619940737759
0.563065527946
0.509037320605
1.06300609858
1.3204928257
0.371173892343
0.782958597786
1.08608389896
0.553841825918
0.866325207376
0.265340563669
1.44450388203
1.41762031762
0.765679815262
0.532727510417
0.53918116959
0.774311292617
0.405404174196
1.2458829615
1.47576665007
0.820457871008
1.40088686779
0.545968995025
1.065807752
0.822959457178
1.29575977351
1.37434753024
0.342320915422
0.727264057852
1.02378378691
0.655838650247
0.527210571675
0.657561183406
0.299597333482
0.407459529371
1.59336842839
0.462913290325
0.643877492873
0.76848047099
1.29662920644
1.09717470461
1.14337956957
1.46193834521
0.633012652319
1.12447030721
0.348601228108
0.509550127069
1.57586937008
1.50251109243
1.09475391924
0.655723240037
1.18836665153
0.841144314553
1.2053368657
0.508195052021
0.683948716055
0.681418806651
0.326866149674
1.18889251756
1.07509085364
0.922247020298
0.972503252185
0.553528495017
0.432478786178
1.18178202052
1.17381284875
0.353274869038
1.17828458143
0.988311151881
0.93264183761
0.496726699682
0.757496819579
0.716340898939
0.63534836659
0.627715547382
1.26349881986
0.911654070373
1.17950543417
1.16983145142
1.46784859152
0.821434407604
0.791271264696
0.627703400412
0.297592600565
0.74467913134
0.98506108869
0.833485699654
1.00529398662
0.592240367851
0.500105661737
0.864476165763
0.243333597447
0.580758840871
0.494808401778
0.535040663273
1.38050119006
0.836821810922
0.979723812621
1.15853697253
1.3617819205
1.00241526731
0.603385890636
0.789581419644
0.734630737798
0.515679173255
1.19054903386
0.801899680873
1.29341664189
0.3273285681
1.49414952018
1.04939395448
0.560352664765
0.723804247929
0.867102196906
0.66661045533
0.518825012966
1.13244158834
1.42115501192
0.506059770986
1.19087214654
0.251453259568
1.06611495894
1.41040882929
0.382021008699
0.850964893474
1.48226343699
0.315181204622
0.543099403278
1.41699654908
0.412240024747
1.10521988296
1.19169209505
0.978706761232
1.43785357885
0.644087196034
0.865875464587
0.569785298495
0.657871905419
0.645142510323
0.815413401472
0.867267497303
0.83176566501
0.546820019283
1.37950095477
0.601104426079
0.973028180221
0.934188050458
0.553681456637
1.2980461583
1.15629744132
1.10721225205
0.714170765142
1.17081075979
0.980410174289
1.09352562419
1.06365554716
1.04202881256
0.929323718543
1.08817124959
1.20035928969
1.03566271562
0.472045748642
0.504889673033
1.34796397784
0.514940248524
0.636600727388
0.809323875268
1.0404695332
0.637799170369
1.2665984312
0.475258251327
0.494210282108
0.722535966732
0.603615292606
1.38659199467
0.340616489692
1.34051135556
1.12644864883
1.01396702962
1.16832697891
0.656858956101
0.651597013039
0.79834337188
0.406870756991
1.17694291266
0.463431044317
0.976429059228
1.00609829156
1.20032131642
1.24391227639
0.612037481077
1.16461036507
1.17278358058
0.498134110901
0.548845308166
0.465334934888
0.810382851145
0.893561460717
0.697694637519
1.13417741318
0.645732003192
0.796468331508
1.51125573906
1.27949219069
0.759362969138
1.25811225771
1.27529307579
1.05291601813
1.15759975317
1.3879367933
1.2359864568
1.35200763886
1.29567132556
1.05755712084
1.30527749835
0.89779079333
0.501669922255
0.572594713491
0.675594441609
1.30191266836
0.351430610116
1.08176985565
1.44571743011
1.12382944463
0.391045436417
0.893124002282
0.91679047701
0.670660905624
1.23843236615
0.503022595972
1.00670869849
1.20380989479
1.22892050669
0.410243728816
1.13151397077
0.889014139739
0.837375105908
0.775992527011
0.199625060492
1.0199707979
1.15743315116
1.28125885858
0.777926194383
0.580599763191
0.764668970878
0.671234436811
1.08825429949
1.05897559003
0.769919589503
0.846065346937
1.04190625124
0.664821771529
0.376659067818
1.1446469805
0.721914674914
1.09079479927
0.633104103037
1.23248005854
0.674416559615
1.35222313192
0.939875073388
0.812985464959
1.26031708801
0.610309937886
0.235750326357
1.03034150522
1.59303297563
0.715191933434
0.882471129264
0.257873444226
1.16829839882
0.261804418092
0.62147691727
1.32264675501
0.67058108429
0.447692763151
0.499589384587
0.848877275129
0.833533195017
1.02099012415
1.20751831596
0.578956422743
1.29679514408
1.30427248324
0.706198867987
1.28791262752
0.432818889087
0.680090958284
0.774403146627
1.15837003304
0.910138248323
0.330678954496
0.991414094482
0.82453092327
0.678190685754
0.625478537676
0.637059406441
1.21150790593
1.27622299849
0.786634641201
0.495878638665
0.324712678819
0.566280544714
0.817356305592
0.803802749954
1.01052831088
1.16672658892
1.25953991246
0.72807059097
0.633901256915
1.32084366586
1.19312652137
0.36426887077
0.754639958588
0.552207692839
0.866607843537
1.18195142454
1.28976822041
0.265539541595
0.353716190108
0.709461448985
0.425593890155
1.43105138855
0.743168733412
1.1342218843
0.722794577381
1.24267033985
1.34526354847
0.527902155838
0.417224643788
0.83789455239
0.875439032405
1.03389351206
0.684432147654
1.08548089664
1.5361161222
1.00357430233
1.01180606021
0.640916753242
1.2184232549
0.939303629027
0.536314335535
0.617464292288
1.18560414397
0.444493132131
0.366821072909
0.546715140095
0.755839719211
0.872748789758
0.733292218207
1.12050264671
1.11898395877
0.290334383052
1.14152728492
1.49719796939
0.568877817708
1.1815496427
0.307459145446
0.712085701636
0.783088273454
0.927877506534
0.563661622745
0.392288710844
1.05795954138
0.606696590618
0.984231250533
0.638795616131
0.728650750206
0.635015526335
1.17346112404
0.622867208256
1.06924874792
0.63924811489
0.537229216878
0.675024060596
0.627612388281
1.11969941045
1.43665230858
0.73808604031
1.04991567133
0.754878060509
0.495445723106
1.5740701594
1.153904514
0.707101369306
0.89122300433
0.430799007466
0.736200263838
0.828830114829
1.10752107159
0.40875043295
0.757237561812
0.879337199451
0.501037288528
0.817485258045
0.430791291202
0.555569383415
1.34676717929
0.678018640342
1.07763048365
1.63964312391
0.459616964178
0.596232610962
0.923019593804
1.06829174664
1.14271908351
1.34772388098
0.844531986049
1.28648403806
1.12301942007
0.456675317253
0.708070147722
0.782030771291
1.20874448082
0.839009997526
0.961803024505
0.597665291826
0.285920501098
1.26696976025
0.726068283349
1.01629368279
0.733366292252
1.28985852779
1.09801774434
0.513946529184
1.06811021204
0.818355135303
0.664863056929
0.971055517676
0.625264462888
0.539675422984
1.20383949245
0.707262737425
1.28857095976
0.608048307312
1.03778398628
0.827458728065
1.08451561718
0.940631657963
0.337912378797
0.966396493055
1.58914358629
1.38064218521
0.992046759989
1.38708430263
0.771216021257
0.608508703918
1.50566972937
0.618931204359
0.816622297116
0.880571916266
0.620908098487
0.34048080357
0.441682013094
1.28214232828
0.668545045938
0.220731677736
0.606216121222
1.10991289262
0.556775467767
1.10113480545
1.07988615688
0.730772176064
0.920736836982
0.834058946431
0.489583747706
1.58697953865
0.526828835863
0.692550148482
1.19461730926
0.539637492523
0.916609537425
1.31025863194
0.939043488147
1.40895039459
1.15106678958
1.12927029037
0.553526278972
1.30205701993
1.0330629947
0.185848909057
0.350293472598
0.52114464687
0.465372596556
0.588109915226
0.67906879836
1.25068894199
1.32540598094
0.806373741034
1.2928904138
1.06415884129
0.589994251067
1.02936081548
1.17082301649
0.878639929827
0.630647503669
1.20153540821
0.942004776995
0.485175004903
0.579740461858
0.907290929001
1.60051940932
0.785436320556
1.09584781841
0.516543848391
0.311420964145
1.38915249092
0.250747467806
0.398009074409
0.963888002167
0.666960719274
0.43995975528
1.2379353792
1.22299305019
0.415602661996
1.30576960313
0.821781581493
1.03436455686
0.831568065972
0.294153891947
0.388965970749
1.16789991193
0.909601066078
0.614760365053
1.1177241166
0.474901252089
0.840942321191
1.32992188191
1.19950458403
0.777968396511
0.823880807845
1.09565596834
0.819384220849
0.473922968988
1.19132905038
1.56343422762
0.330210756376
0.627797962278
0.945452360639
0.463694061009
0.881427257613
1.09736314515
1.3155242468
1.15154981669
0.487072300054
0.877190701698
0.965613398278
1.23243154257
0.980181735541
1.35202667364
1.10644076308
0.572566958073
1.03017154274
1.08981626001
0.386405073464
1.00737788697
0.693704498873
0.48019665529
0.997128114863
0.506453963419
1.11814195482
0.734232086965
1.32729714532
0.260032908454
0.878990040705
1.35807353468
0.3820276584
1.50887411254
0.969240304754
1.30798305453
1.07254245779
1.36853403323
0.720551022333
1.04560045241
0.523467681767
0.997330039093
0.96902023918
0.827871338685
0.427040091878
0.741684467365
0.634201523244
0.856108934404
0.618077479539
1.48097559189
1.29999808136
0.351127990918
0.294647048202
0.446679081631
1.26605064274
