1.21090301035
0.765445081222
1.12593419619
0.69904177586
0.547102111925
1.04708281444
0.897240437183
1.00038203857
0.616216481018
0.317977766815
1.20133406195
0.583935116103
0.884072641417
1.06517555256
0.961697780799
0.685097431518
1.04435243628
0.686698527435
0.412281303377
1.06818500661
0.682535507225
0.829908599953
0.954703187743
0.478795859733
0.586920835223
0.979161795028
0.659943200112
0.871452468651
0.56089990488
0.94803979955
1.15987412868
0.489676436398
1.34129746211
1.42429817465
0.703353107734
0.935037239683
1.08376456175
0.661173756932
0.524983367703
1.38869325026
0.77315110637
1.1474540094
0.586138372509
0.492719798531
0.471086245252
1.02110804053
0.647595828459
0.726687557143
1.3746272144
0.511209440806
1.39378153288
0.761259720281
0.90774908194
1.5436367543
1.40878098002
0.653705161973
0.421365670403
1.35762074908
0.62510372542
0.953029995464
0.296106195593
0.570908099818
0.621137831858
1.00193683853
0.430901462805
1.52829768176
0.827343259126
1.02086401898
1.35565335214
0.561668785508
1.11453231801
1.03420137321
1.36272936938
0.762711246329
1.37138197334
0.937794060636
1.4097497218
0.418293071873
0.250897014445
0.994014496903
0.525426012854
0.913758440361
1.1370215169
1.17330701638
0.569017627294
0.491385664014
0.590382203025
0.504947649376
0.416949598158
0.906639200481
1.0722327579
0.401960080477
0.520704326618
0.565206688287
0.476185102272
0.506746962223
0.577244667558
0.276728983791
1.29645334427
0.913797016365
0.748195119488
0.501082303409
1.39945884909
1.27683747702
0.840794198367
1.22270554212
0.685734080097
1.02184970601
0.73610736898
1.02942658465
1.50113239195
0.742613891281
0.685894799466
0.409303638273
1.25406913174
0.574618925944
0.935628181871
1.36692870461
1.24786787706
0.793129392874
1.62862328317
0.333378035758
1.27622616817
1.14166680481
0.837692004114
1.22218526307
0.782885167966
1.62185760091
0.772352432216
0.315808466039
0.775657948692
0.670222275334
1.07735842972
0.855174639571
1.50884372197
0.458031097561
0.855120338875
0.753657020519
0.970391398069
0.931661302895
1.14061900598
0.508305756816
1.16325444975
0.538726056217
0.266789811603
0.368365000227
1.05537937584
1.11647347796
1.08182797274
0.529750174689
1.24076324964
0.321813489286
0.94853284493
1.09395638102
0.329989322454
1.37404253399
0.53583577847
1.04605687802
0.638734495095
1.12533109342
0.700328658626
0.24327889474
0.850419281801
0.863083951266
0.770592912436
0.493620717902
0.55158155675
1.18143394533
1.14446689723
0.703822251794
0.765580088908
0.313162030641
0.420282527104
0.999507478949
0.573452929881
0.420342523893
1.03284872877
1.52586518982
0.849055065498
0.532618305439
0.404704319186
0.841208697652
0.830471182522
0.48937860579
0.71577815486
1.2097375365
0.893365326812
0.757972817037
1.10720137804
0.685401102152
0.497518535312
1.23171135364
0.440622370317
0.817759959647
0.742376719573
1.15385463788
0.729689443093
1.23770036193
1.04237708965
0.643357547926
1.17723722046
1.13558956658
0.772634199867
1.09725555629
0.369188202656
0.386937928604
1.06402654522
1.09590070915
1.16398019952
0.394672671122
1.38133125204
0.884434637696
1.05362695976
0.478264948276
1.43852342934
1.42895154916
1.23004839364
1.09154078516
1.05791171019
0.892907738013
1.42140270278
0.618877767509
0.805904448959
0.968248949507
0.764021612246
0.822431979792
0.521700788512
0.56845075748
0.317880411007
1.41290577815
1.15064079957
0.990707392991
0.296443299865
0.5484178503
0.973225816115
0.817609753502
1.06412847223
0.590426783703
0.4338469918
0.344640774232
0.400686981911
1.25645732619
1.50816258594
0.803200599811
1.4712714591
0.562563518215
0.882181047504
0.773618520476
0.678629764398
0.797236097529
0.502792799664
0.653179061122
1.18361779524
0.562372777567
0.852909263813
0.539209533943
0.921941822669
0.676009133557
1.05567175206
0.53553293218
1.04898875702
0.927166689206
0.573325349268
0.615100108882
0.662893827262
0.850736763674
0.522790841671
0.793751190074
1.234609413
0.822818669846
1.2035999594
0.575782101121
1.27885510756
0.864060897077
1.21899654534
0.522930876241
0.995950067162
0.596571512028
0.764931353452
1.09196604008
0.789834860997
0.395384784387
1.11126960887
0.497416493886
0.780420470831
1.32911512153
0.622269881626
0.566626944298
1.19738782328
1.02894367018
1.38354573943
1.22878086052
1.36350315268
0.865021375152
1.16788215047
0.594589634877
0.458333923917
0.897802989573
1.35417968734
0.879020162893
1.47638694962
0.984933997969
1.48971375554
0.951852470278
0.689444382257
1.04672281519
1.14678713417
1.08115989824
1.19606619741
0.805043021082
0.869153150317
0.923124355378
1.1388786745
0.621440608436
1.37759830058
0.429137725524
1.41978048065
1.12425017061
0.699066194749
0.517812631977
0.719306590668
0.663909816009
1.12165582345
1.27579433351
0.977200198814
1.07198966761
0.791606731977
0.379523118213
0.97338556487
0.920752609681
0.243533271167
0.208506390492
0.864196428485
0.640471268662
1.08309897725
1.19679326118
1.07122888417
0.965871093709
0.410604439655
0.592415246453
0.995817684897
0.813179950497
0.971391059601
0.242232563663
0.987074702114
1.05155477307
1.42447159068
0.499998570854
1.37206272607
1.64235180396
0.601858423391
0.937894899311
0.698938934075
1.15874306514
1.35675011909
1.11456575728
0.990171669126
1.07838851656
0.600606946281
1.25090122563
1.15360092451
0.765023189149
1.27420141655
0.379966071243
1.17720793714
1.40370826428
1.53379208579
1.16969350868
0.473978944191
0.479271704622
0.734493878435
0.506872355113
1.25656823806
0.518031683555
0.594548483811
0.495919471929
1.46498981323
0.446854922522
0.581512969092
1.08176356557
0.383393838326
1.01548752845
1.0159976912
0.456825464448
0.967492477356
0.917590178071
1.08763239417
0.425464331323
1.24090416849
0.997773033778
1.21827271972
0.856889550809
0.534886083161
0.358623556661
1.0354774714
0.425798999024
0.2884031311
1.30079855489
1.1443224424
0.644562600554
0.62395951407
1.29403335667
1.5052349624
0.867688452593
0.626637472145
0.770504855847
0.755148847703
0.538235822886
0.831317011893
0.660780505902
0.40205628233
0.858217291909
0.856104319265
1.36536594149
0.493229765494
0.500536703389
1.59084014209
1.23762447808
1.33637165896
0.569037425433
0.71347621645
1.39303938143
0.449145185904
0.96293007213
1.07719959486
0.332783562527
0.516238482185
1.32014553599
0.884901144743
1.26267413687
1.01176010538
0.542894122059
1.29995696698
1.25356383881
0.542867411442
1.42583279407
0.508787941841
0.629949500623
0.605775720496
1.20458887245
1.31667545915
0.505351544841
0.50733168893
1.04476694715
1.298108373
0.387317816071
1.48103487243
1.16547932542
1.22769158316
1.04513537467
0.734107830588
0.449556102038
0.360297413614
0.847487899402
0.855455131485
1.1309014
1.07430004177
1.3306341629
1.1348037121
0.621214106189
1.17984869643
0.91676999854
0.772896016122
0.48849668117
0.786455426419
0.343418685627
1.01821593708
0.488395355841
0.551240482299
1.13629664035
1.132960376
0.596123576791
0.912087706028
0.401704857558
0.455052924074
0.754059867731
0.856139680359
0.876093030603
0.989223334846
0.645574724264
0.595847544776
0.916239718027
0.55816401713
1.20644960061
1.43169839736
0.669155975306
0.359242769893
0.539827984856
1.08767396957
1.02030733804
1.51150616742
0.942079806094
1.11441900332
0.679420968785
0.584310098884
0.529220963051
0.432647080618
1.00746222577
1.26566157796
0.745552720564
0.641497105952
0.80868232461
0.408095804181
0.519861866188
0.758872858643
1.02682365264
0.853282300698
0.420987759343
0.777774082225
0.680459974801
1.36274339718
1.44134727137
1.15536316758
0.349126624262
0.594915883182
0.373353251827
0.962638717121
0.650932705824
0.743929289071
1.05401497808
0.198311960148
0.548520173134
0.530397157463
1.23274614177
0.479988782789
0.684159227772
1.32604191092
1.00225610545
0.872314856183
1.08278343204
1.12195918197
1.18651140801
1.23006852474
1.54621468382
0.429783145879
0.619791466117
1.37960503376
0.383182202818
0.327571915201
0.438436563571
1.30370222311
0.545479595799
1.06284022246
0.594918322434
0.246330067072
0.897613462352
0.682552078598
0.416034836002
0.835311725464
0.451717754259
0.691472306463
0.824842469447
0.617212840884
0.576744827706
1.12436990995
0.851897887163
0.679433353369
0.818875302887
1.17432896711
1.49623950255
0.875059573416
1.39578295437
1.337520948
1.47502587868
0.956295497596
0.881812985473
0.627321570477
0.471176734811
0.58437707795
0.793309160192
0.554278720636
0.930020882844
0.47061136381
1.34877074104
0.720686309797
0.558581883802
1.15981132013
0.352863521566
0.506483608049
0.974988065381
0.725417855739
1.55944773161
1.09464592498
0.567462870363
0.404977355644
1.16050054841
0.539933099721
0.356076064742
1.11654182339
0.842002678603
0.647422446151
0.61834140694
0.679422029647
0.706953686252
0.495052426508
0.375729815172
1.13627183798
0.466743468069
1.01206209285
1.360107359
1.36763077525
1.15525190841
0.989854738146
0.36893002262
1.07130007242
0.914768617071
0.675544459991
1.61353919263
0.629250252042
1.23009407262
0.936189305396
0.287628652021
0.594881638093
0.343656239421
0.414562649165
0.409587866618
0.552058562299
0.685862863795
0.778831861024
1.03664797376
0.609600407656
0.48813202074
0.971102338025
1.59764096792
0.697435185125
0.834174490935
0.880341575533
0.490941773648
0.511841100805
0.869077080563
1.26007588079
0.321794830832
1.10739381196
0.818632976809
0.428217816743
0.977279166199
1.09007336569
1.0692867436
0.660908694337
0.804559271985
0.569774136064
0.675108293932
1.1396868293
1.33446933521
0.738740194
1.29688466813
0.682736835987
1.19473216943
0.246987426582
1.04668091471
0.57613660665
0.893731526082
0.916314331009
0.463545378199
1.39884936645
1.0250076008
1.16284243657
1.18821774642
0.569370805196
0.323284992562
1.17852177618
1.02839708736
0.865548512196
0.465014188227
0.606908980882
0.134283300448
0.652243948242
1.12434915207
1.34537790005
0.962383037332
1.34804318889
0.474871465781
0.683068148971
0.58300644056
0.433729412078
0.505955455435
1.01554917627
1.08534728369
1.33140538805
0.725538026944
0.960287270766
0.655495172137
0.51172943183
0.431445706399
1.38122459369
0.625023286328
1.3621521793
1.09994280918
0.809960828435
0.969598416102
0.902710358587
1.47977324605
0.793216006529
0.981932347126
0.52559422266
0.8791426182
0.704484013602
1.36055547368
0.550803695137
1.25786399224
0.597795752709
0.632168963704
1.1640978909
0.864904990273
0.729561497506
0.384465575816
0.352108451982
1.08019459637
0.347896979738
0.939685685309
1.01654594929
0.46105139316
0.98324630726
1.57659610576
1.02446361661
0.487787017788
0.489664477292
1.37842364616
1.39140543945
0.989569699324
0.696096485433
1.07425303764
0.561257860394
0.693581639607
1.23864285801
0.832417886525
1.0231339446
0.620922442495
1.35230861583
0.943066347677
1.51077345922
0.593429531687
1.4676102224
1.23734540991
0.759660837528
0.658958636245
0.993874316895
1.16531439902
1.13730758153
1.29279677042
1.16705019791
0.814739961908
0.551555994406
1.23653741757
0.349482451092
0.568583527002
0.685833437827
0.366297574715
0.399749129027
0.662209577935
0.496214160515
0.95651689575
0.865261163785
1.02329258002
0.326777764269
0.815408406876
1.25959008206
1.01994651949
0.486713969029
1.23880727291
0.751520515231
1.61514391657
0.366749615969
0.969232620918
1.28024437581
1.2215380564
0.97017064571
1.22660660533
0.755729088916
0.726974393519
1.21177282305
0.770282985943
1.30563075672
0.878939971059
0.463827914185
0.829964774318
1.0773631955
1.00794485897
0.826811166994
1.23244661738
0.674243425427
1.13755356889
1.19915293625
0.694698181701
1.14199934006
0.427167821502
0.821455781121
1.08145859106
1.08916783354
0.528360692845
1.67550120023
1.12418913823
0.905362958135
1.19840358945
0.303385185438
0.714824421744
0.918093069329
0.649223585301
0.87796935657
0.288777484463
0.619027726754
1.00016166353
1.41140826713
1.0146176033
1.15862155028
1.23216849408
1.32453976231
0.452428055124
1.56076722474
0.512229448889
0.810859074975
0.300905522964
0.794583253747
1.1277041701
1.1002149686
0.69210026684
0.775409020673
0.80883974594
0.748800424383
0.464545742449
1.09794287228
1.47621403231
1.21795989165
0.414619881089
0.894168704942
0.879812014694
0.821943296337
1.31716736188
1.00060140316
0.815610261347
0.567161503095
0.879161696954
0.899892396387
0.742470514737
1.36126042587
0.787100211781
0.937192117268
0.97521092808
0.595341985206
1.18758243383
1.05374528812
0.645746291172
0.773275260569
1.07590179007
0.5147030158
1.08459651173
1.2535446378
0.425876678342
1.4331423149
1.3205771228
0.632845214608
0.830717581023
1.41979327398
0.409916678336
0.943153925837
0.467774296119
0.798847388505
1.13548806365
0.671253972309
0.547367988728
0.732920616991
1.39355487043
1.18750568166
1.42133025439
0.492612223342
0.568779576307
1.27354378105
1.48216665776
0.712069824692
1.30164991042
1.17274890785
0.464196014126
0.645694562974
1.06765792889
0.428674583182
0.656748149975
0.77829291786
0.668042908866
0.582679943995
0.642036043064
0.523829569378
0.760549734037
0.985228910534
0.695528872082
1.16678249719
1.26045649473
0.795577832884
0.655027610185
0.93430172759
0.394007477007
0.33332493891
1.41401480052
1.42838457437
1.48137459263
0.35349691182
0.661298749363
1.30141705369
0.698521812203
1.21037446763
1.31831039264
0.56722440841
0.630225965869
0.598857407976
0.58849964826
0.673103340186
0.445905980442
1.59489223239
0.383792678325
1.0250192723
1.14767507607
1.04385897877
1.02459259198
0.409215164146
0.591849790922
0.379822526892
0.507535038114
1.05766818806
1.09725596417
1.16817197092
1.15599851732
0.753670612191
0.383369461334
0.567243243228
0.716171836226
0.311926543687
0.851666229413
1.30214175918
1.22805913533
0.599712632725
1.18457782921
0.700191626787
0.991320891219
0.334794542487
1.11532059545
0.446162681327
0.140457502818
0.667601717826
0.934455395386
1.45900735454
1.49413073573
1.15068750637
1.42530751023
1.26448024852
1.20264252418
0.507664019041
0.531362153577
1.18708642709
0.585304847128
0.876018544062
0.420129439587
0.487086135781
0.637656198655
0.892169164969
0.309793387833
1.23166097337
0.899578184654
0.580892537333
1.07940270007
1.05930824413
1.32138414723
0.495970353365
0.400304915192
1.0270498085
1.20298391282
0.839108386703
0.678744984207
0.520197555539
1.16874198583
0.930516394236
0.907503258892
0.305506544554
0.888149678424
0.96390094867
0.512854747021
1.20223258337
1.21953988275
0.753393056849
1.19376095388
0.665913509238
0.657215794745
0.446493578203
0.506061613154
1.26848252196
0.540753888668
1.19658067932
1.38054776886
0.989238728645
0.286063749795
0.548387911974
1.0475605828
0.551879481036
1.33492248584
1.24954627203
1.1436484523
0.948909878092
0.481754122054
0.620388323399
0.823828073951
0.551315715565
1.01231398655
0.728558824422
0.75828048486
1.20416779746
1.19284308717
1.18865730948
0.748581470925
0.311418408459
1.16923073625
0.70432141622
0.529181603571
1.55779689113
1.21376727459
0.449020789939
0.857277674191
1.17717441293
1.16688732027
1.03396220278
0.442235036454
1.28113229742
0.498440189046
0.71648156712
0.693158672687
0.329764816843
0.566361062613
0.638339377768
0.449170677101
0.782814844825
0.749622052129
0.910970281501
0.361752070117
1.295702281
0.642354086373
0.42083897226
0.608295830098
0.965452044872
1.00938889651
1.2807425387
1.20282301415
0.440902052376
0.933228454815
0.989507211427
0.722853424705
1.10501741101
0.449500811251
0.459044254281
1.26312042891
1.33129643121
1.01186383576
0.958977646576
0.936111894029
0.819375776375
1.30839006911
1.01984268612
1.28691005898
0.85397567341
0.477734106356
0.788352499426
0.472053297567
1.04951021663
1.32399694479
1.24095455252
0.934628551949
0.362311797695
1.14363083777
0.374854667822
1.19558662568
0.753597206143
1.04832627996
0.832272563248
0.455640597478
1.48191693818
1.32438524312
1.17473295025
1.09038837605
1.12770410919
1.36474219663
0.830770327272
0.558563082041
0.946417130662
1.24877177826
0.7107148579
0.73628781664
0.537525661181
1.21258607409
1.00064295926
0.606711821124
0.528429342226
0.466914511716
0.844875136827
1.44017211676
1.1317290379
1.14042533298
0.43177926764
1.02854805407
1.40407119107
0.779667964227
0.739803334984
0.420977016428
0.98465661631
0.466176680471
0.651940987305
0.684338653019
1.46347575544
0.692382613015
0.376743360378
1.1808158819
1.11806466973
1.49294234533
0.64586491611
0.596193234841
0.820229853533
0.984123304524
0.948730077717
1.16474433201
0.987417393415
1.12075553335
1.17838343537
0.47090291885
1.13473160265
0.938162548194
0.600757999502
1.19335874668
0.577309004633
1.05606691241
0.592090027345
1.02638300307
0.951200327203
1.30143815852
1.12880275399
0.820699361803
0.695075024142
1.08149828836
0.388583298936
0.408271716613
1.10208878953
0.690275334786
0.89998916194
0.846122022781
0.487323875268
0.690446185583
0.706697961647
0.473322137052
0.478867806524
0.431963764282
0.672623688485
0.733610428172
0.479227528447
0.704365202564
0.742439229133
1.39264978192
0.440916449246
1.10800140173
0.469110465336
0.824562520858
1.17362274461
0.3578705759
1.36384654255
1.2013664366
0.746613327965
1.06702833697
0.524675967404
0.728559900764
0.339616397046
1.18352461057
1.15886355809
1.23997685843
0.594871367765
0.688908410871
0.465264807544
0.445053458154
1.03456743303
1.05623319349
0.727588863288
0.924246282927
1.48356626209
1.11036187065
0.887241036445
1.2948043789
0.678525703887
0.884816279081
1.09528897548
1.34015164522
0.415899446174
0.69268591253
0.964812445234
0.958007820708
1.33722430094
1.30886764417
1.59063400123
0.969098648509
0.655856683891
1.17603113385
0.393486081101
1.22122741214
1.21159639754
1.48178417808
0.637170115107
1.47088519486
1.22062814006
1.3256749509
0.279500394417
0.231246126791
0.651226104327
0.747314418422
0.582780322087
0.459833597276
0.61863778131
0.81829771113
1.06999562767
1.22899294049
0.752799838555
0.743804300735
0.380695562015
0.930032103118
1.06986953282
0.752095036331
0.867444280217
0.917134861496
1.02865922592
1.22641039111
1.2946189799
0.937450039922
0.456366158158
0.920513190898
0.92291631526
0.974546654532
0.833597852554
0.527308431773
0.549362438173
0.738985685625
1.20854275991
1.05715951581
0.689638449228
0.909035866813
0.654360957846
0.932926490486
1.08621376656
1.20453719916
0.886461521013
1.08264867292
0.837900021435
0.46783494314
1.10209535877
0.461739866879
1.29389275438
1.17896165525
0.71140270765
1.50932841792
1.17163286342
1.16438785
0.891721527118
0.643343166895
1.36653256954
0.715413816193
0.418977881665
0.565391751536
1.24610737631
0.810613876394
0.890407696258
0.446374175821
1.05329863642
0.820658000382
1.31458081494
1.14884451353
0.787880870788
1.36698811666
0.94378570861
1.23285534789
0.82313569964
0.535390766284
0.484038849041
0.52130244622
1.24422369459
0.983775024667
1.13695195372
0.50324259064
1.22204911766
0.420449550398
0.501253555909
1.15865087968
1.35400539013
0.727553250955
1.63524243558
0.369472791147
0.63970047072
0.917037242042
1.15999084469
0.913036909909
1.43889287265
0.905921672273
0.953001296121
0.79779002191
0.70134749993
1.10547060615
0.72468923292
1.08827564958
0.480566761028
0.66346201532
0.687755676645
0.935198598294
1.1059398703
0.410274136023
0.605476305419
0.436506572865
0.544999055287
1.08136184121
1.09056062152
0.869045607656
1.34873034799
0.491041574992
0.797649970452
1.19456890646
0.453986882952
1.15786577344
0.978189966078
0.791782980743
0.463619549903
1.39823810961
0.802321450294
1.35855372609
1.39221361859
0.574491468388
1.29124259918
0.203449391664
0.756175342844
0.802029868878
1.32163904061
0.457973325305
0.834887085307
1.62118634233
0.61455896182
1.34061427325
0.585813924276
0.476122421222
0.649257734716
1.11181396188
0.979652363184
0.575666557442
0.421917132361
0.660741222601
0.665659082252
1.00371621265
0.675364670626
0.994138696246
0.485562505164
0.455016064352
1.44799426487
0.536615912293
1.15356839193
0.516078495292
0.915675563153
0.418794826089
1.30582914085
0.639594505281
0.741960228067
1.09562713773
0.846672428115
0.312562789744
1.34558381681
1.03938277602
1.18326925504
0.510604351501
1.15854460993
0.8288719874
1.21222727054
0.905853549543
0.996300857218
1.12625131019
1.02790780728
1.25127929563
1.02153019134
0.81273169706
0.932366550303
0.564380947163
0.549840079427
1.06238674752
0.944920000351
0.439087214232
1.05189667349
0.626830464156
1.22767330496
0.859063768148
0.732738977609
0.881456491656
0.718370277692
0.212011566741
1.09268567206
1.31785338931
1.05904779087
0.997897262718
0.868573904226
0.96297833371
0.626476655605
0.54875025004
1.23658995438
0.775930881353
0.472148247846
0.76299522619
0.845473284452
0.994424984228
0.962155215377
1.09576624104
0.978286536559
0.502030576529
0.367059898059
0.684515417809
0.822146877931
1.03774609117
0.517232534978
0.960478428071
0.475503933363
1.07299969212
1.30875018891
0.391460930662
0.265759278663
0.881862100804
0.4935651554
0.915222354484
1.00079228641
1.38040036906
0.96540812547
1.09017924463
1.13794887106
1.60917106682
0.888407476432
1.22851755241
0.83602862848
1.15789613126
0.951029016019
0.501282956644
1.19792564118
0.535064058688
0.805811742783
1.05524051998
0.488612449636
1.27285773169
0.791441606409
0.508452294503
0.660815953422
1.4274506204
1.26954607096
1.02697158548
1.22193254646
1.05990663311
1.19190863519
0.398419497987
0.418731503605
0.590616912395
0.538360613615
1.10282944758
0.610490931093
0.932924244434
1.04649285296
0.881584435853
0.682141860814
0.542303065648
0.423735847795
1.28673332455
0.548283194937
1.29165015195
0.812775164133
0.516238000801
0.608363695005
0.398111676718
1.40040022427
0.768036523004
0.539071001793
0.908214825674
1.60095614877
0.744431203809
0.638735229674
1.0486368015
1.04041624501
0.594166219452
0.548459535475
0.451827900006
1.55159790673
1.22832809264
1.04503611354
0.714049774901
0.606254496383
0.35621818362
0.816192768823
1.22702161103
0.99623872646
0.881807712815
1.39626230646
1.21626038996
0.46657528346
1.05598560997
0.666431084967
0.584657170966
1.13096742524
0.965311093174
0.727319457241
0.568501733588
1.25319347119
0.714609563677
0.555739308567
0.985218619209
0.833182644365
0.943442060516
1.17888724323
0.47065010234
1.20625973749
0.725085970546
1.14506987188
1.10302435543
1.00789888877
0.407114406429
0.379465454486
1.57432169437
0.722000583656
1.11082418685
1.02883580774
1.52433333263
1.18751194001
0.868205762959
1.1053144845
1.29003253845
1.25168961137
0.540604879998
1.16277610344
0.451998114389
0.981990464859
0.647696898869
0.694053581189
0.477401898336
0.600226487075
0.836009217743
0.504174452197
0.959090853628
0.887113343617
1.07343171537
1.01586807978
0.263897587258
0.801220206183
1.24413740349
1.34935177647
0.946599626333
0.991997683623
0.534103967197
0.588454585429
1.35125797005
1.14487736753
1.21718635657
1.0030852733
0.99812729959
1.23635033086
0.71452284423
0.853538673974
0.6908696127
0.688887402932
0.63600572038
0.468969308986
0.448008256779
1.03322203353
0.90830936387
0.473116887526
1.45165406936
1.00918406967
0.619129363176
0.307862740375
1.41769108179
1.57402657528
1.5326473732
0.507976123871
1.14426582032
0.555547643718
1.26987453598
0.489976857111
0.36533243242
0.967308822407
1.09974193836
1.17939368978
0.918855874324
1.22235404977
0.625972814972
1.39956879144
0.892250270405
0.698552811831
0.746215025754
0.527757162303
1.14780378134
0.496996860321
0.976412157764
0.440237973823
1.15138516806
0.479215176957
0.761173229309
0.582610381018
1.13175897984
0.937483009998
0.517403211005
0.351951054722
1.41881916219
0.846708650354
1.34619415197
1.04931082199
0.491684187724
0.578590558248
1.45182570769
1.13632821827
1.32440344304
1.14938414896
0.549489515471
0.348721871436
1.03848805336
1.25532791063
0.854224012046
1.31113846174
0.946389202817
1.34832487175
1.32966670898
0.521466750841
0.82849259147
0.448060769674
0.877266129027
1.00967940837
1.09873314956
1.49601571969
0.466967620317
0.633051444489
1.22518141588
0.983314110854
1.46553571065
1.27750527976
1.64348136035
0.812418940073
1.35045474267
1.37434293178
0.826997574525
1.3151192794
1.26705312675
1.22232806474
0.457639867197
0.713857794899
1.19852784532
0.793174374964
0.874540717441
1.25933486662
1.01393767873
1.08768365281
0.625830777954
0.92257206625
0.58080190577
0.696395521749
0.553972976456
0.537616444989
0.443404929083
0.488185524138
1.07611102274
0.309297730484
1.31974388871
0.985169385826
1.0335746673
0.615761922762
1.20899463364
0.318998616229
1.39581630367
0.547662858315
1.08763634867
0.862485736479
0.418377743016
1.50370709742
0.91406596154
1.04353754384
0.526594834847
1.28721679308
1.43800040541
1.14848047182
0.806491554872
1.52681794015
1.40957068464
0.731597227706
0.577063005374
1.24022357289
1.13568012927
1.63062850207
0.609428321248
0.755485560781
1.37514715887
0.741578132986
0.644460864658
1.01453807
0.358551027297
0.836080873471
1.0655151914
0.91216220715
0.379862624671
0.4618982296
0.354756380793
1.08408354308
0.623191831739
0.90124830782
0.672491948644
1.00179248785
0.888317817454
0.978903402735
0.789293063709
0.878013582513
0.604780785006
1.14853572581
0.808120403669
1.26148835442
1.05309421191
1.45850931472
0.969952441535
1.13373121944
0.682440766136
0.630260515319
1.04656211666
1.1249009125
0.342610042751
0.381875487138
1.09260140267
0.514750713784
0.939940330074
1.33947680015
0.495972218068
0.857895238547
0.973945462572
0.492875842742
0.765567237964
0.636535921882
1.23192997111
0.837358563805
1.31636182267
0.677451885544
0.77531014026
0.460238464805
0.434298678561
0.88112553632
1.11132991063
0.512185084584
0.996563166552
1.21895003507
0.480452644512
1.46539534677
1.18525814591
0.632700117301
0.934978535093
0.880570710533
1.04980669011
0.327084501449
0.495037971584
0.757710446291
0.886801943258
1.13974699345
1.08682225116
0.395162498227
0.67840163756
0.631231317296
1.24812477967
0.879699367924
0.903648664299
1.25536321994
1.20745980629
0.914032899666
0.38150686117
1.04930167589
0.457697465116
1.1816952064
1.09606683672
0.560150320602
0.786852130448
0.864133668793
1.12843160074
0.852960467155
0.464460259215
1.54105613555
1.29574598014
0.55176478283
1.00335967229
1.17590444247
0.898268476193
0.693989146061
1.00981576113
0.545417057776
0.784939109444
1.14973079594
0.89791481167
1.09255955418
1.34821104391
0.454373431892
1.11933015122
1.14574585037
1.3127227635
1.23671171874
0.391286089393
1.00148966617
0.440364203048
0.643948174244
0.635600566291
1.26409237279
1.05401756184
0.315260270127
0.367858040308
1.24957630823
0.620644960844
0.382001819799
0.442066317027
1.22091538234
1.55542345227
0.991409608316
0.952589786871
0.979375426567
0.751165371513
0.6025744536
0.564247062311
1.15287723116
0.750779618815
1.21916809885
1.21520488218
0.864055261054
0.856790382424
1.37586223834
1.04761872605
1.33438216497
1.45984020272
0.526021477278
0.502115024955
1.18896376927
0.968657097027
0.996156229881
0.958036376657
0.963347975304
0.753688124099
0.4473917142
1.04317313573
0.79107878042
0.630441939135
0.923736445679
0.357751615669
1.18442475148
1.0661408285
0.487095534553
0.87197003272
1.27501644984
1.15566067674
1.07322413975
0.343875682361
1.17887390222
1.2653216815
1.29396659498
0.619272729952
0.668008702615
0.880729300794
0.306395034158
0.93674819346
0.534243222336
0.55840533176
0.995106344715
0.500372540479
1.14705240046
1.25793031531
0.704675200449
0.848010807425
1.1514170073
1.32064034328
0.86737282913
0.77418536841
1.42553574289
0.878867277219
0.502354639598
1.40826173356
0.769833799546
0.80310748398
0.608553841633
0.478704366358
0.553672760833
0.868188279087
0.287784663007
1.31824534844
1.27623210256
1.22211470322
0.939023851203
0.502716611527
1.01982763149
0.403026784568
0.568918728802
1.15462283123
1.27755810243
0.630334340303
1.24634328866
1.56298368701
1.16699541406
1.27275813887
0.397112603469
0.403491609379
1.10958487991
0.940410669843
0.783942426647
0.434362584627
1.17398824797
0.755603238228
0.740838794069
0.69759392416
0.393226080503
1.14928863608
0.773526150783
0.600549111968
1.18090192544
1.09078556481
0.879830331816
0.981991071735
0.830645662821
0.848270519566
0.656502635643
1.12426455076
0.855993409637
0.714124500855
1.09638595876
1.09765961355
0.998090444964
0.399776053121
0.806986213833
0.82651196263
1.08908226152
0.556782714116
1.01493949307
0.672403172215
1.15832829987
1.2333737392
0.32603345115
0.716127962915
0.462415029703
1.59388371752
0.303708031966
0.466526832912
1.21981430427
0.57434845078
1.09525807993
1.38105422234
0.225300824445
1.24759592039
1.19989790472
0.340734459992
0.801210905392
1.45176872393
0.793929754576
1.32469063556
1.01316585837
0.444172877802
0.451286265891
1.12575357287
0.449731074526
0.803718744783
0.869431676761
1.08853138885
0.62857236009
0.220416234651
1.00013676117
1.30722863927
0.976518973351
1.15507966302
1.10386348099
0.697890469618
1.05241713221
0.670066910484
0.624675172487
0.69186252719
0.556002068806
0.450978717081
1.18815316236
1.59538156409
1.08001848303
0.361935188956
0.360100577898
0.838112791041
0.659584082634
1.32180730118
0.996766112588
0.994014495774
0.605524257412
0.751334153827
0.455289635118
0.605114550054
0.329385413943
1.28277117144
0.754289831858
0.716904800004
0.714737142047
1.2842625225
0.954306605965
1.39219973153
0.867908383029
0.990180110473
1.49715182735
0.7949264319
0.944108310978
1.42276965294
1.0744725787
1.21642720707
1.13077080168
0.764203471082
1.34732121096
0.773714365252
0.435949721677
1.15939279233
