0.748532911643
1.03603290923
1.41994136076
1.22477868356
0.659592137562
0.66327279076
1.06961240204
1.58717528239
0.810011484908
0.921929042212
0.81646432048
1.07776974581
1.47024194577
0.592044756373
0.782267661843
0.71838786102
1.03666892092
0.479653799132
1.08012092434
0.551603326947
1.25869539884
1.4647796456
1.38227691983
0.457802495177
0.810049245442
0.609020319718
1.00813463994
0.564520176183
0.945638665884
1.37260695771
1.12224428202
0.267198223692
1.07034951448
0.594690429646
1.41986014062
0.689806381886
0.539522880584
1.40871694398
1.32954840685
1.19118300177
0.582820065278
0.674287344535
0.928666399721
0.449863861918
1.21452620942
1.38947473149
0.964360129542
1.24153081307
0.86585522235
0.631150065224
1.4448370644
0.533472365303
0.783596097911
1.01767757567
0.84387447463
0.895085303747
0.544470762143
0.815421954646
1.03957271948
0.797309714839
0.387926228366
0.686001217045
0.611184525638
0.633206126001
1.19099142236
0.793681816436
0.527979887963
0.571202162713
0.92757663302
0.555741688699
0.477092928246
0.755046043096
1.38137464647
0.94552158937
1.2295928195
1.42645778234
1.01449081518
1.16490143614
0.57738276328
1.054379573
0.718478107731
1.35879273311
0.874888069025
0.320109458785
1.03212795799
0.873749434276
1.03872095923
0.76098961921
0.548199610582
0.553349310725
1.4752581876
0.784366445274
0.570326949002
0.468284660178
0.514423898124
1.16022598298
1.26279745532
1.33875180426
1.12774481006
1.26982886919
1.01176009478
0.588055498449
0.481417941187
0.382443550643
0.847682890088
1.1933010451
0.608283068335
0.609099637289
0.621846140881
1.07787026731
0.47791288533
1.38547517374
1.14047881578
0.486478821398
1.05378257982
0.337346996211
1.36380934152
1.17209919121
0.323247335557
0.532683533445
1.43229037075
1.12804402653
1.22101214734
1.42311794667
1.0937384349
0.647499907011
0.400626255752
1.55624017285
1.26660616597
0.60729978113
1.36962589
0.944527222871
1.0518695934
1.16508960745
1.15279932891
0.315798664924
1.15538767758
1.15890607657
0.517731166623
0.515109552656
1.16748398911
0.674028593553
0.545132577307
1.03011824553
0.855288953438
1.26989943506
1.25945687616
0.78743734524
0.382141419561
1.03019742489
0.647526976023
1.26780750705
0.477301748784
1.11977254714
0.538253123274
0.629470163417
1.06685610112
0.71145001676
1.36559874113
0.957996771143
1.07451097136
1.20671872603
0.277889104197
1.27999746485
0.991918152055
1.32200163185
0.42502776924
0.701972863716
0.798113733713
0.514887590662
1.37510184365
0.949969964609
0.803724714898
0.763049835185
0.660829507214
1.2597655089
0.605152898049
0.764964428342
0.736547716093
0.910183615813
0.798046825874
1.06763904789
1.17564942325
0.305616546979
0.661770808681
1.4691481213
0.982827887183
1.35570802088
0.839932040768
0.433068280912
0.542056311296
0.641966710744
1.13187269519
1.17286513853
1.1380856074
0.737671256633
0.553406576412
0.547928059763
0.913104627478
0.95771254651
0.697945253096
1.036218296
0.667592437729
0.581978874203
0.956865160072
0.559468070738
0.685340021772
0.846565083014
0.894586376037
1.43538363955
0.866469275502
0.382083084454
0.829284658815
0.745989281051
1.04645801562
0.303161795622
1.31785815018
1.44510956941
1.44572781076
0.975660848444
0.924241428605
1.22910244527
0.663675745746
0.624290224362
0.473157701189
1.23926192065
0.686101847877
1.19153768832
0.962387181068
0.64761605807
1.4259700331
1.19183147382
0.487509147781
0.608694965692
0.405855678991
1.28685050532
0.573948418233
0.795951699695
0.477487251676
0.613619241824
0.282017892059
1.0123467063
0.636560670422
1.38990020071
0.78015040182
0.653058008377
0.425299499913
0.915249412738
0.360541202427
1.2997361628
0.78493205112
0.802107579701
0.998299627653
0.574027733577
1.31026006362
1.07866431526
1.11595086545
1.31274469306
0.638295969966
0.842454719598
1.07763068594
0.662901024316
0.736008745839
0.499882447599
0.920866254136
0.408080463887
0.458134182523
1.20161248934
1.28659415135
0.875411008662
0.820280881968
1.4541408367
0.525843905499
0.629208089113
1.2555162587
0.55950631429
1.07822470078
0.626805759732
1.37644235463
0.509419477268
0.570866678694
0.948191127914
0.887422706501
1.06463619067
0.985228606283
0.902516251087
0.488564719168
0.708312024644
1.01391196465
0.200882194471
0.562792728979
1.38872858748
0.377551531155
0.902667182183
0.425399552999
0.676806154756
0.688415352667
0.291451027715
0.739080661179
0.898251034232
0.92883952062
1.34727355037
1.15038996676
1.34625491082
0.780992396207
0.573783562369
1.05585822578
0.802426792684
1.19937322841
1.52276743188
0.722078875396
0.68847525525
1.30064933673
0.729269389729
0.669837044431
0.736615375519
1.16854475327
0.544117910881
0.696496031634
0.593453338058
0.631293829443
1.12894613687
1.06680896242
0.450685696093
0.977685606817
1.10352984308
0.630079119783
0.62766501615
0.905993097952
1.13718248426
0.403975844169
0.598556056125
0.685945527583
0.726798825886
0.68602891148
1.06526955168
1.28054003206
0.738817034271
1.13455398538
0.456749594185
0.813824784208
0.641447079905
0.733180206631
0.505059260755
0.813307548927
1.11605563259
1.14752796656
0.364081665644
0.858131256322
0.64945398387
0.488957875014
0.61647839851
0.850778117317
1.11879658886
1.33075563905
0.965585727805
0.345448365476
1.24069010099
0.478971027934
0.64094225777
0.432496841949
0.473619937996
0.657953283654
0.513231722942
0.378215694717
1.30205097499
0.697962682048
1.55266523963
0.48964885033
0.75635317146
0.785107351134
0.604333828842
0.380931416606
1.62588308445
0.642155822945
0.874804738825
0.708436443829
1.12439302354
0.611135016846
1.26390758652
1.26225304477
1.34250326448
1.19482817127
1.17056847126
0.257276826682
0.530248522091
0.690538781816
0.645648983115
1.11705577838
1.31016985487
1.00725988958
0.351661811819
0.813991047669
1.56942664965
0.749865784166
0.155269646376
1.1790160091
0.937161625404
0.376667889874
1.3084149137
0.265421070595
0.211438858207
0.601814873335
0.469876402056
1.14438040332
0.804924960913
0.462147172017
0.391458244596
0.627869466065
1.18778038325
0.934381303693
0.384983175341
0.263278401044
0.768078713688
1.27124467131
0.800280142229
1.10651998688
0.591464590231
0.480513269598
1.10968933375
0.691439625108
1.03242992089
1.30653039212
1.06303759541
1.41946861091
0.986029522936
1.07485402502
1.270801343
0.880555877568
1.25694380098
0.389578904157
1.05445553103
1.11885810064
0.582056804348
0.963023014676
1.28956605249
0.564711929786
0.451663710276
0.811481321118
0.902475996434
1.16333726333
0.883530462353
1.26838368209
1.44499623163
0.599812066791
1.02250646939
1.18276588468
0.617307787048
1.39437731923
1.16663260044
0.435949988961
1.36730085878
0.86942750731
1.13197801964
1.26337695721
0.928694118844
1.38359309034
0.442449332392
0.950541048889
1.23922934849
1.51094419703
0.155607611221
0.535223320067
1.20193469375
1.2159313248
1.02808025734
0.83613324046
0.560710136381
1.1378268802
1.11059847246
1.42770780993
0.853852808116
1.44237183515
0.273100738502
0.523402265657
0.483020147588
0.520541407491
1.29938615855
0.910686405296
1.11589160361
0.525576770716
0.601455760926
0.495456048516
0.985312668998
0.489259651561
1.09617047942
0.641130655291
0.614524894645
0.764035249477
1.04975770865
0.432275859033
1.30427616779
1.15731649531
1.04086071285
0.841745579286
1.09448396249
1.02923024349
1.13858099804
0.745809218322
1.16316122815
0.982821154555
0.969470678229
0.321646076082
0.534207580503
0.592473238066
0.897554959977
1.01721233043
1.11215033266
0.568515171803
0.404978189333
0.907862274047
1.08590949189
0.49139136974
0.831115742192
0.634421383988
1.3935021361
0.980029953329
0.902604347077
0.787502249657
0.465639578569
0.494989047041
1.16863020489
1.48633430692
1.06161113424
0.415046815937
0.67202404983
1.44337037209
0.84951534099
0.47452188151
0.608616187822
0.747000126079
1.21610745638
0.550130937684
1.46343081782
0.549172462125
0.927175944276
0.206078320738
0.474373077633
0.486723051266
0.733531703256
1.33003354195
0.747329181625
1.24550423585
1.0343168991
1.13419267297
0.754759737023
1.47566168505
1.06674070239
0.734171296609
1.29984280983
1.1245727101
0.531693895355
0.779685704174
1.73055213131
1.3409400898
0.282298831874
0.619262359262
0.79803497253
1.53175905662
1.51560480568
0.41553068757
0.679732808451
0.840833894514
1.27105812753
0.912873577512
0.721856284266
0.534509126391
0.324349803883
0.660214631571
0.613386102661
1.15569431784
1.25393782047
1.07127244636
0.842279767705
0.631826519373
0.411359036389
0.331432899454
1.18283701891
1.22955837985
0.485800629671
0.987922622446
1.24447750436
1.04562054156
1.30512130731
0.661623587567
0.661200627692
0.876775196837
1.05233969447
0.873987796078
0.853646711292
0.517828128954
0.537013327094
0.707470808704
1.12790200455
1.04534675552
0.471787223169
0.689445033876
0.786209687348
0.563311780079
0.593976293434
0.836381639439
1.05756075901
0.842239381735
1.07682909021
0.315333096179
0.21226482459
0.566188870339
1.0188516591
0.734762467732
0.921773750411
1.422196258
0.711848185157
0.963591741355
0.563363507386
1.22699584225
0.901344685487
1.41307543916
0.66042029167
1.1301728172
0.720456607352
1.2052213028
1.25221518212
1.25634603364
1.33831491833
0.473074018078
0.973921654075
0.537572695757
1.14923970749
0.723904529
0.920437692852
0.669332432603
1.47160566352
0.148073939791
1.40165811989
0.358382346863
1.13045860607
1.3024226267
0.891359804485
0.673567110895
0.421875545044
0.672360551853
0.676418897029
0.898872822812
0.452713956517
0.934018884912
0.796804309855
0.633298586314
1.08177542125
0.404097304888
0.810996917679
0.612780339789
0.420336494346
0.917628551585
0.360943505783
0.678766388808
0.4288883984
0.420280118215
1.40646283316
1.37300466816
0.679270961163
1.01592669878
1.15181113894
1.19832406598
0.456319533821
0.259957399512
1.21670449648
0.794448127543
0.990381356144
0.756416118988
0.88010885882
0.906720378202
0.336501596562
1.02930529996
0.776729403628
0.720049907294
0.522736492169
0.729542425866
1.18641140317
0.998968864878
0.556430068429
0.841831997597
0.934551025412
0.449936487455
0.936999595151
0.673704283644
0.916862741319
0.551224963899
0.697573820757
0.865278895008
0.466273368032
1.49082450511
0.487462261951
1.11676283323
1.28045572747
1.1071903642
1.51208359663
1.10647773013
1.29278848516
1.35867821101
1.21805807655
0.553651690838
1.25888278827
1.042240804
0.696722730945
0.322328979956
1.23494765991
1.33869155166
0.970017153262
0.910159538811
0.267038102891
0.388632046781
0.721315050257
0.783697686728
0.579545480112
0.659149190178
0.623930029165
0.32141361889
0.635364618285
1.02006390061
0.895853350841
1.09214972807
0.483226190577
1.23011359197
0.560639314881
0.339206752692
0.782971412808
0.64120722103
0.449105927681
1.02080415917
0.470942368452
0.416576312868
0.516526024238
0.827677921861
1.17380055107
0.818663652867
0.806979707258
0.429034358985
1.24506779478
1.23661339304
1.17585608656
1.05294472531
1.15649059406
0.51462813077
0.410055609834
0.685772604931
1.03114307174
0.984260600272
1.04953389552
1.10297697999
0.994179218317
1.0700431804
0.98773113578
1.19705478396
0.622524228729
1.20358260583
1.03007262356
0.577264892725
1.13839274363
1.48297214309
1.23391196322
0.593293188354
0.359340348022
0.782304023414
1.0931886316
0.361743733121
1.17995185407
0.836675719842
0.2996818915
1.62436492572
1.00336246298
0.610698575257
1.12739370058
0.844922873483
0.552852329279
1.28188310474
0.909162007201
0.926531615754
0.649435823244
0.526486033045
0.461050750552
1.21572372686
0.538735133269
1.3126893262
1.41155369155
0.711495029824
0.99213107238
1.18274355486
1.27332454503
0.762685162302
0.650601007123
0.393581745532
0.84349262925
0.931951639912
1.19219564919
0.955625862017
0.594950782674
0.971171201637
1.08654251783
1.0602088102
0.646833921695
1.16790949333
1.15500584578
0.90532513714
1.22605514552
1.27350345589
1.50729418467
0.558563484024
0.786267915168
1.3542837316
1.13167696119
0.672510834402
0.879432829152
0.856448792791
0.49880516575
1.14578296445
0.230154245676
0.632049778479
1.31791238115
1.15039484785
0.479696082199
1.26326169602
1.40058632676
0.330771547837
1.15449914339
0.699239722642
0.692315496548
0.677820733012
0.552518052695
1.05165178975
1.35285126071
0.559798525702
1.51799198737
1.37425083365
0.673842315797
0.97808667498
1.04365380017
1.07388736759
1.05474113565
0.79006565923
1.16377954929
0.539076506565
0.681450153582
1.07515754083
1.49729581497
1.12995823583
1.1372963004
0.460523035271
0.618180579356
1.50455514641
0.599968665714
1.17497188035
0.676297350441
1.21378113069
0.417667205486
0.956896874464
0.466761726181
1.14857103931
0.862615477029
0.506131060731
0.940800105071
0.801724114611
0.313887225485
1.17802028725
1.02845880373
0.857005806104
1.01871569606
0.4343544354
1.10756429962
0.847597976716
0.427741980007
0.587960747154
0.75729935103
1.35206070782
0.896246238661
1.4130369342
0.536695848298
1.30566817553
1.09793317478
0.937113787878
1.30299128827
0.419005648844
1.02457541221
0.95678534477
0.477154170735
0.317561424427
1.25424416897
1.02767757217
0.894262598524
0.543996977081
1.26873111182
0.75488866729
1.00597677408
1.47084248483
0.388694932086
1.35595866025
0.800029010378
0.572440935166
0.600286871633
0.471448027196
0.387297219946
0.686797444315
1.34667377904
1.0972052024
0.962549058225
0.85886789446
0.925469765111
0.341718299163
1.29960775981
1.00250984009
0.467136485247
1.19263459453
0.596464980557
0.644466643643
0.862382307247
1.02536146567
0.651287039429
1.31175089992
1.12448000223
0.761867524573
0.760372671139
1.58012026426
1.0233562516
0.263817976603
1.369077419
1.42750765998
1.11424145948
1.1130987395
0.923999086953
1.21957173231
1.26244482721
1.3464363734
0.460878254138
1.01392704973
0.99718039765
0.640234637536
1.09532380368
0.312821144493
0.829408990441
0.425788746246
0.760332180161
0.458814432093
1.43259772477
1.45474908503
0.677056365451
0.736872705334
1.07910979709
0.855909418407
0.511022891245
0.336458192586
0.849041141955
1.15658621563
0.443571057049
1.31472841218
0.739441422203
1.13491407692
0.597357380181
0.69881789158
1.10306435795
0.307095487734
0.707239718423
0.841713561196
1.13230981827
1.0294683282
0.524193143522
0.813558383372
0.520509221747
0.962958994156
0.32261547526
1.4883930029
1.10237520278
1.0366481806
0.508291255841
0.737991916342
0.485120345646
1.01755546883
0.648820444276
0.311281095735
0.331419051113
1.03698690285
0.632098655241
0.531514162811
1.12236256317
1.10383497029
0.948925624883
0.993899682195
1.15527328748
1.0282281714
0.768089528842
0.630710911811
1.00341238508
0.744656049293
0.44259137624
0.516589397639
0.383969884503
0.906075751955
1.41959997236
1.10774564241
0.4430608748
1.28045895785
1.17279585136
0.961021891232
0.787006817304
1.01731686874
1.07183250699
0.858709906506
1.42010527676
0.227575960534
1.01649871028
0.700286849014
0.561349866351
0.424542610799
1.53412303188
0.455621354437
0.568602644942
0.786190610874
0.887766481471
1.27897573421
0.778656237674
1.13823486768
0.497943136112
1.08367678431
0.476115073777
0.507783042339
1.02596669477
1.5062120406
1.45506333377
0.687362482468
0.4033809666
0.653261855838
1.27034152052
0.823376540675
1.29255036638
0.648747213757
0.922015737111
0.922054866747
0.985549782829
1.42702387827
1.28708461985
0.45825658818
0.798766465564
0.834046718141
1.11667764463
0.801758327947
0.796568870313
0.752326617996
1.01979656276
0.679298202664
0.28920419513
0.525078672907
1.27130721271
0.382552494384
0.392024719697
1.20571662243
0.407395530927
1.18383249193
0.394557027659
0.457456880979
1.15034408924
0.839693860812
0.727419621775
0.996384212596
1.33221222662
0.233291347116
0.571605747806
0.537828053576
0.670698880237
0.656289128951
0.412669163912
1.01077634844
1.25558643378
0.351456077258
0.85465163135
1.21384362797
0.506848980762
1.11221259167
1.07088873092
0.676333043361
0.949237565597
1.03017207876
0.961099917428
1.08233184644
0.522088659415
1.24721757168
0.799463382565
0.51591533897
0.402244872108
0.445923539266
1.2094808943
0.82030386246
0.959963420727
0.535654074677
1.40078204417
0.800374622141
0.604131303763
0.522442330544
1.23584791098
0.806525787891
0.559959036067
0.604504121501
0.678971930181
0.545769979137
1.04346451981
1.05090354848
0.715025083293
1.16293033449
1.07218238525
0.477355258024
0.998509219988
0.702771871972
0.348024216247
0.617168147746
0.367987556251
1.26889043182
1.30969270398
0.555863112378
0.935194060371
0.618151859688
0.86041245984
0.553564913827
1.00690899184
0.587096400658
1.15508170034
0.904973404295
1.25611031945
0.401227151265
0.962911242638
1.22622296892
1.42777779937
0.671114325924
1.2869444172
0.930392132897
1.57982302175
1.05268214203
0.726542988189
0.78716210416
0.257421332138
0.886040323659
1.30088211099
1.3432213792
0.389516871807
0.868563805698
0.907711008859
0.317232975997
0.522967815269
0.935575379102
1.25482040238
1.26548775815
1.23189175212
0.71157572887
1.17412605333
1.1260422619
0.822547083281
1.11346344876
1.04112716049
1.20601676343
1.02747463601
0.521289626054
1.23024793476
1.08186415829
1.25920377653
0.936828524335
1.06327681813
1.10692544434
0.934106060866
0.704096247872
1.11588179526
0.818818345436
0.245232252849
0.892468126582
1.23948323853
0.697460263406
0.991840684205
0.585296388976
0.871850876042
1.42990195481
0.896265783261
0.769140228534
0.417667827325
0.268574861987
1.66091989032
1.34492678932
1.43127671914
0.850537376884
1.44688887742
0.73414793259
1.34648365321
0.925639874118
0.519153438645
0.78516503904
0.428875897133
0.631393057266
0.490115895827
0.678442800449
1.07776163489
1.17561220897
1.5238931519
0.642788574689
1.14225384252
1.07185119304
0.938081225355
1.49585254949
0.764052571626
0.475013003628
1.2187533226
0.484525915265
0.66107663464
1.35870606647
0.74996653716
1.13056795774
1.57363518388
0.381783469806
0.508827383929
0.423518314791
0.43845450174
1.08048158116
0.876181584445
1.08739895136
1.26476778676
0.847252653238
1.24945807297
0.636672316674
0.746912033608
1.39419587018
0.386040446427
0.551508135657
1.44364460345
1.31286652011
1.0508300753
0.291714627496
0.488821413439
0.541253975122
1.32523677624
0.808968716325
0.432234688927
0.709737825506
1.10156528538
0.655386021926
0.749668092467
1.08348442539
1.16555965315
1.16817167003
1.06094711373
1.02327509497
0.577489767834
1.1321455201
1.37315347149
1.26790301339
0.276751405754
0.877514943142
0.721128741167
0.393163626809
0.825870628227
0.34104284472
1.32161934053
0.3235430968
0.908602926168
0.695353801804
1.15570020247
0.251652353582
1.08105293993
0.794754050633
0.739766086672
0.632641949565
0.568532736018
1.20930949266
0.430497493159
1.36344021444
1.20373085237
1.06936724053
0.641621942633
0.336174563465
0.653406543684
1.10539516519
0.635127977718
0.759669274118
0.907733744193
0.861247523631
0.874524799031
1.26620059625
0.363571902773
0.680405946176
0.653581087105
0.48981402728
1.50785375849
1.22439337311
1.29285546179
1.12203655997
1.10819980482
0.349285055775
0.90633165304
0.385755475637
1.00723833091
0.809112661501
0.4899708928
1.41015039146
0.678261923072
0.548971648131
0.918172820328
0.474907419525
0.453074363119
0.669903533384
1.40533691067
0.571769208228
0.359697035871
1.33760844706
0.996551668962
0.949467757127
0.463400174955
0.758522331963
0.838111833927
0.69576242583
1.50668058917
1.16411328643
0.44960313588
1.08636424663
1.51462193964
1.02705879848
0.495927114422
1.40583406051
0.952937715971
0.465303791146
0.780350370508
0.901865854686
0.93679973808
1.25251432389
0.578319437866
0.651231577772
0.873159534877
0.573716013269
0.686255159614
0.422599613623
1.24968747383
0.475724005435
0.577081517717
0.593417926001
1.12748365223
0.680486615589
0.578974234132
0.603450506456
0.530205630938
0.576068604841
1.25958775113
0.978879118708
0.953533831372
0.625236387857
0.741100972855
0.74084049356
0.50185859675
1.24405701366
1.30505813044
1.17008204995
0.647114592179
1.26339726204
0.405461300388
0.544224723475
0.241951169372
0.700996930234
0.860600589423
0.64543740429
1.17733187729
1.10237773069
1.10353152799
1.37537902973
0.301571753107
0.888083381136
0.333448486942
0.786956755209
1.20057517449
0.711206526975
0.563935285584
0.778015105322
0.61756232309
0.66285190488
1.35607110635
0.515428197364
1.03372849175
1.23257407278
1.17241323739
0.589515256966
1.09797107614
0.758359177477
0.457391820835
0.621985988879
1.45530235445
0.665888929457
0.904551013774
0.726867242909
0.539970050612
0.50914346363
1.12507367469
1.05850653416
1.27526861055
0.491655667845
1.27533096343
1.27110733433
1.16082425034
1.4406492195
0.779543028855
0.632227063016
0.995086971096
0.659858617805
0.650695400006
0.348431686817
0.228611295206
0.250185914661
0.872720284871
0.49951516641
0.470862551509
0.534230258426
1.20444782964
1.0348005701
1.2892494871
0.866487840663
1.28585974138
0.885048390741
1.26580192711
0.577696912021
1.02233618055
1.00729262575
0.942289004772
0.608640155703
1.57290842942
0.705451214561
1.26168300104
0.673225821909
0.858249777638
0.405070918026
0.627402458018
0.665093039415
1.33541508011
0.696549550073
1.43528432133
1.27692163408
1.02766431092
0.524420480059
0.743729528547
1.56853960119
0.345298198513
0.861409605021
1.4231852568
0.510674462202
1.29671876193
0.557613975321
1.24128034347
0.908586416443
0.54749936115
0.625837417137
0.686883207976
0.432844594277
1.06112957972
1.53871465482
1.18304456788
0.69395203854
0.602489748971
0.349844147265
1.14812111775
0.947622066207
1.46610714035
1.16719032158
0.629238918381
0.764552998027
1.20559952414
0.801607424725
1.01798430492
0.678246509104
1.40373675884
1.38589219575
0.505664857266
0.281582513309
0.541237670403
0.766666796167
1.00529359011
1.47812448315
0.931925348714
0.937935240199
0.479376999912
1.11418255316
1.47978201273
1.11455223446
0.490386439173
0.601159659777
0.894561163804
1.32338412604
1.63849596076
0.828210231364
0.462694253514
0.728150208831
1.07488100572
1.36008674238
0.87437887761
1.11349837108
0.677365282729
1.200138917
1.3535621913
0.373637341198
0.408061352907
0.715306717793
0.399944880549
0.413485181134
1.29322049921
1.35412218897
0.641008295788
0.49396093917
1.07628434972
0.61008738751
1.31827758437
1.17085651606
0.369884094219
1.38103027658
0.618361459316
1.2338286529
0.596196891751
0.413729200901
1.27526146762
1.1602799917
0.459620194477
1.137943833
0.607096878692
0.556214767679
1.12656427823
0.885524245868
0.444637416411
0.694812438138
1.02344646316
1.06121771147
1.24667369803
1.21663845017
1.53600740754
0.292202677373
0.739710206919
0.786888426076
0.904820599011
0.886790724148
1.1066820043
0.873909013982
0.913063499344
0.518891562728
1.48972480526
0.448116542172
1.40724805844
0.263505039894
0.993230879573
0.525034920507
0.356683011154
1.04681422246
0.55687534718
1.09177771691
0.827418325113
1.16917273278
1.15376515051
1.16164492547
1.1670631509
0.822804398164
1.37045110035
1.30536968729
1.33121217031
0.53700607094
1.26236306987
1.24117736683
0.948962742363
0.77520009818
0.400107152309
1.2460413694
0.867226753627
0.78283171821
0.580375433886
0.73902442976
1.3589652124
1.17884874819
1.04257511511
1.4824462651
1.47073842504
0.888270387501
0.995547843601
0.742051228278
1.14966769473
0.413268315864
1.00916050935
1.29308114829
1.19560515378
0.4758252672
1.41210165846
0.500501361636
0.395445596559
0.938644322375
0.464642990505
1.10415156354
0.719385662723
0.52233552999
1.0868578505
1.15194550713
0.241540308365
1.37656646454
1.10730584994
1.32970379036
1.20302707822
1.21786848316
0.617733127949
0.457429493956
0.583325069855
0.51185175393
1.32346430497
0.220792698584
0.795609887016
0.828013192428
0.421793907768
0.547768218606
0.6136124448
0.580818013773
0.333791926171
0.430787101017
0.327866789574
0.958980901692
1.46520245794
1.33497316562
0.591136215474
1.304748516
0.655508560367
1.1403479855
0.444819198888
1.23035674665
0.744435796124
0.557034340502
1.1158529225
0.71505646565
1.38661531506
0.887712637992
0.409132926773
0.435019136746
1.20301195566
1.13449072283
0.66979470766
0.988437827054
0.545495978072
0.763876115496
1.33861782959
1.13045635526
0.585599289284
0.688512801618
0.994858676781
0.760921469887
0.609464586827
0.606828139606
0.834231816911
1.21849158419
1.10862920509
0.907813388147
0.470042313255
0.455312151479
1.33796975584
1.07892131829
0.846635158815
1.00183231497
0.875220304225
1.14850634138
0.240119713246
1.22216945708
0.756931785666
0.739506737663
0.546850650103
0.40128097688
1.11046493096
1.15775494762
0.367188148592
0.89596896494
0.941751648736
1.24368675458
1.48194774069
0.687760734894
0.807890319853
1.44087196384
0.625822085338
1.04521136511
0.951888852086
0.778184581627
1.01275011037
1.14721730616
0.41960434762
0.562529901937
1.08028947442
0.863478779867
1.11179816145
0.0849979750379
0.535082958011
1.19917355151
0.963364652988
0.511805058478
0.329536928566
0.331489629298
0.439173757167
1.09572446916
1.52631097465
1.19681569812
0.40641602755
1.14489789912
1.07852561159
0.76119160527
1.17692535025
0.398048193848
0.995754473676
0.434876959221
0.497423133017
0.981215563482
0.666076042941
1.31668435259
0.921368206764
1.01076459196
0.924710428195
1.16053104464
0.489375545989
0.415523702377
0.724044060602
0.700726350613
1.49420260154
1.18361323481
0.33645992493
0.880870382913
1.11692616857
0.363394560531
0.897398266696
1.02632870369
0.449744540919
1.19194934735
0.980523649526
0.837924063651
1.07662075172
0.561481996023
0.690900491188
0.474428915559
0.832831239122
0.875162795883
0.348181198329
0.701466815232
1.52108884223
1.05907788632
1.27828885923
1.55123591867
1.30011591513
0.328813498571
1.13521528573
0.568264235667
0.448530769962
0.741856046048
1.14914308311
1.03034348288
0.69339549612
0.806869447486
1.34018619427
0.626649805179
0.941379884787
1.10065169239
1.14959774362
1.15472081392
0.452554385574
1.12910987527
0.691508672253
1.57193729114
0.670778731524
0.564431021956
0.749469884768
1.05535214406
0.869121374133
0.886134861636
1.11001582767
0.358023324058
0.994712138902
1.58847854419
0.40575905244
1.14836005609
0.736181023045
1.25480438654
1.17721854169
0.776753864305
0.941793579033
0.594759702681
0.634102666962
0.656329775076
1.02281706663
0.772229019191
0.73135083014
1.34634842192
0.926432835555
0.445034160176
0.969868055094
1.2405166108
0.989289044267
1.42011711998
0.893208647839
1.29304995947
0.456024587651
0.526308732601
0.950370018177
0.817023410859
0.952411447923
1.06460876466
0.974619304277
1.24662299145
1.39165972556
0.999857637716
1.00726889215
0.245608914394
0.897000779422
1.48957552875
0.297401749486
0.464960525359
0.959490853612
1.03119426753
0.881526371112
0.555659962426
0.852904794866
1.29168037589
0.919722016579
1.04888491231
0.780623233768
1.13471963519
0.803425274544
0.964764680559
0.597096759564
1.47842779484
0.36009771071
1.17079983848
1.04734850506
0.61831420598
0.669766224763
0.656030801097
1.00769290297
1.24030279147
1.19149828742
0.98263584943
0.366716979676
0.326867887999
1.46522376409
0.525842476576
1.58674901376
0.36236244667
0.542556311136
0.390303395638
0.525858156755
0.966796552171
0.929375816103
0.715646716867
0.751722432299
0.955513366253
0.603912097077
0.884826875036
1.0568985986
1.49109617474
0.523552250347
1.09623522983
0.475604790195
0.91439403567
1.10798009619
0.768936161598
1.1341617945
0.408254718082
0.477052628988
0.435031270186
0.433328299151
0.790297076986
1.1098613594
0.944668705297
0.679897591373
0.898062134838
0.723362149168
1.48457658084
0.416106038105
0.23503376596
0.840901332751
0.26835278548
1.26489979982
1.11478954066
0.537078178108
0.48818684136
0.765554809929
0.409422854469
0.275823590227
0.603029707164
1.18297830721
0.993597042256
1.16104925047
1.02033255371
1.04140499385
0.985746238716
1.3337690806
0.708256726165
0.619102015257
0.89093205958
0.824947309833
1.38190475863
1.08601965739
0.920957901243
0.878070428567
1.29296070569
1.16392477217
0.369028719333
0.418685933435
0.505704815787
0.911293666767
0.561456954902
1.12428640732
1.08706359606
0.761196797866
1.29410197305
1.18019638997
0.42371852366
0.718948558222
1.27025035594
1.00549606775
0.354578598197
0.870291307055
0.837289133064
0.760483097833
1.00952081879
0.427202964928
0.898912024619
1.08562119636
0.931814629038
0.209532724098
0.732204517554
0.542794387693
0.597188312856
1.31524574408
0.672610250762
1.11134635558
0.368812328032
0.549280922365
0.742041959876
0.48978379892
1.0137622114
1.3563994114
1.18037018141
0.535776620115
0.957237897099
1.58424806668
0.933972674472
1.12961052327
1.37895339158
0.497645943099
1.11481234291
0.464918717741
1.32844239042
1.16014810161
1.01223085383
0.840034999445
0.36661137448
0.504935852521
1.06507667211
1.04555456275
1.2387164402
0.563211869787
0.907392428547
1.0822612536
1.16322370603
0.925326365913
1.10380363441
0.598115061199
0.574341405473
0.612058701044
0.544791639737
1.16180184295
0.990099380288
0.584672356915
0.990297776215
1.14820221956
1.25814234879
0.493408595737
0.143564639614
0.57495812982
1.06981389574
1.3149358488
0.815984107581
0.816538932301
0.459194608267
1.29472814829
0.685575154897
1.21041901038
1.37309900759
1.59945848089
0.638919120002
0.305916963048
1.21752996954
0.462211531454
1.12685450169
1.21222180648
0.43386428141
1.00719361387
0.853594981685
0.489299081527
0.220246638736
0.987389264976
0.607122244711
0.790292965212
0.594894751986
0.571276690261
1.07419192529
1.12455758946
0.418117533622
0.590684429144
0.64333316723
0.437063663628
