1.24742073071
0.764697442028
0.532065564747
1.03647744403
0.821445418504
0.317952950068
1.16516633827
1.26870925826
0.818268896215
0.88831925547
1.08571403938
0.858476624558
1.34717195092
1.2423584713
1.22095081955
1.4283881321
0.444499942989
1.13257787176
1.19253588596
1.15476416989
1.49827387696
1.40551469851
0.777905719815
0.418100919809
0.793433252876
1.2644592646
0.430020149676
0.390045810447
1.39550167599
0.777961717265
1.36460115131
1.04263160328
0.598143383608
1.20003895951
0.7013759532
0.514829157978
0.873874622604
0.528339158311
0.857690352687
0.90170755488
1.04699682757
1.28697063417
0.985298916446
0.902822458818
0.303944794815
1.4372832184
0.631191022142
0.892174942381
1.04457962481
1.01917264355
0.611880675212
0.976967481067
1.33410219628
0.902940968687
0.324104694238
1.48246455809
1.04351411273
0.850422000681
0.623425102838
0.701476026582
0.827916265466
0.972826733593
1.03571718625
1.04053172289
1.39961194627
0.510353872225
0.918652615219
0.491338204944
0.843655577474
0.597979870476
0.518358361409
1.63298187229
0.889594025678
0.627581768457
1.07572316782
1.05315541741
0.945235105364
0.874068998336
0.469721221383
0.560685985763
0.892906743491
1.18103661005
1.05943001089
0.510645244514
1.17981378682
1.24527432131
0.716364511078
1.43505482328
0.76592511205
0.617512099769
1.10369291736
0.63159625469
0.762307125921
0.813698398709
1.44229827538
0.655995094294
1.10130972593
0.532113605732
0.435316935813
1.54197704784
1.44210590814
1.14897558029
1.24361057579
0.857267564623
1.49066975738
0.667029582743
0.815812294165
1.43767285477
0.428292699714
0.985409073093
0.705154414541
1.39501144862
1.41309222991
0.978830837669
1.31390506517
1.07388000116
1.04815960837
1.20752028275
0.600485985018
1.28771706012
1.03959486135
0.879098895864
0.495942731453
0.728251752143
1.09246900135
0.86591049459
1.3711724897
1.5559581913
0.66940579575
0.435318006376
0.706833772879
1.23759127089
1.28617967829
0.623489331468
1.30204855082
1.05665647856
0.602326237132
0.744772384813
0.571201324372
0.359919446444
0.193620053344
1.0079213226
0.507280015088
0.426144138018
1.08627919043
0.293009713296
0.80003901849
1.10218320489
0.56270075448
1.03214597488
0.551550094613
1.38511286266
1.653338221
0.948127071041
1.05739452394
0.686640569047
1.09988043981
1.48486813022
1.00074249606
0.707729738602
0.705291218632
1.40318652805
0.419199146922
1.03490777104
1.25658662299
0.715805405105
0.615948215118
0.933121872986
1.15310965976
0.883068283416
0.914609129306
0.371425275913
0.611597191329
0.852549295422
1.06283500696
0.241066823313
0.866731178321
0.334890456079
0.950606961203
0.739625180775
0.73786518214
1.31988104448
0.341132002735
0.950966605078
0.679420101095
0.88280610088
1.06006707586
1.44125818626
1.14005912663
1.3225592105
1.02622756858
0.706059448103
0.82694714567
0.43321949083
0.642457712648
1.12184003422
1.01769703917
0.867729066805
0.54695241766
1.11833543095
1.15446536253
0.762644327655
1.04102610418
0.61931589543
0.29478639653
0.483403256991
1.22187138915
1.32469170344
1.16457810757
0.397386279813
1.00036501478
1.09472061143
0.672155963261
1.17063069253
0.397183454836
0.304802819661
1.3037377808
0.918889436378
0.507189589684
0.502962066761
0.553231604119
0.895730339471
1.56188076526
0.531414604288
0.41400102986
0.349656365235
1.61130501024
0.698602824644
1.30358846579
0.884649629127
0.749072301344
0.5524701487
0.804098277213
0.383092637561
1.43152389015
1.14787946932
0.952208748521
0.539729782388
0.460118851771
0.645233041771
1.20539210778
1.71328543282
1.25447093217
0.548508981599
0.506128297993
0.813440991838
0.467317125927
0.667695461987
0.968744320234
0.359879828567
0.993974020604
1.41785615526
0.470012146749
0.76076162365
0.372907025351
1.06798996242
0.309458743721
1.42118239742
0.692638456172
0.807831745829
1.25709042868
1.02045875597
0.387660122484
1.03751571026
0.82189583767
0.974866186956
1.21316357556
0.595129296096
0.911980502356
0.894719318815
0.654864401632
0.834620164467
0.438642544088
0.625694226547
0.840418775957
1.04440861836
1.12762684465
0.562323467462
1.09243845194
0.942714392939
1.12742837743
0.596409196046
1.21110843237
0.422321185507
1.10056931422
0.545522495031
1.3160687003
0.656856939637
1.12958879657
0.825375186218
0.458916912897
0.818424884161
0.879733202748
0.311801658025
0.905125475347
0.768155365816
0.554083171608
1.21359755426
1.03065363556
0.997577297045
1.48696969717
0.296683621445
0.570364219616
1.54708191973
1.65974727383
0.662769910056
0.352347005891
0.355512920623
0.927728919777
0.674145454213
0.450883739207
1.25754829617
0.636113185757
1.34401980819
1.5137596333
0.788228245296
0.417519427939
1.1001542424
0.896474542693
0.599846150662
0.753647059474
0.730642971345
1.13112999451
0.625366188804
1.20953820356
0.716099786362
0.431655136583
0.484889464278
0.804628904422
1.69492106351
0.912525748548
0.976430144435
0.754041850618
0.799998542156
1.06656299747
0.738255948405
1.16498115395
0.672528964791
1.02464550232
1.43857227874
0.483176790082
1.05373582795
1.29930428746
0.63759887841
0.588811206875
0.944269370898
0.812543835814
0.589507418681
0.649170210709
0.970509243284
0.37244307274
0.519987362558
1.03299072168
0.973391124159
1.59558677634
0.788081317673
1.1349572262
0.656996529097
0.563683351832
1.09410234988
0.450605753257
1.17853729873
0.939318800314
0.901238261911
1.07367656653
1.16350789139
0.683212135712
0.547903846305
0.656730669472
1.28514410348
0.7890156467
1.11303011956
0.825294587424
1.14968778864
0.60843447774
0.816162173393
0.520590245808
0.530075999954
1.13767559607
1.37007735787
0.955006251587
0.775645534841
0.911504266809
0.827808729421
0.403669915041
0.460123653241
0.640977416389
0.425516313484
1.42344808616
0.880168056372
0.623088858229
0.827986656938
0.372632081997
0.40128206754
0.42216578911
0.750482084041
0.398606678039
1.30019900517
1.39474772528
0.78600225832
0.743431351025
1.14448924902
0.396754590377
0.618478302476
0.399366808679
1.36088549483
0.794800373766
1.32630916549
0.797973999967
0.203116956223
0.705915595504
0.233887465648
0.713773098817
0.750577202656
0.999446336529
0.638715393351
1.22288938595
0.5977282397
0.482652759069
0.718546932163
0.99057751442
0.504445847513
0.370022994277
0.5596631082
1.29714317544
1.22430646312
0.869901222497
0.861152713997
0.620317157359
0.359977175567
1.13444999958
0.432656155328
1.08543445398
1.07325081174
1.01430822783
0.428568228059
0.898293971311
0.288009498664
0.963477472933
0.639329733266
0.937343583234
0.291733227717
1.30414606154
1.38511949624
0.912696238244
0.453365183681
1.02930563983
0.980624085582
1.14889901938
1.00722631084
0.207773953444
0.45271046327
0.722420939716
0.544642683619
1.24337034462
0.716935766525
0.446158443983
1.28612235151
1.53402115383
1.20329400919
0.614350090201
0.869185470335
1.18464540917
1.04609711932
0.953074228762
1.03087522118
0.90239803585
0.799639386705
1.07397216
0.643953163693
0.624667501072
0.267213010063
1.56300312136
0.377642743109
0.792218661864
1.03515567735
0.558769751781
1.13696864567
0.866035097467
0.499026005708
0.91262218053
0.500112939471
1.45363778404
1.13058810561
1.01422780369
0.499571685767
1.07277031609
1.34734980508
0.54792402914
1.15619345438
0.568764659837
0.776799636355
1.02928229514
0.820445804376
0.379192676967
0.698838897167
1.1733096535
0.409137976747
1.12653552441
1.37407649266
0.383178425248
0.480732543911
0.433074984758
0.637844531014
0.775007911312
0.851356298837
0.816584978693
0.802251233967
1.14755187582
1.03128740907
0.881195572498
0.532617273196
1.196924917
0.663695435411
0.973762637008
0.524632902119
1.40435388595
1.28723226335
0.856076133992
1.01890869012
0.675700074783
1.05381742953
0.406900580102
1.49224004231
0.582763864686
1.19796353629
1.57694387098
1.38186433474
0.39518597329
0.555509585553
1.22070773839
1.3008363515
1.27566423027
0.824319505687
0.629045280213
1.13469892929
1.64011229242
0.912906207106
1.2292750212
0.99948987252
1.34753607799
0.942394376794
0.804564061794
1.02739092088
1.45863564069
0.871393938863
0.540774866569
1.2431067579
0.799673796696
1.10155650543
1.049610642
0.656348929894
0.889053942659
1.06412618566
0.154936135769
0.593525674209
0.956369057937
0.925386011607
0.771738441488
1.28684400011
0.565066315721
0.759188331185
0.800587133615
0.522443522921
0.628106946022
1.21986368272
0.168129943314
1.19497173521
1.08644175595
1.30311838081
0.519384109982
1.02158537616
1.18543588727
1.29202372325
0.933863548682
0.905583038806
1.01559375966
0.418297610858
0.881821126637
1.47939247277
1.20945248512
0.656513002697
1.33885789455
1.22211020126
0.704776905114
0.802778689289
1.23383118668
0.90633870432
1.36731535408
0.550933544862
0.736389205162
0.468162032394
1.03579247642
0.5497521548
1.29496233094
0.951071461704
0.858471164537
0.48631721227
1.38905139918
0.919973300677
0.62226864103
0.543730838007
1.5150808063
0.738024063466
1.16953645154
0.896958770693
0.866250267738
0.725121829286
0.661435008579
1.28248245851
0.526524932808
0.839772930671
0.967210301436
1.40676761907
0.753846108061
1.2290319984
0.763838094072
0.639041866371
1.4590395799
1.0358589648
0.803056395873
0.967201074094
0.661366314911
0.665922102423
0.468115507146
1.24867935942
1.20661286373
0.504511942464
0.397021107353
0.706005047769
0.625523040017
1.02642136787
1.07077669665
0.782669033977
0.519741244411
0.552559036778
1.37400452512
1.37112812368
1.39707299697
1.2441023205
0.382106882747
0.688714565496
0.865823743419
0.903996664749
0.888750509201
1.27668549578
0.792152536457
0.404299252055
0.436693274285
1.2614439402
0.575332180411
1.35147342958
0.558855377083
0.194491336759
1.04008382988
0.375923431776
0.914473478714
0.465512627573
0.524780577201
0.312706985892
0.528845778817
0.629271381988
0.92039927302
1.41019934485
1.02642019491
0.829803055682
0.919528179768
1.33164806245
1.07613556533
0.848824415316
0.898649489525
1.10761417681
0.730401232167
1.46208074216
0.521780802203
0.890618201969
0.550354022273
1.34510127658
0.526521227561
0.993368541899
1.18025368169
1.38161461044
1.21875107315
1.30571891063
0.123467249694
0.261969217511
0.64494627674
1.21430042008
0.584265659803
1.21987660177
1.01991158744
1.1897343777
1.25027846856
1.27225479565
0.981731140322
0.555060887826
0.626254709645
1.05134859436
0.707363584414
1.24299328512
0.196345617082
0.452458509954
0.701785363515
1.39643230472
1.05689536905
1.07993943429
0.922741522917
1.03618721051
1.01085543149
0.565347708503
0.656412808156
0.553987416339
0.805332132239
1.36625821756
1.09132950796
0.593554703103
0.482642590455
0.486427591787
1.4625967557
0.821575700833
1.05088090509
0.582657663572
1.30185473337
0.511260442257
1.45758758514
0.64168428056
0.542522180125
0.929824760832
1.05025672147
1.20422471417
0.870115823825
0.308202752496
0.465713226858
1.09180073421
0.693951785253
0.884657824891
0.334326756399
1.407480357
0.58292369279
0.371034492225
0.777443720254
1.0880873082
1.32607019685
0.534457047956
1.01232492019
0.499432444766
1.03130431561
1.02141134232
0.601693205783
1.51638354145
1.16272416398
0.366276947092
1.50677508852
0.841752698788
1.24901125637
0.944118776114
1.24017303436
0.592414245139
0.381146837065
0.578694775647
0.656987148807
1.07112524165
0.602820103836
1.15998291638
0.910192965335
0.796465777987
0.615143438205
0.558037191471
0.27451657756
0.628992574373
1.02125289488
0.601060081128
1.22508071174
0.695962516479
0.71570519995
0.263486248007
0.360467903644
0.889114511535
1.29473265329
1.48691075802
0.84243415839
0.977565734569
1.33293816025
1.16571805245
0.808765215521
0.850016491093
0.821444008628
1.10328485222
0.784995760032
0.903331821554
1.25877517027
0.469680637995
1.15096939481
0.689874975919
0.808423838442
1.23411168686
0.326027127016
1.29074484328
1.21635266924
1.35459276558
0.650518923622
0.888772237008
0.428560712862
1.19105310565
0.829025829808
1.41621548267
0.932215675019
0.674407260484
1.34448004958
0.356041704357
1.2293692464
1.54418785877
0.468199300649
0.588942259955
0.449606957887
0.55552679317
0.519299412761
0.888415064973
0.815046722378
1.54642587115
0.536524583741
1.24257847504
0.610054509692
0.796857385321
0.97991830618
0.248351259081
1.32751960596
0.660014165665
0.371572975445
1.30220287939
0.358861258495
0.38307568601
1.00206056521
1.1356694944
0.962137786833
1.47924466309
0.628339970622
1.11592564394
0.461004227206
0.582927062988
0.2557949676
1.57354274901
1.28551097128
1.41769185283
1.11264629428
0.538215260889
1.20581298994
0.666030631112
0.687150807714
0.501803805087
1.13797621946
0.663033784695
0.313989791764
1.41846525067
0.437444146494
0.75277760678
1.36662962838
0.454992710621
1.18413589806
1.41000860592
1.09263033305
0.71687743321
1.0731620904
0.451217060966
0.899017962813
1.01671409805
1.02379216352
0.639887701029
1.58009888978
1.56525598087
0.668985033689
0.610739805476
1.12959825939
1.45100404695
0.630705080942
1.01520039701
1.35955336706
1.00503352241
1.3679246717
1.28880098542
1.02907378205
0.619211320893
0.947219191733
0.423673446145
0.814236528907
0.38530552766
0.706305795289
0.552475524505
0.620907007159
0.808109991579
1.27602543942
0.465665084974
0.548758632462
1.1819152121
1.10400363163
1.17698101028
1.07340965976
0.917501911347
0.998900069936
1.32953478149
0.632232670649
0.547184633015
0.823235145526
0.659324424694
0.407885398236
0.858019277451
1.08190794168
0.575204780566
0.81929173649
1.10360147524
0.820346854919
0.49203283444
0.470203836417
1.16941530932
1.29775259835
0.883453362605
1.47075257182
0.898571638308
1.24575728171
1.25010654009
1.36910479543
1.16957484541
1.44057720768
1.09537676374
0.57712445304
1.18521654471
1.39192660182
0.522641552992
0.89062058844
1.50825190411
1.09276199962
0.412598854444
0.849524756535
0.992630573982
1.45480330603
1.46425882196
0.878473706255
1.03991497938
0.894999492012
0.695160655206
1.15836643552
0.697477046512
0.741587709411
1.23197465323
0.659909392153
1.03670243121
1.04848345235
1.39966487099
1.47006099081
0.678190725943
1.26924317119
0.309626378523
1.16060508615
1.35960972692
1.15242176958
0.482693663268
0.655498479438
1.07337749808
0.69928527741
1.13786333303
0.819679768446
0.798831339526
1.04755911449
1.00797253392
1.03184531549
0.66836137673
0.72269354203
0.655551443686
1.51687092374
0.36616712625
0.82244122799
0.573317279013
0.953723506518
0.507582300775
1.09503359312
0.585483651899
0.721070021822
0.969096166531
0.906088282097
0.401777920754
0.951585492366
1.46003278478
1.34014407943
0.941480998066
0.536446584856
1.2992591412
1.32426747253
0.668305892633
0.928233622775
1.3151340305
0.765362732015
1.19761605661
0.440157972817
0.543983185007
1.25674539799
1.12623535083
0.405497447038
0.835509919492
1.19931088927
0.238754862976
