0.685647584311
1.0386438997
1.24536378987
1.41161722748
0.780887312811
0.61649783928
1.16570664709
0.565503631965
0.312289217416
1.04547874843
0.717903437346
0.532542591784
0.906091500217
1.21917504013
1.33917529334
0.665343624247
0.802379103809
1.14328828161
0.888905653435
0.920879656362
1.13349465986
0.390463060614
1.02807598118
0.758742225317
0.997276985465
0.868034674762
0.588175105906
0.695888140784
1.00968983394
1.06426835188
1.00177226595
0.373999310841
0.976266233552
1.05170154405
0.488499485334
0.995837121853
0.343647734257
1.15031707407
1.51605170047
0.936262415617
0.353789460651
0.926910992857
1.15039553823
1.15655707656
1.13433998424
0.807033748507
0.877841023038
1.25626100172
0.662502316363
1.10979628117
0.543710063419
0.964085862164
1.10674320227
1.17716151171
0.478377345059
0.719189382798
0.697096434069
0.629680465353
0.690813670592
0.529295380813
1.34001099023
0.764040450653
1.38377824515
1.17414171971
0.750564344825
1.24342098226
1.16181674508
0.425714113102
0.864566357666
0.902982549347
1.02298861473
0.64134312285
0.813714493951
0.538412125837
0.994805620837
0.753954615486
1.27570582538
1.1746090287
0.283156733117
1.31431959917
1.24506835504
0.280162243476
0.629885433543
0.461183032446
0.792748359981
1.43582109913
0.446116905009
0.697905683052
1.04388270737
0.48118245634
0.262726592356
0.918552033913
0.792707403242
0.62789617896
1.17463892309
0.764754693389
0.943039575722
0.747168999375
0.741745999944
0.664724466621
0.991891149226
0.263256382448
0.802486490196
0.971931883291
1.01784656092
1.16789630093
1.10281926233
0.598046574579
1.35694131394
0.316101483267
1.18820000385
0.300652405004
0.510250262251
1.27538692425
1.01677403803
0.458387859572
0.431182949823
0.92832694072
1.34215862561
1.40880612288
0.778542899752
0.479477885223
0.497313920247
0.552326350535
1.13752625352
0.646413250921
0.456084105395
0.483968333332
0.542756171062
0.740398714
0.850328012345
1.1931027232
0.362665642193
1.15867803387
1.34187091515
0.573195478275
0.863649178959
0.949487743123
1.22609803878
1.31674311665
0.517912675953
0.461196588325
0.651915663837
0.695052658296
0.592136517789
0.59323981045
0.913657272354
0.416011386071
1.03598617981
1.03407931074
1.05075750126
0.986867632416
1.12821479868
0.367521567574
0.964260319538
0.690031733513
0.372694413237
1.41625453829
0.829652808746
1.19092755974
0.519824593612
0.782316066641
1.37243311374
0.937279266116
1.05335957463
0.513851442652
0.729953914037
0.295529843859
0.919835083138
1.12762211726
0.362035128371
1.06127285448
0.416114633589
0.588069505762
1.15533181101
1.40866721772
1.05230804633
1.13720496064
0.441180475889
1.05674990946
1.05393769148
1.24026468628
0.423864833781
0.687521053735
0.943717389247
1.22286852333
0.734804736937
0.816312936855
1.28032976279
1.02932633118
0.583952849981
0.448856410237
1.41839323823
0.514510324895
0.777390115459
0.656575227105
1.07082752389
0.817743169268
1.17888959995
1.0325405807
0.789175908098
0.44950877258
1.15412465891
1.00049043961
0.525108657957
0.511494290448
0.599557612876
0.646282964505
0.387786173436
0.791307187271
0.694884537752
0.922287470618
1.2800848456
0.479947068475
0.818212223231
0.583850117543
0.740990151115
0.904235190777
1.64071794234
1.15502976034
1.42812251306
0.907035539461
0.85194719184
1.19723589403
1.14163664579
0.753574048534
0.558695004367
1.07998657882
0.511152294477
1.00525016184
1.04406406504
1.15462878306
0.547230673208
1.4279380517
0.615147838374
1.18194682646
0.753167555591
1.13590573358
1.465751533
1.01032285717
1.14419987971
0.425632233747
0.699404432355
0.479157031466
0.638098167915
0.818830861678
1.2545148303
0.683576944094
1.24042499356
0.879084164042
1.01476550612
1.17797409823
0.516356528494
1.17011400364
1.24345456079
0.953023427311
0.580232721546
1.31351515607
1.31723719882
0.827024878472
0.604220155705
0.512649031716
1.2083973813
0.647204041264
1.12274443802
1.19616870103
0.550830451318
0.625518642046
0.447643830113
0.570874057825
0.901854058685
1.020504272
1.44026745497
1.33717825215
1.08793214357
0.636193478877
1.09694122015
0.427908791478
0.878209904983
0.625158763387
0.793258746634
0.860098747295
0.795216033383
0.285014376319
0.354236566216
0.608500529298
0.386021474626
0.725233194179
1.2412617609
0.499226811931
0.852433537588
1.09271121412
1.11066679035
0.776499907739
1.15986976533
0.492202577151
0.273705579344
0.97773654727
0.820204237041
1.23069499181
1.38300189065
0.418536690643
1.01232593712
1.37892421002
0.931726648301
0.657302933907
1.16552978678
0.910377114897
1.16254264787
1.04330511421
0.575743662748
0.445697876143
0.487479910476
0.468856023699
1.0938996553
0.792880928772
0.588056104161
1.2704305672
1.26185112729
1.00578203164
1.0902503951
1.56176480897
1.56401501709
1.25777520018
1.19831407677
0.677117469359
0.498255842286
1.03816768723
0.87315509336
0.786316340006
0.91296897538
1.24412856762
1.20954104495
1.48374780887
0.449207943961
0.984105181355
0.661756774809
1.04925429021
1.17026304159
0.43166409989
0.532289797978
0.819958892486
0.613390665473
0.558205344889
1.63780675457
0.437147419183
1.14256076775
0.632448176092
0.909132918736
1.25378998894
1.50106642103
0.338431053561
1.09157878481
1.23459677146
0.426545201449
0.957739038147
1.36037161289
0.36871805462
0.859076597139
0.841872614211
0.290105817849
0.605680231041
0.464024407858
0.568273342807
0.991513087306
0.480978705287
0.753065493413
1.12010040737
0.528783417327
0.61880582131
0.693148825943
0.912245507908
0.864203599111
1.19157020376
0.374909357198
0.755110361394
0.977118037457
0.862704083358
0.713184291408
0.960030317223
1.54479857216
0.378396119912
0.595567923811
0.244174907945
1.02934138019
0.3736083487
0.489802636866
0.845776645409
0.495303338109
0.408393928606
0.108750035283
0.76648457589
0.483489032225
0.53221148798
0.706994615331
1.42251947524
1.56330224356
1.35356301285
0.770069464335
0.734489466376
0.878743338165
0.539896675034
0.498949467336
0.215517741859
0.84775646184
0.619271391286
0.948801946281
0.893952650307
1.2206286978
1.02941188484
0.750217014406
0.628913118752
1.0797838536
1.18064096729
0.663725172192
1.0399205177
1.25190276721
0.837039383004
0.938055774236
1.58386872217
0.928088201334
0.739209253883
1.10085764274
0.91822744991
0.385355373617
0.50669692337
0.489209433336
1.10264104826
0.408719784725
1.12814787041
0.657500283171
1.44675163478
0.648835821202
0.751439910614
0.367931955456
0.43305733795
1.66055361066
0.203172427364
0.558076220066
0.882943781457
0.978782057364
1.04924178222
0.601560129716
1.29406943854
0.446399602745
1.25522757868
0.870667103864
0.596484228957
0.515383583702
1.33862255165
1.10378630675
0.882370915814
1.32679042139
1.28391070401
1.40623973854
0.458919927076
0.444963966153
1.04518731088
0.56741669565
1.090260856
1.48711394637
0.636644353469
0.570700253614
0.635863936429
1.31055681912
0.647385619748
0.830423442105
0.943121645368
0.95952345032
0.640959257095
0.426314958759
0.425150020456
1.18850031043
0.684961415871
0.771153048383
1.09914987847
1.43757112849
0.708495259682
1.18566368112
1.21663336719
0.825117020807
0.787318575625
0.719926903945
1.04462732541
0.995046508417
1.17751080985
0.623373662746
1.46056558314
0.236867592014
0.755724480343
0.676894092778
1.12100897229
1.06549380852
0.989636832164
0.536820709756
1.13110096033
0.893543209938
0.502609294599
1.18805815142
0.452642643513
0.978938865208
0.335745519176
0.343466392696
1.39521610385
1.09273002307
1.35533598154
1.5952054166
0.721931104671
0.600187669583
0.854561513447
1.22803502772
0.772903303555
0.349977469494
1.03273820741
1.32978253956
1.21983013175
1.27813974257
0.933610903847
1.32559647525
0.689623254975
0.327873053967
0.613649048281
1.19382612006
0.597556241777
1.02932429425
0.777758058284
1.51312092453
1.17033211438
1.26227243738
1.51296061029
1.03761192777
0.924733544661
0.713749633532
0.671421179035
0.805401154643
1.19900336328
1.36189676768
0.391687184548
0.782005355224
1.13433361999
0.596817331762
0.641573028021
0.444031223656
0.776503567766
1.20168385614
1.23716223366
1.33940907223
0.869240547616
0.706339200831
1.04949128582
1.245966224
0.569558715402
0.393699173123
0.38283187742
0.657858536074
1.27533551433
0.530895382325
0.659771883512
0.538279796196
1.00423172359
0.420206206264
1.25174409982
0.564955850526
0.788798836998
0.247750727289
1.30730118866
1.06206628423
0.494415364568
0.419382379961
1.37672001077
0.913196498389
1.22361153753
1.09280752818
1.2870496083
1.09641184017
0.377997876042
0.398502151808
0.703408845136
0.886368846919
0.204268981587
0.519725224317
1.29673540603
0.577168159147
1.03431682727
1.09674623338
1.22645631687
1.12457874857
0.470769735738
0.713233244786
1.14411071279
0.550269023638
1.24915487044
0.387297828169
0.803620169761
0.896287372129
1.34585522561
0.724083573292
1.08995432168
0.50912174616
1.44096360257
0.373816879376
1.47766938301
0.885080838449
1.08341560546
1.1197352186
0.302608151119
0.777881918478
1.47497568386
1.22185242948
0.592674353314
0.399595520129
1.20099633272
1.16299213975
1.62277532212
0.627069693903
0.928879027566
0.878225196091
0.423629027285
0.717400950983
0.884521265959
1.10845545736
1.29070486605
0.879273938117
1.05322075949
0.722731395844
0.692901732782
0.945990177744
0.46907640224
0.949005085952
1.1746125634
1.20642966447
0.70977242646
1.4897386809
0.563589922223
0.322841687244
0.962609028449
1.21396446707
0.473787125125
1.07084652337
1.12559524968
0.579723445758
0.83974628449
1.121016988
1.57929013371
1.29678658876
0.505307365509
1.20154486124
0.42267059924
1.11858930808
1.1215774326
0.712754150326
0.561282334454
0.885292296437
1.32524331313
0.329862521784
1.39002269893
1.0326363525
0.974949703674
1.56490734938
0.617120041167
0.291979002008
0.536159236862
1.04485378319
1.21974502723
0.477493440422
0.815170730788
0.689505157627
0.840372927712
1.2779678009
1.07590926807
0.892524119231
0.962189383904
0.592257054844
0.613914434877
0.477205078423
1.05249150768
1.07503298786
1.56824736629
1.2207848176
0.846588443898
0.782129470405
0.398638771146
0.612566832914
0.400480882869
0.553076916332
1.10891256041
0.940227810382
1.04449701853
1.04985153549
0.936477687633
0.894120497415
0.846512184084
1.05531770119
1.32958526595
0.385209651176
1.46942432661
0.516464689158
0.371703501341
1.25597113415
0.641678363021
0.599674098197
0.370454174201
0.52470619895
0.500434991007
0.391049237411
0.764808039866
0.71793864797
0.424408557431
1.00459603407
0.844437824078
0.746227617868
0.533553389984
1.59974672553
1.57999385854
0.95338704528
0.55355268785
1.08845850123
1.3430499838
1.42425739287
1.47351813118
1.0103576728
1.16725313014
0.887060921638
0.94276050545
0.879021954021
1.08784558822
0.534852184388
0.60766286889
0.979020236096
0.543783280419
1.35462128458
0.850921040634
0.57359042345
0.367002307219
1.01580543778
0.607304004468
0.994523309849
0.521553049874
0.579991438837
1.28337743029
1.34080704089
0.747585272885
1.35553923753
0.781878333493
1.19131279614
0.504495227766
0.579385923615
0.364121062768
1.08696765729
1.0856569677
1.33114438183
0.341495097661
0.421933646126
0.897230798013
0.348941590501
0.445835075999
0.985577241587
0.954510345923
0.397754801385
1.13805070984
1.57104232196
0.580918812386
1.39520993512
0.626223903617
0.764972711196
0.922572192928
0.706727756625
0.492698869258
0.745870908095
0.637253851649
1.36163579824
0.417345738846
0.690656138565
0.768726490189
0.70239066434
0.826339202757
0.794847981061
0.469875470894
1.28456044024
0.796371815999
1.04602308592
1.36743647747
0.346317471204
0.453062668548
0.791992124561
0.867906688351
0.768690231215
0.486577888531
1.34043819629
1.09164174211
1.36443783272
0.456279061383
1.07883579118
0.551326452355
0.951273270237
1.2537807997
1.24548410595
0.410782949361
1.01936869366
1.11140916438
1.33452351728
0.688395393613
0.73861074937
1.10631307018
1.14118886184
1.09401618526
0.124482038975
1.45162021679
1.11330752368
0.897496859837
0.926207303284
1.2444191322
1.10840864551
0.69782367061
1.15748734343
0.714881104389
0.938949169277
1.02706170658
0.558382312254
0.822393900103
1.03763878951
1.37884695737
1.00695193374
1.06548489184
0.491696516042
1.32510068805
1.43698331446
1.11720516686
0.404553910324
0.7811620069
0.279768344883
1.08345994014
0.797108139367
0.272320968108
1.0110301211
0.94712673548
0.67184913476
0.89974691055
1.1452180426
0.709389866758
0.868884986209
0.66092927986
0.777974237438
1.12091114238
0.3278212793
0.485725450862
0.620954965021
0.622141593431
0.919516183935
1.33901080132
0.550931044108
0.554162204354
1.33138432756
0.871177400072
1.08715300924
1.19801280941
1.44883020978
0.84882603827
0.861290135039
0.582394084786
1.14181664421
0.895299010464
0.597368355383
0.582333431345
0.939641621358
0.264448927895
1.15403676692
1.16829469526
1.14935823911
0.395275319875
0.467729555638
0.793311548399
1.16950045958
1.0946542831
0.650866990676
0.914119204233
0.716884921703
1.09895677716
0.733431099574
0.977500995525
0.457503546957
1.60874800635
0.619752856676
1.22850422059
0.852711941925
0.862002264699
1.12959827818
0.36725958528
1.06976258011
0.65788798227
0.748623344745
0.91923228089
0.35256191087
0.990890755143
0.540797613218
0.423540251656
1.49973593161
0.713729513471
1.00868170482
1.10950792598
1.03474893099
0.736291060951
1.13411974339
0.648457397916
0.38408711036
0.556166984824
0.753101347351
0.557261675813
0.390952529755
0.842206374586
1.23447774948
0.904770839124
1.0317954042
1.40360235181
0.665984645579
1.11935024934
0.941425030185
0.642058409058
1.11937112238
0.754999190502
1.0924468159
0.413064454008
0.767734922511
1.43004517825
1.21167046512
1.39964132619
0.77652899358
0.67544830564
0.587331030196
0.644123021164
1.11584629042
0.389028309673
1.56214478285
0.559051970507
1.11192172739
1.20330576186
0.670926269673
0.453354488474
0.734544261663
0.352967685557
1.06154572596
0.574429385761
0.671345631834
0.88230856023
0.809941228404
1.26031587374
0.516073796621
0.889295865679
0.857610869523
1.07004165967
0.406121563562
0.778596482479
1.12821421767
1.27707532659
0.734547248187
1.17829672774
0.786332809562
0.462365000673
0.489651610612
1.05118281976
0.350694387742
0.567778130741
1.3765991849
0.61737404625
1.35193868844
1.14601882454
0.524021578889
0.526563755933
0.458853749705
0.739464590664
0.507591119653
1.38035392443
0.669179667868
0.902187836934
0.638726287032
1.05689879383
0.363996178263
1.24304103242
1.35151207968
0.95788695867
1.30810272713
0.808657618395
0.302484904508
1.01398478032
0.636207164883
0.941273360835
0.678196063578
1.19215254896
1.33647474643
0.55704943573
0.560210052862
1.50404270131
0.729517896585
0.641510444346
0.565092233734
0.399597581334
0.465225942351
1.25710507393
1.33177313021
1.29846429852
0.420144348642
0.815664684186
1.37931220752
1.04222876268
1.62450790762
1.01842796666
0.859244488204
1.10120813047
1.1051598427
1.13715329252
0.360167411915
0.910881328762
1.2994798009
1.12315166116
1.04769760115
0.651062176973
1.21857442605
0.830864843097
1.10572749333
1.08571466663
0.700777075292
0.600341988605
1.4397005332
0.548448134046
1.08493402985
0.402813913198
1.05437457914
0.804078692758
1.47249221757
0.794933746181
0.720705951082
1.57589028525
1.21778490816
0.896377230377
1.36037509924
0.290656167555
0.791870741451
1.26469969498
0.715217063963
0.79283862556
1.45779560938
0.761610577009
1.16182277241
0.283581820686
1.18097404581
1.3374502605
0.543490381452
1.62209481878
0.747849972393
0.90849994036
1.25482827969
0.961615734525
0.606018673724
1.24852931372
0.710864646709
0.763995261508
1.03448383257
0.346709853238
0.519719873863
1.02014053352
0.5432975908
0.669986999446
1.04013213414
0.513518070825
0.50052864179
1.50086413555
1.21594927043
0.869642241902
1.07733823354
1.10684547281
0.658225866764
1.02268684636
0.444759564574
0.680440887137
0.889857275956
1.27000387335
0.636917272782
1.03184661936
0.679900028842
0.954728594578
0.566911122839
0.610901381177
0.433924701577
0.989714635536
0.630177126865
1.13206797179
0.921040544953
0.487462032601
0.458443669294
0.342393765198
0.598364851207
0.997410003407
1.08976369596
0.632182685634
1.11522790818
0.947327026028
1.1296621857
0.786967481941
1.22876129744
0.563745806403
1.06320033741
0.70697691818
1.42394023998
1.05103263668
0.597646068806
0.743188643142
1.20932679041
0.708672974289
0.547234650352
0.560747417636
0.930783955583
1.32232419806
0.623621806405
0.348027814707
0.956079395894
1.12057068713
1.2779457446
1.14543672963
1.24531480204
0.788691326229
0.485096017934
1.05397834351
1.21403535488
0.680946586833
0.586494471588
1.10963063935
0.747660622242
1.01884432034
1.57052059953
1.01830898989
1.33230839791
0.889775169423
1.16861833809
1.16735817182
0.837742804593
1.16952932465
1.0750397907
0.650682527401
0.530037132788
0.460487890345
0.753871050785
1.51542777831
1.53348281265
0.710608862233
0.936587590178
1.0907149861
0.719213456296
0.382177129941
1.25891657661
0.892271057168
0.57940495056
0.889355205581
1.30154624124
1.55209570197
0.551814735401
0.410573405403
1.20294068219
1.61704757613
0.558704407033
1.20101404148
0.617731733607
1.13614465645
1.19271776526
0.628448203281
1.02823576401
1.2449512516
1.31275108361
0.517349992347
0.92329413127
1.1575549962
0.67669002079
1.35874466699
1.13658350002
0.536318332151
1.15597006479
0.665730246746
0.527403521471
0.437370487052
1.10707975421
1.20396191105
0.40817444075
1.31356052519
0.587363250751
0.59280086008
1.48957459336
0.456354184987
0.755529018429
0.755769934858
0.738205685806
0.587474977885
1.21149809226
1.47909920663
0.686492212153
1.05063558139
0.527643296122
0.519292498459
0.860461806472
0.650913985362
0.939988302955
0.900562013443
0.475486111685
0.580110453251
0.308689697942
1.0854134263
1.0174177528
0.415410875106
0.650861427441
0.499157517031
1.0616413759
1.05848600034
0.505194967196
0.868364479749
0.598687591818
1.13788830363
0.631103658633
1.07448461707
0.908957456485
1.31848739124
0.971517206088
1.48180337265
1.36965685901
1.53357321846
0.839506723014
0.532115163482
0.775229218221
1.09159985104
0.5230764137
0.747106260907
0.824722196443
1.18995146996
0.434161868183
0.307138896411
0.99988828136
0.802789504353
0.433151003505
0.836754041383
0.749761164372
1.28551079177
0.65846589222
1.68219445089
0.535579770638
1.05295058908
0.664855798017
1.09068933717
1.24261748966
0.59722900036
0.98844674872
0.790903268325
0.831515679653
0.789992694847
1.01372245158
0.861704417784
0.870967020499
0.442442748337
0.734527763384
0.874402923282
1.22604286098
0.995360535164
1.2179696162
0.591103769375
0.52514089731
0.269129775974
0.879605029148
0.759528543736
1.19316602017
0.693859314158
0.899469293444
0.594657392913
1.04392283606
0.568355532759
1.15668175405
0.368166710033
0.851102364832
0.590887876415
1.35208669984
0.538183062425
1.0031320776
1.04074045442
1.12553036148
0.862457830324
0.869688367054
0.881532713496
1.05386844928
0.947931352511
1.15392410412
0.709400279198
0.521912975451
1.06769273298
0.765056171015
1.33007309683
1.16831685188
1.01903259851
0.636613776038
1.32434060825
0.698784276581
0.636991351291
0.486947704757
0.491294159846
0.325543888944
0.804458599055
0.988865436944
1.23327135629
0.548484003973
0.717931734819
1.41819706137
0.60434062178
0.554672897697
0.339370844013
0.781709723464
0.629812903009
1.28641610047
1.32774029484
0.233296501266
0.696040683673
1.49145246836
1.47122515763
0.350516706774
0.971071932876
0.805812349514
1.14949000306
0.678359657305
0.564703322673
0.627910866584
0.608910197903
1.46075462872
0.604569502504
1.11461568028
1.15776972746
1.07599223204
0.415681996237
0.758677538161
0.408142981655
1.17387544913
0.825593431661
1.23920788626
1.12068065967
1.57732451623
0.764355102208
1.18098998378
0.565432160449
0.827333047185
1.10555162216
0.48764299977
0.592260064863
0.810000462893
0.945061837008
0.565294690087
0.801121843927
0.787460056381
0.899305532766
1.09697053456
1.38991585278
1.20854633445
0.916346471128
0.789201200708
1.10311310504
0.947445165325
1.07212902901
1.27266014251
0.673508474736
1.01510248085
0.449777884343
0.843439518387
1.21890920599
0.460627515974
1.32482292341
0.628029296481
0.356887298209
0.849642131978
0.759446853996
0.644834083514
1.07722036835
0.773372208173
0.475022520482
0.385806450407
0.937572805587
0.263296132092
1.34786324919
1.52042305953
0.458137974712
0.935313194417
1.21059902433
0.676381231692
0.411939070646
1.19410311382
1.24778549258
0.696991188495
1.22506255162
0.382772229853
1.0850060623
0.608303086954
1.0158353163
0.930272818733
0.715417629419
0.413846094078
0.937569544469
0.998767714896
1.0119597099
0.533713038787
0.542385889469
0.309417783641
0.48084873127
0.958781247223
0.539083841669
1.28687527712
0.425526569793
0.416829585702
1.41070678349
0.609487631364
1.093175555
0.833538651064
1.12241447596
0.537052499358
0.71996137309
0.88246789682
0.618231682056
1.08341719988
1.03338632746
1.06025247583
1.23199776291
1.05770891341
1.23813149028
0.923321820656
0.768512922313
0.413955552611
0.671689964748
1.00736173705
1.35071507506
0.837427234303
1.21196218705
1.07522371407
1.35725973148
0.556190888515
1.14811304983
1.25140542635
0.586439755228
1.33047864083
0.526477517018
0.489038008893
0.481732813221
1.47055731095
1.11918051987
0.572683998716
0.626945531223
0.533852492353
0.970831851887
0.582804602237
0.475684404044
1.06912983701
1.1419120035
1.23677559883
1.35082543458
0.455420263901
0.56321710338
0.904259509324
1.35732964034
1.50768970377
0.648055109756
1.15106053091
1.25096524117
0.655784542248
1.13978653996
0.437242853852
1.26038248729
1.00458219396
0.755928328307
1.473924151
0.862067113419
0.48810884958
0.242761848599
0.675385180033
0.979581765118
0.598292401435
0.724880179275
0.943371795867
0.458196547534
1.08826492982
0.727345111109
0.192566261556
1.04520947559
0.60162173002
0.399929245228
0.662436350329
1.27039954252
0.656746776244
1.22950418707
1.03137259671
1.0988121754
1.05625265746
0.586023378065
0.694214884357
0.789974503545
1.14902517797
1.13933798869
1.40751798498
0.95798162877
0.684186816589
0.411706779068
1.15416557367
0.714791644098
1.02425939408
0.838623315868
0.622179792457
0.531798600475
0.587613038519
1.31342245683
0.438821917669
0.482091573612
0.462520838534
0.653342917459
1.58646654281
1.08239517894
0.865535030464
1.33590700794
0.989192976771
0.251325104482
0.870884557675
0.534498945181
0.443471386913
1.0860299145
1.45658675451
0.73913884541
1.10327223784
1.12025065637
0.589013103072
1.09244414251
0.631597683708
1.15038216481
0.859340051273
0.714809405537
0.759228491708
0.779277314182
1.4180000338
0.966995579898
0.20922004335
0.691079890477
0.886362743108
0.653202465812
0.927161811193
1.13337954206
0.621042051191
0.424417918517
0.929847287948
0.4591765767
1.05113050945
0.551018329554
1.09443170065
0.690045298342
0.712235801848
0.549716612044
1.01542137256
0.495647775912
0.89661062345
1.05003153204
0.350976908433
1.33004155543
0.957808466957
0.882527698079
0.780207418595
0.610524551047
0.576635859171
0.478165678144
0.618429877449
1.1707538295
0.932946920293
1.09298324407
0.550182675306
0.859451378202
0.860225856118
1.03006638485
1.25238066789
0.710533666336
0.574280448211
1.46361759488
1.00844605854
1.01613345044
1.05820090843
1.28937252668
1.06348647141
0.325177414942
0.714371257685
0.577356191647
0.583262580406
0.809879888327
0.853672513787
0.453685549395
0.495846204444
0.361359822097
1.09491209345
0.545459987567
0.782610285183
1.2655549727
0.471223214591
1.4993691629
0.780567135314
0.55821597825
1.14212201192
0.431887175674
1.36973060104
0.631749387265
1.09475678359
0.890223874458
0.305737885921
1.04744093004
1.43034587333
0.921645428612
0.477521621977
0.75803062141
0.461811397913
0.839491272167
0.757315182928
0.683966998694
1.1929730345
0.654384569948
0.864008819179
1.34468550538
0.488006827458
0.465802315648
1.1424816316
1.23513182298
0.350473931493
0.637191451331
1.26436140963
1.17186449649
0.757879883728
0.354834175752
1.1180897841
0.659925856169
0.80301578016
1.00817435097
0.938644837461
0.994579627909
1.09389628046
1.20909760234
1.17075884045
0.268612342188
0.639717059571
1.08139338586
0.403361994734
0.534046398293
1.16757964472
0.891252994223
0.745278097799
1.48739697119
0.636608039035
0.502582852495
0.428292540159
0.476348943252
1.15585197858
1.21102134898
1.21964774885
0.550833503527
0.993040470358
0.7732678396
0.751203027834
0.643159595728
0.949945897512
0.624715309511
0.90100567834
0.644167680459
0.848885596848
0.571187005091
0.836061469149
0.74319705914
0.80589141413
0.408100313653
0.684382781073
1.22215179995
0.361156084409
0.27012617083
1.24001660617
1.33161957539
1.22987015047
0.522918054062
0.435794664806
0.454951401662
0.666835172786
1.43001849646
1.26171163891
0.779973744597
0.508724766157
0.991126895988
0.646842734092
1.3537658271
1.37665773022
0.687678143568
0.256391789445
1.53197620147
1.00724241504
1.29792972574
0.471495120146
1.43049099306
0.880706498015
0.368680220163
1.06684396967
1.11170237298
0.598305823909
0.331544864553
0.553419447131
1.09926562462
0.782024997634
0.525555296394
0.355681131078
0.53732138006
1.12831783141
1.09357688856
1.0601470892
1.43609784142
1.23650634631
0.489346490873
1.38429280594
0.813383493573
1.20225556313
0.95499447668
0.32566857769
0.559049860186
0.519839129596
0.506883806842
0.753841251003
0.969935982754
1.06202160465
0.504113937757
0.622369600352
1.48346822089
0.838173454382
1.00003968997
0.513759898169
0.582610665471
1.2562751344
1.20691734739
0.66089256764
0.945836008292
0.694928190661
0.684491674843
1.46306174808
0.656540146965
0.395412273449
0.519620472262
1.28705172384
1.25277609144
0.959875534535
1.42869199209
1.01525853547
0.6406788906
0.344827911328
0.936977200905
1.06773295902
0.542914016987
0.581549949778
1.08024620882
1.41863618459
1.3098068057
1.01394303077
1.50853494498
0.92079619681
0.626636144136
1.15136187805
1.06850659265
0.71845128549
0.904587260455
0.643471620415
0.514980488661
0.69541888317
1.44516108755
1.22235571967
1.21194150404
1.1619774702
1.62619834506
0.878538685282
0.972926566988
1.26682510056
0.558903371936
0.958711558128
0.982432263318
0.680503518355
1.28407374621
1.01785021339
1.27581428924
0.718615000165
1.24304849093
1.13608923437
0.891020215836
1.37652681861
0.705226257027
0.433153591576
1.11495200846
1.31837577559
1.18349627967
0.605659553912
1.3380801891
1.5468209795
0.707839187587
0.884086106983
1.05068787737
0.54771297373
1.47612852826
1.58041568605
0.4319710694
1.57689641647
0.940626221424
1.03321184407
1.32423151306
0.564260688001
1.03522768117
1.01073332804
0.652155603443
1.11540521529
0.540271137259
0.830798759516
0.850697601148
1.01615431808
0.508875375491
0.526409296985
0.585994637476
0.37833661925
0.69840000691
0.997715118836
1.12179243979
0.950760149177
0.691556951547
1.33054392074
0.460539774437
0.543371173421
0.430166538596
0.686065000847
1.14139423591
0.901803286531
0.485339469377
0.752978628834
0.234158132258
0.648560984514
0.977807394153
1.22528804537
1.04076438655
0.513472777692
1.58857415171
1.20279600743
0.888798924799
1.14284300034
1.43439191155
0.503577570099
1.49885004378
0.325899169604
0.410654207702
0.917604912901
0.655725887398
0.562205381512
1.11285449697
1.08370090276
0.864693155433
0.593405537144
0.829363972169
1.52606886763
1.42035558375
1.10696137227
0.990353916622
0.861223315425
0.979937627529
0.438995308
1.28358844008
0.29232784558
1.18260234481
0.295289334269
1.09832704188
0.605864636442
1.15775067088
0.941499811352
0.478086175365
1.09134166851
0.987708716414
1.02555779305
0.619107911358
0.637573347744
0.741310401534
1.32962168196
0.461576097727
0.475494905396
1.13044803748
0.7512708915
0.99772109613
0.532413820047
1.00003519732
0.699770677181
1.10257637622
0.428331667034
0.446189930969
0.593771221533
0.687449145343
1.20594107128
0.841693355613
0.991333335194
0.607213980441
0.71369918933
0.39386057972
1.31134394123
0.587734873786
0.44146850337
1.36803166042
0.577569884451
1.5726078794
0.412560288957
1.18242188414
0.550179448167
0.432986287397
0.586498177561
0.433856143886
0.507270768216
1.35375118061
0.457356265524
1.2750218468
1.17162603883
0.415887023099
1.22599903282
0.702047532173
0.919047673939
0.713793209111
0.909004876825
0.474214460502
0.436396905712
0.360240615915
0.640988152679
1.00239778386
0.808331729484
0.864762611588
0.899481065586
1.02732105256
1.2983649282
1.47262559287
0.827997638216
0.869612783858
0.520957264931
1.12120872899
0.890290984433
0.507790386584
0.439354588611
0.900297625565
0.638762994812
1.12313886904
1.31116097801
0.703704755833
1.29264220318
1.01630023461
0.62475052594
1.03614716947
0.940784678082
0.705680642583
0.886002004202
1.35955747363
1.10401153925
0.728282147886
1.25518740453
0.498869452964
0.574732943657
1.24346397045
0.583047895146
1.34250306708
1.41002800831
0.597216592688
0.741102795967
0.601682242052
0.725606122455
1.33024397068
0.99644781792
0.977952067726
1.27575839873
1.13801047334
0.704829198534
1.36049323142
0.847596701851
0.726333192418
1.22296939896
1.43360091166
0.668623582877
1.17312746781
1.21981157136
1.22720314858
0.507559632175
0.893389471593
0.339751946995
0.701325551359
0.574887141548
0.292111346043
0.67915977685
0.784590040052
1.36604742854
1.1915324612
0.851555040587
0.981330500873
0.30386341397
1.38142110303
0.320564762984
1.53842678414
0.979363770098
1.45606681676
0.674066438853
0.795315564871
0.479832877204
1.09845664622
1.15862342856
1.48175006206
