0.225616675211
0.665273431937
0.474422849108
0.530128741749
1.13808676157
1.04529182147
0.71458231252
0.527509969378
1.0426775794
0.723381529171
1.33133111302
0.591472210112
1.13751245802
1.20030253963
0.704091141732
0.958402536678
1.18398417495
0.877421936388
1.2083264055
1.43540784274
1.46267006889
1.50780977843
1.23828405938
1.06518479457
1.22953331623
1.29099696543
1.24045919316
0.337541466767
0.592268863497
0.664825768347
0.714255200107
1.10170372242
0.828496704068
0.806889715947
1.1766051299
0.720676835063
0.685592409404
0.964325605871
0.291671959106
0.53499060509
1.23056879012
0.895353921018
0.685280148744
0.439707067013
0.886292604516
0.63377905903
0.642208334616
0.913388980998
1.34498859208
0.724167002578
0.693074087114
0.75687681744
1.38038059579
1.0630365677
1.1705872526
0.514330517362
0.858113953199
1.16918750336
1.3001584243
0.933793846032
0.285635340839
0.936247917314
1.30961663243
0.698279779097
0.657844996205
0.789017857586
0.804865341113
1.19626572454
1.08629608808
0.373814204731
1.22941465521
0.645304031367
1.24857483342
1.00946586527
0.710540499409
0.353385742635
1.00100419148
0.938704661177
0.898166019765
0.507235430001
0.704525275551
0.72185533201
0.30394198665
0.956226139514
1.34239396652
1.10405815029
0.19810881758
1.419586063
0.558792999453
0.658685691863
0.533806901622
1.29787110819
1.09904709171
0.565827073428
1.17564989314
0.814929813835
0.220894445799
1.17183252824
0.822624765261
1.13350813668
0.417804748055
0.87808510743
0.34165470779
0.507465677824
1.19032426129
1.28616317578
1.42831796573
0.600884053726
0.53267161789
1.00525214105
0.586685601097
1.51276545484
0.861405925285
0.979310647646
1.27475637257
0.755828630023
1.4018247323
0.611330792491
1.28416030711
0.389204633142
0.358071815261
1.0851550459
1.12636486783
1.06842902876
0.658297119362
0.671299965558
1.05069121342
0.456618067541
1.34218814976
0.670409971802
1.43570648965
0.374993828661
0.714936584314
0.679868969367
1.33536826289
0.679253639013
0.849681144031
1.381464752
0.832548278947
0.686543001638
0.799848508186
0.818456051182
0.867257717871
0.673275785081
1.45381148445
0.886067398246
1.1972717959
0.6225284596
0.813469918488
1.01644024719
0.975890414968
0.605170320786
0.525061376095
1.40741869377
1.2853668693
0.44198393113
0.974676616776
0.469066518521
1.09786486981
1.06162062791
0.826061591259
0.942316339169
0.659482049798
0.363807941741
0.683954201074
0.832916018298
1.12455902906
0.684963738354
0.975681794641
0.976865258994
1.07136096495
0.905671691396
0.543208260356
1.14310178769
1.08201868769
0.75800733004
0.961026111105
1.25048589499
0.928172995916
0.550156689819
0.78947925189
0.528841051535
0.272407305045
1.18300878897
1.24551444311
0.397993041308
0.617257778488
0.973331446506
0.916985492595
0.570082482652
0.186331700396
0.952144858699
1.09262679866
0.818440400065
0.941477542965
0.601185267961
1.21626065854
0.417948633494
0.358860822069
1.16388397998
0.386286847936
1.21684020917
0.493187913998
0.87895581361
0.364293596667
1.09417296591
1.00931359349
0.635669539396
1.03298023367
0.606936191012
1.34402557777
1.5478144956
0.64068006044
0.800884206081
1.50271344789
0.720451553638
0.971405929245
1.28290764466
1.0635736762
0.632218080146
1.02730014633
0.913374919952
1.08799162494
0.634759238039
0.464439049371
0.679259131049
0.386226831229
0.772050477895
0.221583484405
0.51529381782
0.671400497441
0.497617014039
0.624180053001
0.480502325011
0.949553581581
0.811608315914
1.02472086585
1.35588492201
1.42298871823
1.07666275799
1.63457293773
0.848484936936
1.03970338556
1.28876190831
0.976525333181
1.18121067186
0.827674042868
1.10117644211
1.32366073264
0.437286417778
1.22577347027
1.17952963768
1.09350235516
1.30045198436
0.872182687251
1.02191707022
1.02983918906
0.804126757115
0.889155958979
1.43999775805
0.498922307219
0.740412216671
0.636377810063
1.27859032931
0.522315516469
0.82489846341
0.74836902556
1.13690292237
1.30409976911
1.0094194801
0.612638218982
1.1877483564
1.15418321534
1.04042578314
0.87593901737
0.725219082416
0.913237242065
0.690795675905
0.315521490183
0.299116084424
1.02964488762
0.797144588103
0.855231551876
0.290255157146
1.01049362361
1.01381277839
0.434853592568
1.11305963418
0.885933764342
1.44521524363
1.20580517318
1.21268024154
1.13421627939
0.600045314097
1.05799830331
0.7150530983
0.919594080392
0.430846585996
1.25005475022
1.06840018236
0.82264988651
1.13940445214
1.23998469411
1.175739559
0.601506659782
1.20550839865
1.21540687254
1.01065545201
0.842316389805
1.35258750404
0.411142834281
0.706478104968
1.48532757255
1.26341814265
0.475812796933
0.604284125886
0.919607560289
0.963750741607
1.08484012655
0.530996168428
0.812282361006
1.10255961249
0.586349538391
1.3853114059
1.10260703477
1.24576527498
1.03030614699
0.584396752128
1.13048062244
0.582798749561
0.458255998415
0.601375961709
0.97837049088
1.02905224233
0.864886836531
1.30236089685
0.475064842913
1.24140800203
1.23328762269
0.81691550935
0.587849182217
0.73894518313
1.46437016024
1.30676800826
0.765454697285
0.494754562399
1.18422784151
1.5064437192
1.2727309845
1.21724090331
0.630037305105
0.761861710593
1.42517314295
1.0293008653
0.441695441569
0.989186565418
1.07123665069
1.19328433813
1.43032332508
1.08992095433
0.774284909401
0.503646472827
0.535877628613
1.0674613279
0.413831813815
0.965539309537
0.520900094366
1.05924560306
0.762531779846
0.532407048909
1.05444226432
1.2277050913
1.07453994383
1.47180275709
0.84306849366
1.07950183221
0.680377238591
1.18675686831
0.956179929731
1.18856887316
1.07366112869
0.543801203092
0.24819200393
0.63302254355
0.579002261408
0.742424554442
1.52014044636
0.801733338558
0.968542661005
1.25504408353
0.685922929607
1.0599350374
0.630137829148
0.818382539604
1.22174361464
1.10433432481
0.712835799663
1.45764300122
1.19838361884
1.09952449837
0.644456573064
1.06255451421
1.442812069
1.23577019703
1.18283676261
1.37302207544
0.774029222786
1.13337864807
0.304425407303
1.00480208669
0.701096503181
1.03308519651
0.930482812977
0.578039092644
0.835496494262
0.387934177807
1.34154069258
0.52907526297
0.575620696777
0.90106795591
0.490632900532
1.39718998275
0.915376753846
1.19694481187
1.23324654666
0.760129623398
0.258321006863
0.807894512738
0.31802335665
1.06624768425
1.32494838399
1.05884605789
1.12446446876
0.455779541017
0.560257745898
0.645329592026
1.20192453825
0.829895995584
1.43118341897
1.02231528868
0.420944294733
0.861987630009
0.884982627041
0.521139101439
0.446843608691
1.05277393804
1.14775154624
0.912573654386
1.20722662888
0.861698415279
0.512709621519
0.983301281812
0.653260986491
0.662066377347
0.323935665945
0.700193631772
0.288681772722
0.64702102584
0.656451066888
0.54977742763
1.30795466534
1.14244234281
1.01445387861
1.41074372755
0.785751037104
0.556572779943
0.346999009918
0.260930773401
0.946766523975
0.86566121428
1.12541135003
1.21329720998
1.07786151625
0.895586810756
1.14130003883
0.858506280519
1.51529684758
1.22509825719
0.379836473924
0.488921565709
0.977703056012
0.833067894705
0.648785199108
1.16659388066
0.372914548383
0.980722676725
0.661793337291
1.00115040356
1.23112094815
1.50692433029
0.811076204947
0.438692640855
0.512519982713
0.964659496765
0.241492521693
0.620295406772
0.507344685357
1.34274175498
1.08936858982
1.16931310552
1.00897949004
0.824428826935
1.00649805719
0.254649452703
0.76931636594
0.879968870835
1.12974774487
0.660134366632
0.40832656215
1.26043239069
1.17910405952
0.774907453072
0.844730420222
0.664126691693
1.16754159619
0.952865931542
0.961597589399
1.21231172854
0.891014349629
0.657430913841
0.932467664838
0.611582669364
0.87114095546
0.537591821941
0.440939902797
0.581937562639
1.05571279469
1.51544050824
0.952483773251
0.552400165567
0.678374323804
0.797046132728
0.519018262073
0.630092376847
0.544925342213
0.745712444092
1.29265706336
1.52676787669
1.46982799839
1.34224882458
0.73446408255
0.901808418036
1.17059279601
0.923211566754
0.679933346429
1.36741294916
0.898018031263
0.379568693884
0.644204248485
0.870876862688
0.628458806231
1.3741503042
1.49671709956
1.43414415572
1.24466689622
0.553276143527
0.487724731202
0.569982076638
0.438356913701
0.248404350691
0.548874820283
0.825871190506
0.401553953223
0.724841061554
0.521294164597
0.764841343264
1.41879624522
0.523079514648
0.708503961283
1.38859816254
1.30791220113
0.386261303824
1.18514904133
1.04763349256
0.969188544966
1.32744656546
0.885071777575
0.5933111617
0.581476766883
0.844817310088
0.63161799104
0.928456980839
1.56596985961
1.15630080451
1.52737180635
0.593658948926
1.20931925835
0.904667991104
1.21419665007
1.00040490636
1.20457846495
0.546366178182
0.681081926372
0.343925479451
0.660549417379
0.927453074399
1.12597491082
0.69741985284
1.00554146524
1.13398981975
0.431652637362
1.01150973151
0.730483070491
0.959283595016
1.32545748437
1.1660619043
0.698955835073
1.23188924673
1.53824107814
1.22675870158
1.28763204843
0.517024604827
0.367156196705
1.42325746925
1.31555785209
0.769967867226
0.980198479783
1.22687632364
0.651763192511
0.390856360034
1.37543600826
1.28690829843
0.88236957175
1.07011181479
0.531208226118
1.19774622192
0.870403512957
0.337937392447
0.719637436058
0.442239057931
1.13552511959
1.41554568604
1.00938280248
1.33092060812
0.94091963969
0.904600427672
1.44000392305
0.652749895923
0.233236476222
0.48936456413
0.766106954563
1.25541450955
0.953700171801
0.233950912585
1.03685633611
0.770244658369
1.1381531733
1.57881586648
0.649746180774
0.518679722325
1.41494367987
0.423232093667
0.348800773307
0.969338605173
0.446858339034
1.19837835621
0.968416784434
0.746411756935
0.913803711056
1.18141840742
0.465151385741
1.06795721663
0.457751318592
0.327429868038
1.03622663382
1.10849479856
0.949936494834
0.720546960873
1.14949799264
0.563656834768
0.852337440749
0.708994092774
1.2875931378
0.439328622875
1.36236603827
1.13737385582
0.521787101314
0.85040271247
1.38364614873
1.05021074077
0.777115866662
0.985733350895
1.19059193184
0.988294338374
0.954145344594
0.515510239503
0.767368736618
1.11308253972
0.473488745021
1.07293594314
0.905476169403
0.417933981258
0.764122039142
0.757305082269
0.731851362149
1.06811484915
1.35047215403
0.323252040461
1.19364899961
1.35059143307
1.53589072644
0.495007799279
1.08271855548
1.47546153185
0.383964685875
0.463590537172
1.32849007998
0.606412519844
0.908866570394
1.632500818
0.904772739936
0.609189068534
1.38051947192
0.984533112176
1.18594473083
0.614411939297
1.41195919794
0.446062945917
1.05507465309
0.899071548078
0.995616902808
0.823199636263
0.405132354062
1.26681525342
1.17615639362
1.30179061972
1.37128822134
0.520125527771
0.476102184939
0.433940004186
0.768822597888
0.977104649462
0.876607003467
0.850500217367
0.592329136005
1.26700480332
1.17250143405
0.745806733702
0.551260788828
1.1752482715
0.510356681644
0.986125511653
0.460628436585
0.537909851344
1.33901003235
0.483322297667
0.910423542736
0.997848433905
1.10925459584
0.483923317939
1.03290356214
0.929391833528
1.02656771359
0.336389797058
0.408488091577
1.16617367433
1.21939493487
0.991777720753
1.29738781068
0.592143101445
1.32767734808
0.325847222181
0.479861822035
1.04854743906
0.451912289987
1.4514695756
0.377525190728
1.11851085687
1.29104163813
0.556310419951
0.980021726668
0.833483979343
0.97510303366
0.99572759576
0.559029909675
0.948077988324
0.941697387039
1.27761071804
0.308671978205
0.565423402759
0.148377408824
0.328434312386
0.567206397147
0.85675729991
1.13115865739
0.779976173736
1.14642813238
1.10440198998
1.05063875394
0.958490544331
1.40164259158
0.711068615473
1.36947241361
0.742478873385
0.609861119258
1.08202216768
1.22600405932
0.774930689774
0.522499843932
0.879299310638
0.809370732613
0.46495879158
0.577049518215
1.24304247118
1.2352841254
1.66596821001
0.418372416958
0.88794501298
1.1686492555
1.10381783805
1.34456158188
1.06176801543
1.34980062438
1.34792977273
0.398783903109
0.751165789077
1.12325788441
1.25111700102
1.35916562406
0.485629728898
1.03751454856
0.547471711978
0.782509791815
1.73404077109
1.05119262277
0.441024318371
0.66552953915
0.480065695851
0.775006757362
0.42482096427
1.07662227026
0.783031523242
1.08032964182
0.572615125747
0.517745021516
0.86219651088
0.11479095831
0.475955881655
1.27106146477
1.05709091814
1.03288166127
1.25513679116
1.0432797243
1.10663922053
0.627423362911
0.31352137894
1.17894469607
1.39023901367
0.704554978616
1.12903911976
1.04435999161
0.438057839534
0.842145053498
0.736174551348
0.884198968749
1.14123034169
0.545817133241
1.04850126043
0.547157812427
1.04069462937
0.821037988062
0.341764977897
0.608135355167
1.31238478875
1.09180819293
0.620780931129
1.16967335144
0.768469051593
0.515993851095
0.850445853195
0.590355605977
0.463045836954
0.921290348442
0.649078766823
1.05874288578
1.11206038288
0.256645503859
1.1097958605
1.21317421115
1.17100410631
0.728878967186
0.594302097012
1.03917786389
0.817095669124
1.16594888659
0.425947091089
1.2427063468
0.355820172004
0.693571021512
0.679558822409
0.95644729792
0.781251494613
1.08767979967
0.951094071309
1.28401592031
0.389385400642
0.680775327357
0.854652993831
0.932318294752
0.637431194273
0.521193903579
0.461385031369
0.85699105943
0.662402432173
1.01871002118
0.816312540549
0.566091812295
0.867909282052
0.750202669298
0.65508067936
0.85393409112
0.539135250113
0.650042386399
1.57052383118
1.03802191321
0.680153567349
0.637482597968
0.690117990923
0.498112720067
0.393396709876
0.945414828146
0.63500503704
0.879972832441
0.382787442861
1.348901785
1.70124252017
0.469047241385
0.608348291877
0.685314784806
1.29760201632
1.64371942294
0.396161262424
0.335034022494
1.10125629624
1.0874133225
0.634602437018
0.675944682884
0.79885164245
1.26933177495
0.612658064508
1.44464005974
1.04469353193
1.2362643262
1.03300201574
0.95009177309
0.296130200564
1.23578542559
1.61816110588
0.597262587739
1.25490886375
0.338571656788
0.811027963084
0.708763277949
0.891515207849
0.892137350088
0.897527566026
0.482004968187
1.1427911052
0.523529643949
0.510652996571
1.01374071663
0.747490980145
0.758124048591
1.17008769307
1.08831261563
1.45306722878
0.763347905435
0.895911830011
1.26322080735
1.29143673553
0.455716888694
0.990742035257
1.10468108297
0.347378287426
0.645010446148
0.717680166558
1.31869708494
0.73058987303
0.652938954854
1.59388789734
0.425147613682
0.415750921391
0.622458914388
0.916736009845
1.36016881532
0.835954564233
1.00018327585
0.429100328884
0.437254485688
0.666348080421
0.459433837071
1.38790815908
1.06720772279
0.702104772005
0.68793140787
1.14280237402
1.25516123527
1.18960922706
0.856792356778
0.973742810109
1.09932844066
1.20510798479
0.624861869461
1.23822525806
1.10372121494
0.772470325396
0.64452596044
1.24560873719
0.595894539412
1.13040794285
0.998788936739
1.38632258261
0.899095654174
0.886814327708
0.67019767842
1.12290840942
0.581033680425
1.03540013589
0.946230825802
1.18824762618
0.90282374056
0.376555376087
1.51062668523
1.52815700224
0.860164331065
0.875444403915
0.880245746757
0.597019600842
0.999664956553
0.51478435222
1.43241815774
1.47249001086
0.708167454227
1.15007850914
1.34277963524
0.543169266051
0.786082123915
0.975606128904
0.849258146451
1.46328882175
0.681924423887
1.07985257219
1.28661171016
0.383290842782
1.26985054057
0.367213980626
0.957186198963
1.3363274872
1.08076116556
0.999069316491
1.02215968368
0.838464670726
1.06335483309
0.964226743578
0.665882981149
1.48617204906
0.535948109535
1.16320855834
0.565799477334
1.26889919134
1.23414111609
1.00103262859
1.34936902352
1.40499000712
1.17361609656
1.27426501199
1.2835546197
0.486354161859
0.981032821858
0.707032160806
0.952302237216
1.16420832123
1.22142445852
1.22432341481
1.21378649579
1.13088708008
1.47674847595
1.30322213999
0.95409088536
0.426875444881
0.431529852438
0.632842284194
1.25751991201
0.946898186525
0.281020459925
0.637208797192
1.27674997793
0.560892976412
1.57345681572
0.738943387474
0.425109314478
0.893772699668
1.58505147013
0.399763061285
1.19612198243
0.467527169249
0.984310208335
0.807191963463
0.849076652922
0.580857839697
1.58133827319
0.743858824782
1.00604102303
0.895823743357
0.337643259574
0.553164777827
0.438078689538
0.723205158262
0.413817875689
0.362490760339
1.09801023741
0.776994036429
0.347213988612
0.464812765936
1.23957503465
0.322071748084
0.721864214839
1.30498060665
1.22242977463
0.314797926929
0.50723900247
0.986930483019
0.770236835668
0.666040121072
0.401843014377
0.357333970946
1.20471935481
0.639057293021
0.857227316685
0.927967300313
0.92938531337
1.38496497924
0.881548964096
1.19557920073
0.516254132658
1.35996717855
0.508003717589
0.771880310035
1.29287957003
0.461255158983
0.685003768134
0.383663613909
0.666649228974
0.566434174579
1.10724886307
1.04423295893
1.19393313451
0.524960688637
1.43184819728
0.919320082872
0.653257476798
1.19874406443
0.619115495441
0.897477200357
1.39929156105
1.3357704993
1.49454283117
0.600198133515
1.15083906505
1.37661099224
0.927442370678
1.00224998899
0.947851948764
0.470236560372
0.492645549788
0.382962499341
0.493606976817
0.490526133289
1.2427538693
1.39892550817
0.352864289231
1.28809158916
0.41456704997
0.974057101027
1.16922040387
1.05756464246
0.415902446104
0.995238886108
0.760900035137
1.39232535333
1.2593628636
0.434064056358
1.02516653329
0.833015278726
0.74559408154
1.18175003425
1.03094222964
0.964291090522
0.710934884214
1.18006298974
0.594751869382
0.519519685625
0.890738165402
0.489793275429
1.01254031261
1.10081770716
1.08674286519
1.31666416423
0.789742465865
0.792154768814
0.577783301056
0.783980426913
1.04925250336
0.380420993389
0.508093357637
1.09800799329
1.4977272436
1.01727480285
0.780898472497
0.479437242246
1.35405922925
0.41589601218
1.51986166191
0.565808373033
1.61969925514
0.558046322515
1.27943481893
0.959042509581
0.803039661993
1.37305784414
0.822265466019
1.07270944839
1.07875016373
0.347393087444
1.35860556591
0.768886685246
0.884779282017
1.08599432778
0.964476798379
0.788720974937
0.728788627796
0.500880422331
1.0199509247
1.22877640085
0.78716513827
1.3142370672
1.31336564109
0.450036866075
0.997166010313
1.27116796372
0.80537999308
0.458250657391
0.363832729351
1.53223277436
0.851249967204
0.637026477837
1.01441832479
0.76177055063
1.15977523519
0.505262128912
1.14275977441
1.22477296223
0.977372036111
1.11992151931
1.08101121585
1.68572274417
0.9080486507
1.04687760884
1.13228585789
0.720889353011
0.411445100119
0.528714144395
0.831184906462
0.950324236204
0.730263095565
0.549738382003
0.832943740495
1.34616414787
0.484548850917
0.43005735821
1.19785265658
1.31129695149
1.1931402954
0.891894496644
0.604672580319
0.922432160119
1.10908659183
0.692702376872
1.03944907959
1.06471994148
0.829788015341
1.56969079725
1.2396732975
1.39986195446
1.18750414775
0.561362450902
0.827297087279
1.19477963479
1.03152548622
0.559788950237
0.566205467727
1.09326017732
0.758372645793
0.677336850226
0.926279104829
0.890386498502
1.50954619914
0.705250998606
0.280439065511
0.952395952412
0.642238390511
0.91910966562
0.935570173283
0.421588405302
0.522446311425
0.822079542235
1.3097993009
0.566734822686
0.348062348056
1.45666636858
0.597604586384
1.58140429854
0.385170275709
0.559604892893
1.27875484019
1.1526151867
1.06133462668
1.24757774106
0.652039766942
1.19159687394
1.22660599158
1.07300614877
0.468054380205
0.851434144146
0.353451284016
0.331954094268
1.34032384743
0.548935469867
0.601884183865
0.75001106762
0.944060547101
0.336165896916
0.779176565439
0.854074836392
0.843866589095
0.935114984898
0.511836228734
1.05213657201
1.08935011052
0.998644351467
0.721079700137
0.641982250642
1.03711451646
1.37408608764
1.15716239198
0.661503638331
1.18905215394
1.16231413958
0.655919104277
0.968211013449
0.534948932824
0.813838504674
1.0976714763
0.740189319225
0.354572356127
1.24222953167
0.85351216956
1.09464929574
1.26086731952
1.06969101865
1.09532798591
1.04210690642
1.13568112776
0.273791464939
1.02940495309
0.711498478027
0.541809379636
0.520910724515
0.804964225272
1.40859392165
1.20337397116
1.08698643017
0.791968158594
0.657959083424
0.981616932692
0.695091647551
0.949954628542
1.02186995353
0.224362532377
0.425276318369
0.286488048474
0.522599804935
1.1396465288
1.2427799732
0.39202095712
1.0289190464
0.429500127917
1.37526569879
1.13659249594
0.777262518659
1.43357728435
1.01850628587
0.377388185394
1.45768376349
0.416685139098
1.27595228243
0.372729280495
0.750421143181
0.62453418456
0.816874104784
1.03211373448
0.364398047744
0.941752218916
0.30094474489
0.958182165368
1.36606643484
1.11316481901
0.435645324686
1.07413584377
0.683250718697
1.00642739648
0.42733454154
0.889769906573
1.20061167448
1.11617146968
0.362342061116
1.48535046926
0.598978691658
1.36692275684
1.02685593029
1.12057654538
0.961274939889
0.769809189101
1.34763736724
1.17535954056
0.352152764092
0.532724478488
1.48993897041
1.20534557214
0.858441083664
0.728502151652
0.719650295653
0.498992260025
0.461352166797
1.04909865224
1.24746915432
1.36789785457
0.677117803361
0.709540775937
0.807280612393
0.955755587265
0.653758152654
0.938753872495
0.594300968414
1.38017267029
0.979881827009
1.63400789909
1.16255775978
1.52093033362
0.734550132738
0.54628661968
0.649294121675
1.00713590979
1.11355150919
1.03046071306
1.18362981882
1.33680055835
0.308255052707
0.462935031755
0.434971542661
0.368009764037
1.01250997575
1.05045600246
0.984429464787
0.813436198438
0.586688084479
1.14599432111
0.62046911606
1.16820626319
0.555817788345
1.07320300659
1.20807180239
0.911156328116
0.578349581105
0.840843126565
0.33502127934
0.859453084753
1.0534073668
1.22885984842
0.341819859217
0.964892439764
1.1957667385
1.12256450632
0.596693261656
1.32209328555
0.711028736621
0.482803024314
0.956461248416
0.796758273401
1.04022316403
0.554523591654
1.18050172164
1.07613139105
0.338676125705
1.15077440347
1.00877333403
1.14383294849
1.03907047122
0.878071120034
0.837563126978
1.45743062677
1.28147001378
1.09243097054
1.15469662632
0.893525520852
0.275321985619
0.351764241745
1.51549093706
0.807786474774
1.01815575066
1.20093044026
0.927788430795
0.748843181227
0.514928672915
0.970654408504
0.695293298287
0.901949486009
1.18485619785
0.341954850576
1.16870043098
0.838496265848
1.21702382402
0.599478638666
1.07911578786
0.431278530572
0.906943917043
0.9881610518
1.13589968994
1.16517470487
0.97544729688
0.977746266128
0.503465492876
0.974252949809
1.18123475098
1.10856019447
1.6306992911
0.622242466644
0.693353585322
1.23766479904
1.28035262365
0.695404259806
0.987065514212
0.747166695113
1.15745609973
0.669153276454
0.916450250315
0.631726486982
0.807856035992
1.014442808
0.954859877489
1.03185013687
0.872345003242
0.902845617568
1.18497189988
1.21242397887
1.07108332732
0.554724207522
0.636096879702
1.17580421068
0.800664124166
1.43287199029
0.540441935504
1.09139405525
0.459487087802
0.752286413528
1.43492103887
0.615937140715
0.3978414423
1.38760076429
0.811664188354
0.444243900814
1.18635838714
0.988368182269
0.401938141421
1.0077898681
1.5456904644
1.57247152957
0.996336682239
0.267501717682
1.06323155245
0.948335169129
0.675881887078
0.857653764418
0.62778823754
0.529989187988
0.313448193225
0.661694112498
1.27085331076
1.06366403186
1.24684762294
1.0104857578
1.29430685846
1.09108466424
0.795331581187
0.929351231043
0.373690915183
0.945563398801
1.02005622444
0.598999605493
1.10312873337
0.706624071624
0.446198139369
1.3407022256
0.616161442946
0.916020546757
1.22081951098
1.14267107374
1.20021315587
0.638733477954
1.32578254276
0.454913581294
1.03334819768
0.950171385365
1.10021470898
0.537280037219
0.627193569514
1.19994070416
1.22665401713
1.16067819679
1.26440839597
1.10166473031
1.40921570149
0.992014700052
1.29845993314
1.31741502264
0.480326663544
1.4154392147
1.11693122124
0.416500330851
0.850608793337
0.349335693779
0.701902087524
0.370435972644
0.579239317408
1.41387642237
0.348131710315
0.840391903828
0.610759297482
0.302919649359
0.518576623739
0.567815041125
1.4379059215
1.35372690785
0.71210872817
1.17773948101
0.476778862832
1.06567489657
1.19684753939
1.04580275498
0.670334018192
0.621675822434
1.25490226184
0.46120949282
1.0494851454
1.30884668928
0.575211675348
0.914791576241
1.04707605274
1.26197884304
1.28795717679
0.942847492758
0.65055234316
0.731865183642
0.594914940768
1.12998945398
0.73568190955
0.461446516702
0.821124419179
1.02078528657
1.23588622889
1.53737956801
0.844112609781
0.747430620721
0.783983270107
0.970598297961
0.824663021459
0.483939413749
0.35652312997
1.22077285324
1.33254144296
1.24430086552
0.365801538983
1.1334415961
0.32399264788
0.841562659176
1.1488490881
0.505215878278
1.30872529252
1.0618668957
0.863088105937
0.459031934563
0.745035278574
1.04173717423
0.647230961783
1.18215862107
1.08375052433
0.963752405703
0.285682704724
0.80494590862
0.838288442241
1.11553422848
0.437091185417
0.296024856883
0.609837893134
1.16665608386
0.868615540042
0.576739406135
0.798387782231
0.768898094768
0.96144528278
0.522870045894
0.849856042983
0.462959576779
0.996380260107
1.45077572099
1.47196155514
0.858530329545
0.970375068102
1.26395455214
0.765587481086
0.517711345228
1.09486948015
1.32333382632
1.41051286085
0.672988619078
0.580918977241
0.635281752908
1.23096251791
0.799576100725
0.951864460881
1.50798289889
1.19358225055
1.40455865666
1.27846256281
1.42572918473
0.953637479343
0.891118880053
0.8601711294
0.355721465451
1.30174535327
0.55393910921
0.588884613538
1.11938259832
1.2917725458
0.887042030123
0.568335568409
0.410259853796
1.42662835468
1.26250827367
0.842012706937
0.633653988964
1.32057664408
0.632677407309
0.808169226515
0.608991150512
1.19197008762
0.463468401409
1.07697584399
0.908455189617
1.00182606519
1.16610146627
0.625340708199
0.824023543843
1.30430133758
0.557318358429
1.121339988
0.786201036416
0.507452258613
0.600927747165
0.164366767509
0.517776041875
0.843407593745
0.226992708407
1.38116407016
1.09907483075
1.02598422584
1.49632036023
0.892448537091
0.564422771022
0.894929807457
0.978586891602
0.72491468736
1.12753902842
0.689965236183
1.33261859439
0.528666679075
0.610562081557
0.951924340777
1.06541064423
0.444797163921
1.04770457546
0.727871177213
0.730242802786
0.538060821601
1.12979437637
0.554285916516
1.34836102648
1.16220399672
0.739503288667
1.04633284733
0.82516281079
0.481129025717
1.29448316538
0.512736740684
0.452729827753
1.0309205293
0.913454916364
1.11114199346
1.01320623399
0.457690611353
0.871281504034
1.14414342305
0.235596891988
1.16553513798
0.23336829539
0.611306617439
1.33181426549
0.604776380445
1.47796218054
1.31322819055
0.503583365186
1.12740131531
1.23424454636
0.279981014697
0.565305471927
1.14285095432
1.27557688966
1.24292126042
1.33149729614
1.10380770747
0.85714975609
0.911378151702
1.203586799
0.737848330897
0.624228133415
1.33430094825
0.858435065937
1.70834296811
0.760245278908
1.24244316584
0.591591225369
1.36210662765
1.04420086724
1.1692444769
0.471605413932
1.20348803887
0.98684726644
1.08955061709
1.07281036397
1.27624854352
0.282500432496
1.11400677877
0.6118106425
0.80730780276
0.512061163074
1.26629260179
0.680228484765
0.920990716351
1.14913773394
0.806195434892
1.48313381268
1.07029980504
1.18174204115
0.960334667977
1.16841390753
1.07299477243
0.469275034897
1.47996406809
0.18963853113
1.10313708505
1.16040309421
0.657739661495
0.968464541912
0.925741247303
1.6575191428
0.494658696777
0.368699128256
0.705208924869
0.827004810366
1.16679143093
1.27434018147
0.700955539576
1.03998973147
1.23236148175
0.630688588413
0.480105571681
1.30941065877
0.469812363583
0.84697041369
0.592306706317
0.530291557297
1.36588635937
1.18555694146
0.455245545943
1.46402176917
1.29776008893
0.382442322247
1.125329148
0.587768237709
0.950994241043
0.834271178469
1.18724292334
0.869276624691
1.42898860291
0.443034795917
0.862835947137
0.528187760634
1.24136692905
0.428399051038
1.39994298939
0.231692997864
1.2494938994
0.830198447188
1.28503923281
0.699790130955
1.00104557562
0.777966156261
0.44336805146
0.497521229527
0.682386028012
0.556777206616
0.443812745308
1.26814676178
0.884045684039
1.03283975135
0.730102293169
0.416646387041
0.773220914035
1.25250162571
1.14502312214
0.865033145671
0.881739452127
0.630538233071
0.587791514867
0.47971508468
1.0442010049
0.845155973292
0.531047564334
1.27264226183
0.395560073738
1.09718212418
0.699233599111
0.969469405005
0.382273152916
0.457921810223
0.414412497287
1.09715087575
0.986934281401
0.402289025377
1.39939561858
0.978822302352
0.685624464451
1.30201580465
0.776808049981
1.06676229954
0.66962934192
0.951093814457
0.427887606753
1.17834294186
0.672863639442
0.653266460273
0.99598956624
1.15019782261
0.521866855327
0.704593825707
1.15462841897
1.3693175767
1.09335632214
0.965623953696
0.647509875304
0.569429941031
1.21593177864
0.607579906885
1.17609479241
0.598309144895
0.722714214623
0.308080783653
0.615309446328
1.18985151158
1.04735670886
1.12112550556
0.491594487657
0.969806019038
1.34062619628
0.662599876502
1.14212202472
1.12023336106
0.685587622893
0.269863397685
1.25478704732
0.650839843168
0.676763213571
1.2457984497
0.971543672128
0.510413716105
1.25794092735
0.876468844928
0.838656939996
1.15889762951
1.32015304092
