0.536698899419
0.653760691395
1.47489835171
1.17587353751
0.885644976077
1.13178006629
1.22819979769
1.00563040266
0.608406454229
0.365091419824
0.458785119399
1.07383434482
0.649809645084
0.914111210874
0.955888204017
1.50230288156
1.24345586237
0.829488464631
1.47677738271
0.781368129969
1.01374232872
1.26711200828
0.66588465569
1.37514218182
0.666349266466
1.42552546176
0.788389981853
1.13907822402
1.36516947413
1.31386559607
0.866584866225
0.602903383416
1.18614964052
0.581593203367
0.734600592604
0.946351709888
0.388711265624
1.0900445904
0.649528455861
1.62663370311
1.00224022069
1.14508879412
0.698051899854
0.824065433865
1.15452387636
1.56814293576
1.23065872311
0.344088686744
1.43479005278
0.983994013023
1.29141795027
0.881444460242
0.346488590246
0.4991044534
0.473240924205
0.776254366393
0.522535971837
0.678499458268
0.432384504559
1.32915099787
1.321606265
0.856233909094
1.05473600441
0.588686415082
1.15312399189
1.12843654197
1.14641763548
0.459205824193
0.781368467851
1.28006601921
0.649774247961
1.15105998012
1.2684916691
1.24830415922
1.11675138084
0.458084873706
0.774570348533
0.812576778184
1.64097459961
0.373346511389
1.19022078887
1.21336179657
0.77227064919
0.780056067416
1.10478590886
1.4484966744
1.19531502465
0.973387164496
1.04572760465
0.973279602425
0.42605833148
0.742904710397
0.307588986454
0.868275713055
0.916900193411
1.22235287088
0.808658552408
0.818807128182
0.601593958895
1.05129603698
1.03147462661
1.38019846025
0.582607015129
0.760554192306
0.565905366067
1.28437537128
0.537655772969
0.568068722327
1.06709861788
0.998083889331
0.524271253839
1.35679551231
0.897692012611
1.11417709403
1.44149809908
1.34195596328
1.38168047276
1.48585670796
0.883813269149
0.884464998402
0.700307014738
1.32389320249
1.18263417736
0.543682913377
0.989669348038
1.4405393789
0.359878884193
0.514459100803
1.11028083074
0.756369402329
0.541476983922
0.607839151555
1.00975712569
1.18004349904
0.561420302105
0.64436756215
0.599305849921
0.61325271326
1.12521211721
1.29001956906
0.83506246045
0.278938101531
1.0814556201
0.762879651003
1.07044642856
0.991187440125
1.09514554401
1.02395882458
0.558290147797
1.15639496834
0.872829380048
0.973791838903
0.546121792939
1.16068202617
0.623569072329
1.0381703485
0.663372924306
0.821690623091
1.04772951974
1.06386414067
0.557380671448
1.21475911323
0.45235085482
1.15232291783
1.21846516376
1.25368815161
0.855154283593
0.529109049461
1.62765129415
0.788959018933
0.782541043925
0.575213856189
1.31044886619
1.29997284114
1.52396673087
0.995743502906
0.76642849349
0.979300029856
1.29675794381
0.715694695471
1.3817771668
1.31429968122
0.190973183657
0.814324565831
0.607497980051
1.31899128034
1.02514810091
0.420872508703
0.603596203305
0.516652234402
1.31697269797
0.689168766077
0.600061070305
0.994005982969
0.660414090298
0.903399230498
0.68819251549
0.921890836399
0.7580847955
1.07552092267
0.55494775076
0.410834447346
0.439748363779
1.22958854451
0.791600378063
0.681176764418
0.327844749636
0.50338969662
0.722971956045
0.523832453678
1.61219053567
1.06914425527
1.17736059203
0.800439120957
1.0407372696
0.457318730293
0.654507724683
0.67805942094
0.212397823563
0.587808164731
0.582690854312
0.575687414913
1.07685317995
0.991575354872
0.810650958374
1.38801325906
1.13715161321
0.362422637425
0.672812444907
0.746567876042
0.322235599657
1.56287319609
1.08822138677
1.05113120204
1.15888084025
0.35187199144
0.798485557143
1.0828226547
1.21088486318
1.2491457406
1.15140558616
0.211566980262
0.601341029542
1.28293872735
1.34079934534
0.954076950179
1.15710367765
0.466371662536
0.643826199032
0.724427309325
0.406940800857
1.19247144832
1.08188095495
0.755878074287
0.998450808969
1.18296233725
0.982822703222
0.792870214422
0.999793695487
1.34443301218
0.844247432782
0.861908517157
1.23661208331
1.20417850227
1.22783995233
0.66045164202
1.30822630505
0.964914042603
1.30534737365
1.02405632433
0.375850590809
0.712680491963
0.731791616799
1.12990422094
0.731659290889
0.341871624022
0.343759247572
0.937939946291
0.472922925183
0.591458759203
0.586473783641
0.896749040804
0.586428676435
0.725534216762
0.549824537332
1.30447339017
0.607089423284
0.468922373556
0.719320264823
1.29169475987
0.502035904866
0.898373690892
1.11219106824
0.566022629214
0.62616449575
0.92167659679
1.01627827287
1.13717906295
1.04271053328
0.300915589647
1.15590199614
0.626633340377
0.620257681764
0.479104533863
0.450437652397
1.30033793348
1.14091146708
0.72905380529
0.663179845119
1.18000994383
0.481280686242
0.596440286803
1.27841509496
0.298073967599
0.80431845758
1.08211553439
0.57461279623
0.96373652752
1.04941687114
0.805189010787
0.281116761832
0.44467534253
0.677180566053
0.560262875553
1.52655714272
1.05868986685
0.439305636362
1.12187242324
0.916596415115
0.522329575721
0.813128188275
0.318575703962
0.78373497647
0.630524515331
0.828031742013
1.06864581403
0.280578510532
0.935079477387
1.28164166865
1.19476918369
0.296542186392
0.825820671988
0.619336558039
0.406018866654
0.917659749663
1.24210506056
0.893523691045
1.51936234918
0.7944520157
0.650323768162
0.942000670981
1.43241647445
0.995524926285
0.48340327971
0.532169430824
0.761845614464
0.744859733757
1.00363836934
1.21263967705
0.789414080066
1.2226377394
0.606538256508
0.74210723762
1.1923772999
0.945410729843
0.46237646514
0.556998910238
1.27647547376
0.654385855355
0.951981352741
0.300375603178
1.05736305269
0.94870069885
0.700694433802
0.447115516944
0.567632674708
0.856153364948
0.872425951093
0.679180631276
1.10682451634
0.420987949131
0.991833448143
0.920351377468
0.857172353978
0.696506076589
0.677608234999
0.96046572203
0.874307460794
0.721196823815
0.454521291892
0.942721692745
0.922236520098
1.04240094817
0.944571690636
0.968247447294
0.520425483172
1.20441716044
1.24102784704
0.693465918901
0.547439136403
0.494833660358
0.876862073306
1.07601816998
0.980831538501
0.80264092289
1.21153182321
0.668360513689
0.573321451173
1.33718381868
0.650655681011
1.27449881188
0.510289224987
0.331545181279
0.926315429497
0.921140481503
0.458584698446
0.455903586895
0.793513713688
0.988578791935
0.466106778839
0.814292650566
0.401296081829
0.666309511771
0.779681627953
1.29853457732
1.43528433977
1.35721541008
1.02162838734
0.96231319188
1.37082586571
0.931140073989
1.11502124192
0.500765279203
0.553195839464
1.08783295142
0.975948940079
1.00880700525
0.425645098568
0.520653964118
1.15060742078
1.15914848976
0.705948243238
1.23429732487
0.249005372717
1.21399624067
0.537372729463
1.49395750538
0.735065700077
1.26647124278
1.15043502211
0.380265534166
1.13765333882
1.049171535
0.501606150813
0.685111389983
1.16489122554
0.910849906482
1.12416323379
1.2584710107
0.981523513547
1.09951226237
0.688331194475
0.562322077476
0.551485866502
1.00463650208
0.667779608742
0.712304655044
1.33314216054
1.51256270451
0.772056936666
1.28169247568
0.495795489736
0.528494306693
0.813311522306
0.92370795161
1.09985131327
0.519937595462
0.412660571632
1.12289946569
0.824427172366
0.952224361958
0.969525191441
1.36498598471
0.617192665525
0.380152829554
0.737823037564
0.791615831096
0.521052247653
0.86070603313
0.896635610827
1.54827205138
1.26342385739
0.542854860632
1.01459778066
0.613614971187
0.447382462239
0.380918438646
0.70534267001
1.02085890437
0.7620671818
1.21647827066
0.896034255644
1.46641937
0.376320020986
0.450902533443
0.887659217503
1.07430295854
0.156890088704
0.969555838255
0.551495673
0.973292101638
1.33606164386
0.694727102609
1.2631191877
0.839139854372
0.791504174192
1.12440695299
0.397291430134
1.06888971414
0.740915308556
0.71658121647
0.310003818928
1.3434612222
0.880190561164
0.668564148122
1.08519948832
0.398387949127
1.55633764187
0.878166242844
1.20460895337
0.582580064334
1.33599832413
0.334151033002
0.489157389727
1.07455114596
1.06486681981
0.62120167651
0.959181173319
0.327061235596
0.579734825238
0.290891861511
0.828684813826
1.39798340444
1.38869719461
0.423714424264
0.874897536521
1.00612984906
1.22586527069
1.12736539128
0.380789580267
0.734007947007
1.356071491
1.27422791682
1.30896298178
1.33019724537
0.720154263127
0.770604767017
1.34646522572
0.939980820094
0.451560536665
0.587046726024
1.17245644341
0.554851263644
0.336607074182
0.606908340527
1.15512590551
1.29241281519
1.0627854554
1.23503755908
1.32365285509
1.14716872987
1.24002361287
1.11793545313
1.27498803834
0.428915530141
0.466859781354
1.03829499134
1.66773103434
0.854832421662
1.41546951058
0.80375630979
0.413133174171
1.34228823558
0.446166065856
0.554009254182
1.19134368503
0.344926482362
1.39845937452
1.12167745972
1.19720157675
0.670912647755
0.669210725515
0.41730535687
0.699712485783
1.18407613448
0.863213532223
0.449020088085
1.00714148063
0.460655061589
0.790825514597
0.67990587821
1.63219379394
1.22815586289
0.621950133802
1.38876774746
1.28545402045
1.05089705676
0.539339472639
1.42162899054
1.30576184
1.35192233775
1.17807892115
0.965632019872
0.645812169465
1.37854010579
1.03364915662
0.77146333659
0.618857740199
0.600733161634
0.900793253548
0.442850916303
0.458670361677
0.427953138649
1.11898245852
0.693066914423
0.388360510972
1.34567457248
1.00003923427
0.260298566778
1.25573369702
0.942782158299
1.31294698029
0.381005815088
1.08647998624
1.28366910804
1.5184625379
0.613190505329
0.510160925702
1.1074972999
1.20913006521
0.534100189501
1.10512622794
0.834792728683
1.04802758107
0.517964424677
0.954938873949
1.58518690462
1.26744790038
0.437191848974
0.747164133725
0.341753867463
1.08334270709
0.806712475835
0.921154749625
0.516270938593
1.15798632644
1.00919996998
0.63572150097
0.309683010161
1.29601787684
1.16127478303
1.13875978514
0.549052286819
1.22642678962
1.0884464043
0.596327426819
0.898930585874
0.963840016952
1.0341228742
0.374939165911
1.21075285784
1.25030404747
0.877822915741
0.799312088495
0.719318640376
0.891748959739
1.3681728294
1.00617803707
0.479569603041
0.96026297754
1.51722777706
0.374137181161
1.08837698309
0.713558209429
1.16276367191
0.330672581245
0.230269784857
1.12193306328
1.1959412452
0.383434648633
1.25285154209
0.347923557473
0.791897176203
0.627550100542
0.554252817572
0.592777908941
1.08990416453
0.497301752592
1.18528998751
1.25257203194
1.65146796257
0.785452889612
1.12294536611
1.24406052935
0.840390548493
0.426650874638
0.442194218377
0.457513467885
1.40077059791
1.01223662426
0.794161338281
0.973043284807
0.584540990277
0.492336048481
1.07945510765
0.728926003267
0.339580564457
0.490111983527
0.804518070714
1.37629835552
0.703011088003
1.15948996584
0.912341916937
1.0094942812
0.647746492241
1.10455946439
0.944562538896
0.47758081278
1.20678811219
1.07572625033
0.367452640854
0.390593592313
0.507066279155
0.89045518564
0.753713560292
1.11724830243
0.397966248687
0.449764930138
1.22288220529
0.922493390942
1.02603226377
1.31019590574
0.884849698321
1.051491911
0.545897449998
1.11433525389
1.07174135802
0.443418889089
1.01690695632
0.549829669993
1.15122066031
0.995043907585
1.0350888149
1.19319428202
0.909040638835
0.686018104234
0.59841015619
1.25233666821
0.934193981315
1.24306421716
1.28126199556
0.696780669146
0.720781308561
0.777753244562
1.03779333318
0.941005534939
0.545916098184
1.1738832325
0.5962957771
0.567211171088
1.25323318092
1.21655387061
0.880706986293
0.860535337877
1.10070781054
0.72433372777
0.590648501156
0.951428216531
1.17714941135
0.925595466253
0.442239108154
1.18740753347
0.736172178832
0.614602272908
1.43293284276
0.739598989468
1.20099095818
1.07118988071
0.341841212851
1.13726760377
0.23727886755
0.602432239175
0.932815964914
0.704396028598
0.554305944484
1.02067882606
0.464044258079
1.10663295842
0.839944151975
0.832942466817
1.43578635783
0.155102003483
1.18264106007
0.910103416311
0.333423174895
0.56211850987
0.8095059322
1.49787178311
0.324914564753
0.603665927506
1.08198662239
0.958738555511
1.02754970458
0.821170714058
0.408187788176
0.453758609178
1.25388008278
0.727710408669
0.442152556902
1.0269496394
0.306375672927
0.874276728837
1.48602497302
1.02051000883
1.13107840247
0.243028580794
1.0086383098
0.558467646749
0.593612609932
0.900419337113
0.221699807919
0.978687694724
0.373780434614
0.563251240265
1.09292908688
0.895180436356
0.443034653254
0.552056704265
0.366932524288
1.51786281497
0.895320545203
0.500631732787
0.800263921109
1.19641628979
1.14896133284
0.816700166593
1.48919686627
0.846721437916
0.879163438236
1.07794361306
1.45601555045
0.370106217167
1.27075538577
0.542276626213
0.520222041112
0.481473181084
0.595645264477
1.18068266616
1.47521494083
1.55503323973
0.843876327281
1.18278944613
0.451623388463
1.45149717314
0.405640492376
0.912283035607
1.18744750243
0.714093483973
1.0116879079
1.10372208501
0.417195672105
1.32328453566
0.404118140677
0.395956306382
0.878042163857
0.420734528738
0.413149829645
0.40367446174
0.708359420317
1.08095131337
0.447676912083
0.934850078249
1.11335320415
0.459724795109
0.434446816387
0.396661308058
0.495204185931
0.412856635291
0.43665375323
0.784425511988
1.34049289002
0.95117858662
1.15933177036
1.01055212691
1.49502416716
1.54060524767
0.960365672021
0.925959548309
1.04418151243
0.916879446868
0.259376130167
0.205708776483
1.22723706954
1.36398015533
0.534724970005
0.956862008486
0.724633124441
1.15594503459
1.17121101946
0.398508994564
0.504564993391
1.17191915357
1.08300996937
0.86936455066
1.16049352945
0.759047447185
0.491188457244
1.21878927472
0.924559782986
0.270664314763
1.22929889709
0.907371544697
0.65193163779
1.19178216778
0.595877438906
0.530893664056
0.42380253103
0.37680416403
0.883207958092
1.01422464002
0.801163193424
0.313481611305
1.48002429131
0.362365142035
0.855828330267
0.317400241473
0.617166572766
0.980249314914
1.05952531504
1.01557662593
0.632494194463
1.18777845203
0.83420175844
0.742188237434
0.859314186948
0.393642191873
1.43813361305
0.362906923212
1.64474782134
0.549811910621
0.539952277466
1.20780431853
0.765675152676
1.04168382422
0.665049873997
0.554741429412
1.03113849938
0.761232197777
1.35128503695
1.05477195197
1.1328294278
1.07211783908
0.389975720018
0.544890625879
1.06001698154
1.20913207857
1.49462824935
0.627426045165
0.778381409748
0.816158779267
0.667744983212
0.924809448899
0.599708304671
1.1986722475
1.46002609073
0.612845622324
1.02747590574
0.489395710878
0.522824443251
0.449374107349
0.820396110299
1.33627770465
1.12579722648
0.960947704539
0.391111239863
0.466303066485
1.03488901591
0.75007886165
1.57412358309
0.754617406742
1.21825445034
0.833061490143
0.545024683157
0.684849693785
1.52712073952
0.315846531008
0.686933426381
0.475449693309
0.616344317159
0.908993853065
