1.6708333427
0.658997654504
0.597916163775
1.21334191719
0.67501440387
1.18714835693
0.537648344078
0.670748025295
1.07652041294
0.695915701165
0.75913296068
1.14014544618
0.601991045714
0.749889216609
0.328178154973
0.409215803922
0.945520523299
0.886084080409
0.651523511044
1.20405554519
1.18813159708
0.681228931825
1.40966477239
1.1787171109
0.766028564155
0.781418012531
1.00212135779
0.961300125562
0.337475091044
0.968250721068
1.35537476923
1.17469283961
0.491726398894
0.961312596899
1.31374722873
1.44994092575
1.50497585161
0.502955581278
0.586117046923
1.42429442408
0.878163710739
1.19442558822
1.10799097729
0.86850772836
1.22495570479
0.596216153474
1.11253016371
1.32185414287
0.967200844899
0.623105662693
1.3021609606
1.01665696579
0.489183322929
1.17115492081
1.28723661232
0.854544627046
0.483875815337
1.14665642853
0.531023853419
0.575899609895
1.01884027115
1.02403662609
0.637906268077
1.26259705828
0.56314577091
1.09516419794
0.449536687725
0.992201674134
1.11851823897
0.624795599497
1.03820219488
1.13070768209
0.470979331396
1.52962381382
0.799202414436
0.359154886197
1.26083553715
1.00245060009
0.577112741111
1.0793568572
0.861301088967
1.37742980856
0.729777645494
1.17662249863
1.53281708131
1.25842625367
0.238132614872
1.30618869331
1.2546499694
1.00025552883
0.736162143733
0.664587626315
0.695932212613
0.415823279984
1.37197310705
0.765969952209
1.12032156173
1.44059778025
1.09885475016
1.52420747478
0.755140035415
0.328968933944
0.219051319474
0.449675901188
1.22152218798
0.626631023847
1.29810865619
0.706328497982
0.781415548929
0.72719480354
1.25475310059
0.504662308863
0.549858591497
0.882272371591
0.887763608426
0.946242692341
0.602069103273
0.525313884378
1.52003007058
1.05216236138
1.00086798765
0.629099515759
0.569652570854
1.25571589621
0.639335977433
0.658802488237
1.26132361984
0.783741126037
0.952173673036
1.15312274132
0.950658534601
0.776001684961
0.797810060648
0.651289055643
0.650598616643
1.0433846708
0.974204159122
0.828133857296
1.03063391867
0.799888837314
1.09281395721
0.448164595399
0.528910736957
0.586441715378
0.613916098804
1.37434658225
0.636304322403
0.424649351284
0.755589682629
1.10961798512
0.300152305443
0.879660220085
1.07877972173
0.479979625798
1.07121288671
0.927767435508
1.04426968842
1.13513134628
0.991377586158
1.3624550443
0.447056565943
0.688299649542
1.2270258176
1.30905332053
1.12106031598
1.08329554398
0.292940040041
0.404648797698
1.57871437814
0.477289259424
1.16306102636
1.07949877275
0.374043650652
0.748794830436
0.967103139148
1.26807174608
1.13118563355
0.741867408421
0.987715292433
0.569006623841
0.320197080793
1.53346588161
0.485800899422
0.927834060926
1.14439145719
0.956109404672
0.806636857326
0.406641531734
0.685019128014
0.293452726765
0.811549862936
0.525470543057
0.284202934435
1.0046282806
1.44300597748
1.46529196146
1.2347186419
0.818247610348
0.341695230911
0.972482832859
0.929560035146
0.919641102611
0.70416398969
0.993977444939
1.57548471919
0.579524456617
0.663421357142
0.262294187306
0.50474326798
1.09285529686
0.561904921902
0.692429856481
1.47450088361
0.603255390297
1.23900628432
0.501182942322
1.10966370126
0.361985599234
1.24411472311
1.22884518662
0.66272918138
1.05476371703
0.67689991335
0.669111796578
0.48708926402
1.12208840018
1.03591456197
0.881471786248
1.42860596022
0.647807621924
0.570453332391
1.19293822913
0.960018902269
1.11847892772
1.23519734662
0.710529730194
0.401424391654
0.562293675095
0.639013196764
1.29728410792
1.06672331213
1.09707036205
0.507278576238
1.29436235359
1.31027961675
0.276118489985
0.598947604482
0.823533917478
0.968023993695
0.455640055775
0.582311179527
0.847880435473
0.4973304026
0.623127131197
0.683570826276
1.33416940124
0.506411684182
1.26797314285
0.481916471038
1.2942681869
0.424819114183
0.394114922245
0.78886855333
1.09392412677
1.50049014438
0.905551216111
0.801671894144
0.84086037062
0.898287898575
0.734833196712
0.728064030181
1.0741841636
0.401732829517
0.732035871265
0.707994429245
1.47019169739
0.86925511963
1.03333631288
1.10092646934
0.813967454681
0.437985782622
0.576698510917
1.01434542489
1.24070506549
0.713346336981
0.608262443223
1.14559668614
0.777800534363
1.42287387552
0.794924050999
0.430282194891
0.822344008869
1.07984340979
1.18599412255
0.553654645986
1.41631038925
0.844524711826
0.857734629283
1.51919834282
1.02975435978
0.730214308229
0.308391137831
0.635878988734
0.944786214757
1.30011644812
1.14344046971
1.35872667467
1.31445471207
0.367368833751
0.668734553644
0.964615621805
1.10065021469
0.604587635243
1.48307807316
1.16184353435
0.548122159105
0.742434286355
1.13140048233
0.89423980566
0.4146480488
1.18000924352
1.21875202578
0.70642297128
0.841026169275
1.14179619181
0.414186775037
1.30998595235
0.636642308332
1.42619089756
1.20879491562
0.563933789866
1.02745131958
0.811136591011
0.455967751771
1.18534247768
0.667190789971
1.04661185645
0.443272688499
0.732134640467
0.734614161021
0.347989481054
0.778354477271
0.578452728434
1.23593957671
0.73814822538
0.846017931291
0.885835923179
0.57073746668
0.995082186393
0.643093808963
0.582733082585
0.718840078886
0.545909803656
0.509784996097
0.717316728546
0.938770354255
0.62782063984
0.556923411551
0.59735649537
1.24374884321
1.18996676015
0.344649407462
1.57434537497
0.981586003631
1.17515409692
1.15290519876
0.74187482298
0.983398550136
0.313805587478
1.25873233509
0.489288488579
0.636607934089
0.708364979697
0.646311179895
0.683252232062
1.27710964566
0.392633141441
0.996844016657
1.39240550269
1.36008946722
0.505606322036
0.781628980914
0.932813380274
0.798317358948
1.37444001999
0.955214283469
0.941453511765
1.04732959859
0.642208942008
0.341378121472
0.667241232548
0.322981265128
0.654174535225
0.424544173132
0.874390616533
0.743450523131
1.39956407511
1.37136307799
1.47573591909
1.31001547281
0.788683551103
1.3820072513
0.573823382855
1.03375426161
1.1113887559
0.889906697347
0.948689416662
1.06526431079
1.09270559205
1.18258782071
0.948040477951
0.439478042786
0.599101663121
0.707306016816
1.3622105801
0.972916952727
0.361952978816
1.16329675368
1.0752078245
1.10344539398
0.432722239627
1.22219528033
0.410292638886
1.12075647202
1.42912140366
0.594148450724
0.78260786668
0.794622143671
0.603307956345
1.1804512781
1.15066377732
0.980076256048
0.779396564622
0.738983692583
1.21945147391
0.440333791107
0.742595720261
1.25055478524
0.6593112498
0.865565722792
0.329400490728
0.477359009432
1.09037207672
0.940091719854
0.866870985143
0.706885353314
1.33485245354
1.25195512515
1.00779893627
1.23964689608
0.665271315218
1.0107099262
0.648666985827
0.936708674903
0.840527733182
0.321528058237
0.639018330157
1.14442724103
1.23580684639
0.381771350709
0.802209086318
1.22449502329
1.28714672953
0.666579432016
1.13670721838
1.00254087844
1.11847735727
0.981177442091
0.813638578928
0.426381116278
0.863363196935
0.547728747541
0.624227284929
0.569375901121
1.03015247994
0.520296488815
0.937780466889
1.37106298503
0.69296130107
1.13392385902
0.785472296842
1.24442063841
0.37912564123
1.18457785699
0.403618471596
0.445111870981
0.635461439023
0.876943988436
0.348270080334
1.08600965592
0.693500726427
0.386077335106
0.331054436124
0.530324919416
1.15497224506
1.40236304724
1.21718099758
0.628472969707
0.729557780935
1.04166151319
0.819987624167
0.370467786337
0.448148072386
0.618395610706
0.830625628953
0.518538077696
0.521226373686
0.819836641804
1.10254864285
1.29254378529
0.991519908619
0.416086988871
0.947859014243
0.553898366037
1.06571671993
0.872686046885
0.657786327957
0.395357057419
1.1149896373
1.06862520467
0.319294856279
1.08086722171
0.376189015282
0.595356759481
0.399545167507
0.622543616852
0.614762620318
1.53667514855
0.86005060993
1.21832937713
0.992094062957
0.928829683756
0.399589812116
0.89245038837
1.2398507296
0.397969982546
0.689000693993
0.511431165537
0.301666358175
0.734490783234
1.19625701392
0.988698989108
0.722896281281
1.55547896231
0.780669780902
1.24933921292
0.783124617949
0.568486398936
1.25962508605
1.04083196576
0.419659431083
0.891020609246
0.723632975196
1.09109501706
0.614429976794
1.18828538563
0.947980549094
0.700123452326
0.834146793763
0.812723104898
0.779533174073
0.311423375288
1.32037817599
0.365864774272
0.547297026182
0.383576670773
0.896971576554
1.02517057544
1.00253494848
1.15434061881
1.04217539078
0.338690618644
1.06965373826
0.525398753155
1.34168891209
1.54977692158
0.764020101208
0.47733657493
1.13009513364
0.700556277089
1.21885941077
1.0298480944
1.11110602461
0.410235448498
0.567054652418
1.19077378871
0.628317126779
1.14886908163
0.999388168374
1.24805464455
1.53315781695
0.736978752631
1.38451904509
0.484755461794
1.46120952131
0.606386336818
0.711289901936
0.342169351041
0.75559984305
1.08498907719
0.455499101742
0.366620113432
1.18234441182
1.25538295695
1.59487727084
0.890916218262
0.492528349067
1.2459644697
0.840515668623
0.185376774075
0.684585218342
1.05221669678
0.854546008757
1.01488270285
0.724973873582
1.34319557383
0.630871486806
1.05503149272
1.02207144854
1.68142064735
0.702994929136
0.67123205638
0.859743738716
1.08802313605
0.854124673751
0.279878527886
1.15797050365
1.10192986498
0.59948861442
1.27786301787
0.824746033762
0.34414179768
0.64550981787
0.801599613461
0.698982866167
0.511001771022
0.533584709544
0.906874742894
1.13930801565
0.601018016982
0.436794872995
1.16353508236
1.17131894426
0.313489832483
0.950632399454
1.24989485995
1.11005476933
0.578816599375
0.699516376437
1.1448317863
0.881535256856
1.60625423936
0.686445136735
0.958350637988
0.959678407597
1.02911776
0.778538753788
1.11101375097
0.579892635591
0.633839341604
0.402723600111
0.641155652992
1.22884965438
0.526411378625
0.201963965603
0.883724307553
0.871012724661
1.26650461999
0.494902553316
1.45152099217
0.462190271868
0.512303587955
0.565773054835
0.402750141377
1.02637731942
1.16251432757
0.532978415723
0.936156117447
0.831742558155
0.468221430144
0.551968620449
0.674483537486
0.932879388211
0.981064414713
0.468663985649
0.534711968061
1.06054913246
0.518570324164
0.48388700899
1.33369503788
1.66006121106
0.634540037374
1.03022670331
1.11452010856
0.997824928658
0.924825940644
0.864795225141
0.853196906746
0.568137631884
1.30141249367
1.1050222984
1.16304783733
1.29899909945
0.45847924542
0.506083282199
1.13380316153
1.27756423515
1.27953171199
1.0562926455
0.380764403177
0.91145631877
0.964202408484
1.06170677841
0.361016699405
0.657655834648
0.971201740295
1.11791589463
0.696209294929
1.14660168681
0.860077765107
0.618426887205
1.61144576195
0.567246393699
0.70438603752
0.950438458037
1.06224293576
1.47686168187
0.419797942348
1.08520926183
0.914220221194
1.3888570295
1.16438734403
0.947513569978
1.33617640531
0.91341697054
1.00963128916
1.45630308507
0.92516256952
1.4432502508
0.721628000795
0.98075153127
0.768071387512
0.884899162561
0.802045373682
1.14104422598
0.849552285172
0.867612134519
0.416034207603
0.484578493523
0.806207799597
0.824210379983
0.299283742846
0.420950704901
0.389805074667
0.191378852389
0.839417313841
1.48947456423
0.724156188956
0.675912472627
1.1732928119
0.623914332835
0.487858414902
0.88845740103
0.490338874628
1.1477814407
1.06106721267
0.458451220752
0.687782097562
1.13981152639
0.865228903975
0.755352014527
0.793897939237
1.11905583255
0.947927019211
1.19334186352
1.08582311107
0.437674625136
0.205099056879
0.439604751049
0.4364993482
1.52140419164
0.726562065609
1.36499465855
0.421505324416
1.40562789492
1.3825577339
0.243305309547
1.07037365179
1.00030327786
0.56618701917
1.22255357326
0.813375128662
0.985118372892
0.931439790683
1.56182814662
0.485278718588
0.930982069217
0.773658272519
0.394634559023
0.800980372555
0.645861066851
0.547158758761
1.29685647984
0.752630559609
1.01695515809
1.06516760297
1.45189445535
1.15389417847
0.637314154374
0.586843152212
1.15886836781
0.773865592936
1.32744757142
1.12004752703
1.01530237119
0.935143537683
1.38325054656
0.674183473044
0.982846278434
0.724835307838
0.649887748091
0.708851557155
0.951668483341
0.644270138786
0.504957139903
0.931787610187
1.11377144804
0.698506968886
1.3366511221
0.966949850716
1.4385807469
0.658151682909
0.256965802874
0.540423077134
0.812580314216
1.41336195489
0.58328860745
0.85660778464
0.552998276457
0.51484002576
1.01542318128
0.82791983594
0.572422777795
1.27984020383
1.03349410245
1.39153738489
0.682252337341
0.840680536226
1.11171618097
0.799020911028
0.751393489028
0.966437916388
0.884036751714
0.558959380288
0.644282100887
1.40404299304
1.11928161102
1.05091260322
0.774224943779
0.43829268259
0.428626767775
0.586308620068
0.869712711384
0.449146179811
0.543780165821
0.852651230832
1.48136973563
1.43693460954
0.770297769913
0.225677662531
1.18395518709
1.19671853513
1.25322088546
0.920862175521
0.324002521779
0.504621579911
0.460049466949
1.1815152826
0.636568895137
1.38174670598
0.526089897031
0.463525995045
0.564756503675
1.1493299871
1.65091699455
1.05356575479
0.286987815718
0.402948783592
0.819349207881
0.46245398446
0.55220830403
0.581514732541
1.24693550956
0.811550449105
0.563255458245
1.00667785084
1.28274829641
0.486808523798
0.896772753717
0.567583041523
0.890671537272
0.8451354449
0.821846647689
0.438204623319
0.29125816378
0.464635272633
1.05144466402
1.41608196255
0.81054740826
0.852396156891
0.306670033263
0.793047482314
0.880196477192
1.3561764642
1.55881879165
1.38375776946
0.930875923023
0.631629955996
1.17204162196
1.20612289738
0.888728832655
0.863137671502
0.832213809295
0.420341805742
0.614176869879
0.643578650976
0.341615282704
0.412967491205
1.27756577955
0.659509389056
0.991944054747
0.890062457213
1.11714050157
1.50252562715
1.30774768648
1.20102728277
0.697879190237
0.942688110522
1.2570772106
1.21774511801
1.22205502941
0.434207953401
0.806416032374
0.754394284891
0.890405554322
1.27491178874
0.386627264992
0.876244334856
1.34790018157
1.1712606515
0.400421758084
0.394563065182
0.921084593076
1.06989350718
1.20224233066
1.29572852489
1.47564477073
0.586938871771
0.947526811428
1.23956793037
1.15412752168
0.470632588876
1.2103043361
1.06105556137
0.587714357948
1.56451511515
0.976456443669
1.27348194122
0.574684469167
1.47348019772
0.560464039937
0.746287647225
1.15295395816
0.333647041454
0.742316757788
0.681125090364
1.17965685927
0.641580228692
0.795652459055
0.301929125949
0.677913173
0.705208730519
0.529188765334
0.82123321167
0.732968292451
0.593710741701
1.2290590596
0.938778111739
1.32665370998
0.627233850252
1.07702378078
0.717018714175
0.888807935105
0.725011260626
0.411692330092
0.841974335076
1.32923159069
0.474195553884
0.386788520081
1.45282429905
