0.902038825643
0.525982324366
1.45030714534
0.336243041888
1.27215351544
0.590499159889
0.391382945755
0.475334010245
1.02636955076
0.357986951911
1.21587845128
1.10923954583
0.493453754814
1.23797350862
0.740248046081
0.968876645369
1.24993950605
0.736010375536
0.859828554366
0.869048316549
0.630481196781
0.758966026391
0.844120356771
1.23796167108
0.767073724249
1.47043543104
0.851636039596
0.342540082815
0.5194702548
1.36256665571
1.06790808058
1.05306753941
1.43736934516
0.717389791722
1.00923392777
0.706491210447
1.1395806486
0.98664148452
1.17321526727
1.01953568604
0.705524438578
1.49272816641
0.575382903037
0.295382709183
0.890565417334
0.677442853705
0.505355776872
1.24529774108
1.21314499689
1.20610006582
0.553646288908
0.269059109453
0.731227605507
0.529237550847
1.2454267802
1.31105451653
0.787781101843
0.694380748675
0.526968690647
0.463939116983
1.18008057778
0.897068824255
0.249049527344
0.565261985374
0.634587320758
0.445471169124
0.677414783504
1.24302237428
0.604397940371
0.941146284398
0.776175365561
0.768661507589
0.491822507684
0.72030590284
0.3394385859
1.28373060115
1.01611661508
1.13344516951
1.11311550939
0.594107018074
1.03965567218
1.27124759566
0.842965794838
1.17818912679
0.84323957813
1.25253277926
0.424212622099
1.04687727374
0.612600883436
0.826623968175
1.22556537241
0.659664563789
0.236954644589
1.38406177007
0.683645463022
1.54079997591
1.35669633273
0.681713495753
0.405138651762
0.467919598995
0.524379068328
0.824599167303
0.484431096608
0.251761076819
1.35456495901
1.12864592705
0.915652539252
0.54220085196
1.63828934154
0.500464032299
0.585536106004
0.240051518927
0.524162169815
0.750130159599
0.363929420159
0.827183262298
1.40836676493
0.370127429946
1.30795081519
0.782560421808
1.16444515229
0.410979719152
1.30741256566
0.544137400494
1.0981255851
0.522503012557
1.27471366996
1.04816703279
0.979742902525
0.324403887693
0.760393650963
0.500652622533
0.89131575739
1.06472071858
0.781486854521
0.456904962455
1.1587977323
1.00102731826
0.580423709792
1.29004614602
0.939109399426
1.14414326575
0.892815314711
0.541574073379
0.835379293395
0.882736757764
0.803864459268
0.896558379142
1.09675707944
0.358874260194
0.790372682508
0.763966825882
1.2555223639
0.269969596941
0.86617591645
1.20964375695
1.13321931394
1.10991553399
1.26151194049
1.47359625727
0.885667058051
1.56791724382
0.906526147139
0.893570543453
0.506368549482
1.20849884193
0.404465752514
0.80107842289
0.730333777737
0.8231142276
0.654261352826
1.2766677052
0.297536407663
1.39043471389
1.04967060791
0.948093595855
0.52682304946
1.48101102892
0.534131689821
0.849177135574
0.985434312424
0.952813882811
0.6649871892
0.935597172015
1.3172125691
1.31796459367
1.20877994652
1.29542285163
1.07647475665
0.931321918001
0.742480575795
0.835372135336
1.12005721087
0.693949995369
1.2110038001
1.33159599312
0.583150598125
1.45214722636
1.42275882676
0.50689886171
1.12426019245
1.13519291303
0.932828730138
0.549883720688
0.60520486259
0.696349919036
0.921324493075
1.11473446496
0.633327150981
0.797764523246
0.47169729135
1.19632788996
1.37234099698
1.34548443985
1.16309759441
1.03377585994
0.961705787183
0.817057498456
0.926489415361
0.801055353626
0.574289806789
1.17593226475
1.51364418109
0.975873746276
0.956134509285
1.41656046806
1.3552511293
1.66801204102
0.893557046682
1.0098518234
1.33300150324
1.19231907672
1.51977977459
0.609985223354
0.861858585373
0.499785084274
0.627983724725
0.928307014941
0.745307349494
0.987240593342
1.05216509581
0.859067108044
0.864072396386
1.27148609055
0.785509583376
0.390182701504
0.440410494423
1.10782612115
0.648841428363
0.487125895759
1.28606746795
1.34913571606
1.63853619179
1.26213888624
0.980068450756
0.417106821957
0.814103236997
1.12149873931
0.635248052281
0.823833353952
1.41559790365
0.232410450209
1.28760247451
1.14231498577
0.80870166327
1.01481663414
0.586093852684
0.679837841161
0.72671900743
0.548810048415
1.23822606772
0.530330372567
1.43328036431
1.2927108713
1.18618236274
0.767267265723
0.77057064739
0.961234875062
1.17792568023
1.08211550849
0.649275082403
0.498433271117
1.19710443608
1.11777095821
0.822446075227
0.908761686715
0.843952062517
0.746070102518
0.803694767461
0.397693353019
0.248365717982
1.02412366833
1.47430756074
0.343933939438
1.22806638784
1.10242392292
0.848028629442
0.989388759226
0.50864653126
0.361539576854
0.739950990109
1.01745831476
0.469358015467
0.605387307258
1.22870121939
0.338955660963
1.05738761823
0.481798241073
1.28763362839
0.373335499254
0.801020728041
0.504766138837
0.907370522314
1.32328633031
0.706152204567
0.505564128306
1.2126736072
1.06420260301
1.08457760439
0.563330740594
0.785903352443
1.28455931338
0.723020607609
1.18279517204
1.01437375688
1.05460625065
1.53611294402
1.01774781568
1.02400786085
1.08230884997
0.477245873517
1.13737734978
0.902310775214
0.470573674351
1.13712360041
0.541718544413
0.758826336952
1.11865726108
1.22794057274
1.01746957688
0.539096791729
0.505356730138
1.20446423079
0.682936293938
0.859939802029
1.04155299009
0.80355600173
0.741800369254
1.35360924543
0.566929049216
1.24417150312
1.31859311487
0.699210938885
1.35465587728
1.16993671535
0.560472387723
1.10064514594
1.10115170944
0.738755179298
0.304040862905
0.55672983473
1.25735247413
0.672960878166
0.631891168078
0.785334664006
0.705219565371
0.80220525624
0.468772498138
0.61846124141
0.477799610422
1.28293376274
0.49395926947
1.10271492056
1.00576317869
0.783002460776
0.511190558146
1.24581327543
0.529174137165
0.952406878091
1.55012269193
1.1979553733
0.80786661189
1.30496193813
1.22215211166
0.644371313233
0.998534739622
0.968504509624
1.10313413013
1.34327893953
1.18948236527
0.355858819755
0.61461874949
0.709099468025
0.738239669489
0.486988167735
0.671234310273
0.8845682083
0.671512169119
0.478937024361
1.12592693279
0.693905127015
1.03383219617
0.942599055941
0.649029403715
0.873700603283
0.471024277291
0.624596079632
0.883678398819
0.556603379241
1.69240520637
0.387119383297
1.04199842427
0.944127146216
0.886504062264
1.17495915967
0.880229924637
0.294189833914
1.23269095681
0.628335235624
1.02080674764
0.520579379937
1.04713275537
0.401095920994
1.52957709628
0.502621848956
1.57397585336
1.3742534808
0.835712486445
1.06698560726
1.30883942284
0.974858044541
0.878777982309
0.57066109778
0.568223412556
0.90000611822
1.29691459399
1.09164682185
0.370219050319
0.425477816385
1.08921097976
1.00169271775
0.884128699339
1.32230797179
0.408281285513
0.366372234274
0.798748326615
0.88965045197
0.56103537998
0.423561252381
0.638368925925
0.630006625952
1.14494023972
0.704861175363
0.792233453838
1.3064567992
0.836998300965
0.675008084189
1.38789242
0.434748314848
1.16297029448
0.747992609474
0.861820954146
1.09820887745
1.08515419043
1.26804329771
0.377681216518
0.717787940507
1.39542276501
0.423097188541
0.815328829115
0.340910540097
0.333341946851
0.95011564587
0.448323144997
0.709188811243
0.712994777868
0.729731291851
0.691425039478
0.465958627478
1.04645740037
1.24959188677
0.913124068095
0.607851225514
0.628674809103
0.997988624411
0.783022140346
0.810654037451
0.969051681237
1.34739652517
0.588804877085
0.603147605249
0.325534966587
0.750070299131
0.622333798379
0.682366085706
1.50503163072
1.06133498206
0.712187871597
0.581911215202
0.639004538807
0.341989081718
1.31739197279
0.772159240603
1.20580970118
1.62547575212
1.37699591641
0.486390090235
1.1289816699
0.563713679742
0.490968521466
0.630419687766
0.442940981368
0.744758128384
1.09671031979
0.968585271069
1.43996604423
1.68254029481
0.530248597142
0.551652777088
0.78808039425
1.22149945422
0.982993460222
0.627850054611
0.874584479272
1.04160030417
1.4277789986
1.01155391233
0.457261244281
0.789857045362
0.842335674292
0.526931769533
0.733624765876
1.01888700023
0.549094407341
0.697955755073
0.426983558451
0.981423776006
0.540564687955
1.06722662764
0.516705084426
0.923495886263
1.15860779018
1.24184956702
0.562199618004
0.488928946364
0.774170183869
0.814011238474
0.62525806991
1.30040129262
0.625843526377
0.858432592476
0.776703006958
0.87650003065
0.588451609283
0.372034531084
1.35703139817
1.02506669688
0.726606027747
1.01063270748
0.60436128498
0.322437143085
0.886511705242
1.41089296892
1.14044861813
0.853837205754
0.797109804949
0.569250635548
0.792502062595
1.26216254795
0.973450458711
0.334754355823
1.33864994832
1.16629077597
0.291193462899
1.02401248247
0.543218715463
0.637905776372
0.569823879362
0.647902722528
1.20735354235
1.31932109533
0.837157649715
1.01153779206
1.32608891331
1.06231726817
0.304732946403
1.16703832448
1.0787336026
0.672159178127
1.29544075355
1.12986108802
1.18217192327
0.474016012916
0.885499423438
1.39754487099
0.825876684152
0.841617339339
0.928004350189
0.995310022725
1.25771813401
0.768292776503
0.848476711701
1.18219824141
0.400903079181
0.413599651957
0.942181653967
0.711689940406
1.34998303441
0.744031998906
0.860767149595
0.494484846962
1.15167595587
1.14899345012
0.589319239233
1.23306710874
0.771530792912
0.455959403749
0.41835370062
1.06225923984
0.508865801431
1.36944918266
0.995937676358
0.554065671952
0.661729755157
1.06199417528
0.997313320126
1.25162052803
0.896955850465
0.75774679873
1.0126711103
0.376979411599
0.968766229764
0.609822857568
0.39577790364
1.51878403893
1.0224635295
1.44131752157
0.381933204591
0.523017715461
1.39923198622
1.21432209141
0.406033339672
0.882608815997
0.620987791186
1.04821301825
0.548180570153
0.744967186054
0.768319336619
0.97705179435
1.26720839174
1.2011031499
0.316142072091
0.507046000882
0.487768470075
1.38482319799
1.66477079178
0.434111112972
0.604251619849
1.13742051943
0.64732489593
1.05329344543
0.456951332642
0.445454550935
0.720410804472
0.567273212091
1.02832428881
0.47225289478
0.488323226701
1.08631633746
0.725277501438
0.478468110995
0.878193370031
1.40940750901
0.493179952829
1.52452354211
1.15791889711
0.274194571968
0.762085916307
0.410265325749
1.09273463975
1.17794929612
0.796607421788
0.381899303916
1.15409340015
1.64255376168
0.742869716654
1.22561926
1.11658502675
1.19927281214
0.422044080801
1.19086008028
1.40146879169
0.704123787442
0.943237895385
0.521590180335
0.553250749422
0.722552900154
1.02605174752
0.544372942209
0.925048279561
0.727472198932
0.486494452713
0.306038279219
0.823841858219
0.479167657185
1.02288869903
1.10176027644
0.521653202364
1.456785247
1.03379003509
1.42264436205
1.00165871419
1.19182061107
1.23475268769
1.16458527017
0.381295164934
0.885626717685
1.13727192408
0.372013130627
0.740306790294
1.19921627727
0.991678654944
0.520754469026
1.19326647233
1.37500952984
0.632044750385
1.49859329181
0.758605642529
1.53312681666
0.496845969633
1.11159325
1.08096594477
1.39552153137
1.19933889595
0.588813430575
0.476958567689
1.01660291504
0.951793083148
0.821732385669
0.695108956765
1.22895331526
1.19619551178
1.49871561961
0.976155641887
1.23135303074
0.955134767374
0.352411633112
1.2642820957
0.677703056381
0.660344440816
1.15808480608
0.891114934718
0.995339704135
1.14226732599
0.384976299096
1.29387490615
1.28637026464
0.793172031471
1.14185264857
0.932750950757
1.22372938154
0.529343461684
0.935998935628
0.53985482619
0.452699425224
1.33039898371
1.055534237
0.380836637019
1.3396107085
1.15602712618
0.574119520833
0.584459136235
0.709023885952
1.36693486496
0.367936799139
0.438592358308
0.924554400143
0.863300422585
1.18864932365
1.41831000764
0.668225271819
0.327378672731
0.669075810444
0.404077056011
0.688825705598
1.10019103035
1.27275713394
1.49725729407
0.680520422616
1.49854189111
0.755400536426
0.453718078945
0.719867742937
1.33573681953
1.00831626262
0.593572347396
1.52229486641
1.29507465393
1.20027699965
1.41666344285
0.383179369341
1.16847364318
1.09822004917
0.395194487572
0.480715046529
1.42042866926
1.46766944507
0.719557189952
1.10659104103
1.31664183083
0.433013346491
1.02745725268
0.583557022662
1.19042602425
1.46563480753
0.502903535979
1.33553414897
0.762963583008
0.817246682067
0.592982520675
1.33325394334
1.22736526945
1.06853072141
1.65331775877
0.956061276308
0.60256077494
1.22078467587
1.15831231995
1.19939254779
0.6855131192
0.435770811339
0.891879095675
0.455082403661
1.2034352767
0.467016046114
0.905240861981
1.10334850109
0.685506595659
0.354188182222
0.731027130254
1.47637844087
1.29567779681
1.09617472704
0.60114588127
1.43841641608
0.4654822039
0.839824246337
1.27382718675
1.00795751487
0.279197549983
1.10829636462
1.01741963555
0.667033857484
1.42834716307
0.682682874336
1.145720117
0.302410607419
1.13946105149
0.279337990497
0.252577216377
0.564588494547
1.26773858668
1.24485178813
0.665513123962
1.08658888984
0.737214982244
1.14085989256
0.629731983736
0.340350700952
1.00692667886
0.69634765222
1.45614317579
0.444020932438
1.22198729953
0.828913536145
0.724575610125
0.649209030173
1.43790035485
1.0409819534
1.02625100357
0.51225532822
0.671475135616
0.446331039273
1.12983102633
1.01418020741
0.83726906834
0.512694602489
0.687477222699
0.955144031641
0.825619390396
0.93731366603
1.42941089135
1.18632337057
0.808082498957
0.207590604929
1.04029913025
1.24026151616
0.65322590405
1.0658866064
0.643122496459
0.892486965148
0.706375172028
1.34275919036
0.908819057878
1.03410915793
0.745426298935
0.820420924531
0.249928318381
0.599419147973
0.40147777111
0.741689963028
0.689436365227
0.552692345647
0.420021637503
1.43368226648
1.21448707076
0.361953745254
0.574193883911
0.614535660628
1.50966925679
0.570432955577
0.283696532585
1.45916553166
0.668989074813
0.803133944968
0.430088441146
0.706248444946
1.18722284429
1.42689591802
1.54406912431
1.17263159611
0.566060918678
0.574453856251
1.03485798548
0.649301743353
0.848158135653
1.29698051701
0.633280541177
0.85347235352
0.492374322889
0.978354212788
1.40430782729
0.845469164166
0.970279202292
0.950768974628
0.655192856783
1.26266011124
1.12013111257
0.975379778073
1.35533807734
0.418972731903
0.705504471515
0.703136252522
1.19346059222
1.05893048321
0.768629516232
1.20678936412
0.990915191471
1.18444286228
0.616156389793
0.792060241182
0.640761269839
0.238099749491
0.428251113691
0.689352317827
1.37533057507
0.837384453846
1.19157234227
1.18568184637
0.524052813206
1.01557172005
1.05821136055
1.0691786279
0.480625973344
1.0516383029
0.327590795874
1.08502951578
1.20025934263
0.771959438087
1.3973962218
1.27716708525
0.476747871324
1.11766512693
0.403224175757
0.61038076194
1.120119078
1.25378843534
0.514824792556
1.30829518104
0.57714075782
0.715883930046
0.450873634613
1.04606716541
0.976231635292
0.377155798255
0.325657860426
0.788079139545
1.27102674176
0.39396947933
0.927148436898
0.614818937175
0.874451244037
0.449129101914
1.03126199094
0.8915625561
0.807947256059
0.530283672213
0.214402716964
1.03345264357
0.484328527222
1.35007508302
0.86835201208
1.32663390337
1.31932594796
0.530805272311
0.801658841094
0.794724191368
1.15971145079
1.39394018761
0.521867643
0.632426675437
1.27564483276
0.613038371264
0.837972584881
0.702214446587
0.831873287505
0.531772647334
0.61849921312
1.21310461917
0.664143160565
1.08097446349
0.706952741859
1.04569965365
0.715532425273
0.651808120138
1.28350237778
0.760779428714
1.18991106764
0.427027055381
1.10940206063
1.2158104681
0.837757552132
0.839315187491
1.02321453883
1.30221944629
0.604525260551
0.639828780054
0.657449345133
0.880673670444
0.436136452674
0.774444669225
0.395423886572
0.731611628084
1.18996623664
0.518284502332
0.484060716362
0.590257770224
0.521293832985
0.590780220676
1.14644437481
0.471942184661
1.38486778598
0.528752814546
0.981331618257
1.42364855478
1.27658848941
1.09870928546
0.443545150796
0.213091661268
1.38426687036
1.57153078532
0.743270744859
1.37229168242
0.642821872246
0.969049848905
1.11110301086
0.636167139184
0.410927014409
1.17238425288
0.596380246173
1.08024662135
0.898648917701
0.893009205453
0.866339990084
0.363913759282
0.940450916064
0.836924882941
1.15428546422
1.115361473
0.398057154793
0.999471651486
0.686515744581
1.34345242572
1.13695606412
1.01537019108
1.17359945368
1.33251439166
0.97463221334
0.901903931521
1.07816694451
1.0185551883
0.635092825106
0.780582269019
1.10646310138
0.619131083158
0.607030732479
1.12291902915
0.825366327261
0.664581208601
1.21097327719
1.03173030696
1.01293444545
0.826377176706
0.743367780718
1.06371415347
1.06572071366
1.33879039671
0.417034327342
0.907210629809
1.19701625413
1.22035060763
0.951100916535
0.40027684744
0.737549202109
0.775390377784
0.523165457692
0.308334714029
1.11292234944
0.499965829733
1.20774281206
0.560560024569
0.740678079625
0.642042709552
0.257833829842
0.857887559045
1.09953350869
0.36075901538
1.27022528477
0.377804098078
1.21060519601
1.20457020867
0.444637965372
1.26381038463
1.00923580309
0.507152216352
0.552188529135
1.08581168964
1.05228880927
0.518087645053
1.18591478191
1.39373302312
1.44115746695
0.599699822575
0.63483390757
1.34190186432
0.527488097948
1.23287268737
0.820735274235
0.399642641273
0.891427123682
0.647816423772
0.263975256284
1.02929060831
0.476634729209
0.578142710857
1.09511641759
0.919638323557
0.842097660581
0.927397278501
1.37230233589
0.98109574338
1.14473580118
0.990322987531
0.412682957096
0.647688853739
0.692702018565
1.29790600715
1.0276454311
0.794764991464
0.836798307119
0.578503206398
1.13208918025
0.592054256145
0.528647756141
1.25843318791
0.673680573285
0.490064791593
0.535769171717
0.704183161481
1.27821253617
0.622296355442
0.852003815721
1.04805281443
0.920081869499
1.11597571697
1.23810034912
1.26616594508
0.789775212487
1.35794160836
1.21509908968
0.471308007361
1.09971386269
1.10870257043
0.298191141754
0.768550616683
1.1528814638
0.568219499953
0.642079565079
0.65287156573
1.09994449353
1.12872809464
0.699289862293
0.657748428359
0.587039350581
0.89939003317
0.831927686866
0.750781842007
0.933285735648
0.719882560282
0.60350498992
0.591257950702
1.12855004834
1.39420693456
1.04604274342
0.95391094136
0.692820014661
1.03776369847
1.08471144762
0.53214282561
0.95670486197
0.804414880767
0.342956658349
0.236980470087
0.412647921696
0.749568727699
1.16143708541
0.699372613925
1.29760101188
1.27937634553
1.0712209132
0.541466986861
1.34112864999
1.16893771426
0.871473668598
0.621175618019
1.17997905876
0.889358726396
1.00255800317
1.13802384881
0.346352104084
1.16999628982
0.813150724799
1.08500226617
0.672840146406
0.786444900237
1.11095078164
0.583352096665
1.22531753964
1.35273782457
0.603140511093
0.743884904633
0.479798822372
0.457075558665
0.507568747932
0.640693964561
0.775751518088
0.853761982847
1.43324292285
0.642755696911
0.691890493333
0.547684331731
0.482190791109
0.695607172679
0.640005771637
0.491508655212
1.09366788954
0.515225537907
1.30086683681
1.4163750252
0.895515338686
1.19722542172
1.2107966051
1.01736928478
0.897213805995
0.770134070312
1.22444163551
0.553009556716
0.718777744266
0.456168604009
0.967458590482
0.471639478898
1.29984962778
0.471628798324
1.05872363717
0.428012033447
1.06427895578
0.43505116587
0.965242178579
0.471270902834
0.457362523358
0.370422279607
0.841372463194
1.19571552478
0.758941089606
1.40180677375
0.447693523773
0.578586090507
0.350637817981
1.24502299642
1.29061536533
0.495717119202
0.204465974722
0.443202295736
1.00738022815
0.42328769189
0.408277141362
0.605333361509
0.843972659125
1.15490114772
1.14516589902
0.950889630834
1.14101807203
0.824684770432
1.08235568033
1.25507289407
1.15758596323
1.36043967296
1.54547688762
1.30226439841
0.739485964951
0.761945557621
0.384190721035
0.436374040971
1.24692023478
0.467179588506
1.20877546025
0.561049555419
0.930147288443
0.412651255472
0.863664067241
1.26826634056
0.977864609376
0.964599805899
0.962189272734
1.05638507686
0.396969484459
1.16229925876
0.930080190263
0.885159267789
0.683415941855
1.04144339315
0.651983343845
0.453976606879
1.35291400173
0.76763714789
1.07869673597
0.437131968855
1.10083421506
0.598304546604
0.211419695541
1.41795677334
0.973523627131
0.599212086525
1.10265099218
0.544056132221
1.30038033763
0.425537545487
0.484593674495
1.06948127861
0.99403018166
1.5958109264
1.21476784154
1.34785889539
1.2273767791
0.471683896886
0.524204570703
0.41830741752
1.30909995198
1.26557838216
1.06648199464
1.26456834788
1.18930877405
1.0034830365
0.509664817938
0.877336142982
1.20328808441
0.87666697402
0.406050291203
0.38129566191
0.473983348229
0.568836745236
1.53939948457
1.40667392048
0.941022436295
0.683964824707
0.287703429897
1.15892165543
1.29326695005
1.11188736991
0.942560740273
0.802407647302
1.21001951424
0.488383957615
0.840949035554
0.358161200737
0.935579845325
0.950481600198
1.11035755386
0.991169128174
0.828017914808
0.793493120942
1.43056065506
0.447910985499
0.987944426746
0.701096145958
1.17675650229
0.899680938133
0.481727972866
0.731855520954
0.656964922602
0.255773500398
1.21530909561
0.745972756343
1.01755764629
1.0394366871
0.452279530774
1.1520513698
0.848101934962
0.443830841628
1.52106190307
0.375319293594
0.648346046121
0.312892855248
0.606715758506
0.506781546576
1.16687008066
0.813526285777
0.667629846857
1.29204184892
1.23810311597
0.948289591925
1.18572696506
0.40722678795
0.374909785993
0.291839296556
1.12695059915
0.706050475477
0.820935871795
1.44851318278
1.45934464662
0.711344356473
0.610506956656
0.953277756426
0.800756169996
1.02187077187
1.22176794973
0.89084028356
0.684552808384
0.907859971267
1.19572397419
0.741847662021
1.00894943389
0.988087061134
0.449630050799
0.988234143297
1.49504207368
1.30072349607
1.08211379658
0.825779411243
1.09771189407
1.50964531473
0.669533600762
0.204661840186
0.462726162616
1.07261579009
0.36306200103
0.586532478393
0.61973117128
1.2073887289
0.884244401185
0.78532097752
0.826363168754
0.500255274383
0.535542669008
0.515614019349
0.547397390826
1.0649257495
0.748485968678
0.466897493561
0.572242850624
1.03816077831
0.733888842724
1.03526082172
0.956296783921
1.26145527813
0.562168485135
0.469903012024
0.416058052393
1.44839469601
0.849846424463
0.509982363752
0.973717777884
0.890217010207
0.985818793273
0.795189172005
0.96975651163
1.16354676571
1.20108601147
0.972998718268
1.08338488942
1.19302089624
1.21772013025
1.11150786445
0.803451718123
1.54261270094
0.774208236519
1.15542187102
0.524941655568
1.18795842053
1.4945666785
0.46594169563
1.36107051923
0.838162288414
1.0908267741
1.28040757818
1.2386908673
1.34262210095
1.39457488084
0.852972652528
0.608825425361
0.737850339336
1.20675374384
0.802705190983
0.596040859859
1.3996756376
0.529490505532
0.406313281376
0.407416549346
1.37265774831
0.925160752305
0.760420620503
1.51428005328
1.25028051829
0.953215470164
0.636036507149
1.19154089602
1.27885155806
0.644249990321
0.291235781104
1.20315501369
1.10346693299
0.896114739937
0.915326593329
1.20686579081
1.20644775562
0.374789461018
1.07428641093
1.35596845581
0.408801381602
0.530609973748
1.38422638852
0.485344796189
1.25720288525
1.21525627185
0.588469062151
1.03422846885
0.849739493345
1.17434483771
1.1309564969
0.829171673872
0.834823816967
0.474760414715
0.691921383758
0.908080751993
0.645580853037
0.378003826013
0.88987974183
0.826896428431
0.645029747935
0.480505108988
1.17569953733
1.16243190109
0.756287163596
0.806451103722
0.911133877454
0.360434175675
1.14886207627
0.626981541687
0.738780673947
0.917360167909
0.953956410893
1.35971655153
0.567995059141
1.03355831097
1.0677777446
0.872351046893
0.582577591955
0.619402521822
1.26450717904
0.840865385791
0.666310039305
1.14411757394
1.14726531396
0.952614450107
1.32732150893
0.866592109538
1.31122528673
0.869727564812
0.930039618428
0.323525470961
0.485284046418
0.471461637956
1.07805730511
0.557944189251
0.621197083148
0.902446839951
0.965380454864
1.02624760898
0.696622655036
0.851254394706
0.67487946021
0.88142796831
1.24015332236
0.337225694949
0.847123044572
1.26826715635
0.471632979832
1.21001396554
0.917202632438
0.619859491589
1.22369568286
0.650549361888
0.463447846457
0.480865787669
0.832974601379
0.661239707771
1.12947473289
1.24458021859
0.6858232519
0.447795080403
0.965774399892
1.35952625655
1.27459304438
0.190458664682
0.58955829468
0.484720056208
0.417248404957
0.861193752924
0.580363918448
1.01191119368
1.23064716338
0.40620293995
1.23402676871
0.935994331254
0.271004734736
0.551739167233
1.55648341327
0.797877659288
0.875787824895
1.07044275654
1.1341966622
1.4450581154
0.612999415795
1.14714877244
0.977492993786
0.810942939258
0.598848861957
0.368842630495
0.299508617157
0.663971451109
0.402003913286
0.637053359519
1.09757618745
0.776191327945
0.85261102541
0.486992380435
0.514818540636
1.25615851881
0.771333723452
1.17891978852
1.28009981184
0.484778502531
1.17567019536
0.528246181087
1.1298693687
0.753390720121
0.907118681416
0.746209855641
0.373561798655
0.315068927087
0.758918373521
0.96405228507
0.953979079846
1.48095532354
0.694175914952
1.21420124897
0.82713907819
0.728929989993
1.26934552047
0.859474888026
0.745676041768
0.602680250608
1.37443524778
0.821758703722
0.981119314894
0.510578938704
1.11611558049
0.595600331646
0.451641778242
0.664553983237
1.1484208842
0.987820832296
1.33947900841
0.357291504556
0.415405696751
0.475549323499
0.712260351141
0.952592339786
1.23654589546
0.790674644768
0.753491248125
0.628332120414
0.680148943987
0.46236871717
0.571956824317
0.33387439049
0.456936423146
0.341801372099
0.842197925072
0.595141893407
1.20272740174
0.983196152356
0.568058683047
0.546328832244
1.15459818991
0.494735303782
0.452795627202
1.17223158352
0.188216918014
1.26333366129
1.00397202624
0.810580055103
1.3171610928
0.657227165381
0.991974942712
0.839069550342
0.718815501779
0.710228686497
0.617853610656
1.1861978124
0.63579958427
1.15654852701
0.825671809041
1.36540391539
1.05058574354
1.23512212129
0.403247080421
0.775307605795
1.21459153652
0.849502846251
0.950196939084
1.10301793247
0.439443099584
0.737637788736
0.360115929808
1.33006598832
0.403887493478
0.6929644508
0.485046619915
1.15043061195
1.23568631607
1.21746159436
0.453148456775
0.429468591972
1.11430546354
0.913524941773
0.837361274659
0.718384726303
1.49545572121
0.864122710751
1.27716328638
1.08668216342
1.42318263575
1.3107779423
0.850060156576
1.20220801535
0.575375120948
1.05196160958
1.05320170125
0.914707097919
1.26776418435
1.02126741504
0.934368883542
0.977312973255
0.584721623499
0.563992577133
0.469063437389
0.501137558461
0.726935846374
0.943009640061
1.09093543794
0.78168319436
0.902020129645
0.489785910244
1.13016270857
0.753234523253
0.810658838881
1.46361712275
1.09174551588
0.828571492999
0.904096139818
1.13148233042
0.366006750532
0.623097153918
0.541890949018
0.516363543057
1.12307406076
1.13268305785
1.01634803675
0.380646462775
1.26290369853
0.713032805597
0.662339897394
0.965533071269
1.22508867654
0.743611848009
1.22492820395
0.578123889333
1.20280060652
1.52753282653
0.765533026025
1.29836585894
1.09349111222
1.0343181339
0.840878374561
0.469346356935
0.671784062217
0.742483486209
0.780737722592
0.540399282257
0.809015444092
0.878251734887
0.49173954996
0.978594835906
0.835541451243
0.874958132278
1.20273573101
1.30927150334
0.550317206731
1.21818180771
1.22848363878
0.33664387214
1.30725832429
0.542686540454
1.58703636823
0.569409927842
0.426965812346
1.29636684593
0.836669089422
1.19139054377
1.4050915831
0.408207375302
0.60306697585
1.03196158367
1.09783334571
0.75198399262
0.644092564525
0.989520843019
0.649940836966
1.41214429369
0.958827966004
1.03679028613
0.48166017324
0.370437992218
1.05462704332
0.600334608245
0.987596609045
1.25077226233
1.13899184186
0.340004863908
0.801264269266
0.590734503845
1.11714599189
0.911823414066
0.407155146132
0.413718324209
1.20743853955
0.33338799671
0.281130421791
0.410889067124
1.01580336865
0.685347121969
1.44881917915
0.744089935026
0.555586155859
0.504675380872
0.798064483773
0.526965792765
0.543508465111
1.02896494821
1.28718119814
0.533172985262
0.440583794654
1.43111815524
1.55695044172
0.858229495052
1.43229093223
0.673386844896
0.908426854557
0.942194677508
0.852597385429
1.17287815369
0.641240777264
1.3236611492
0.884167021368
0.306485439021
0.714212624472
0.843868731404
1.47822034849
0.78778951245
1.42191978198
1.34279544974
0.986978654892
1.15403430961
1.07600717674
0.783472209565
0.723024093856
1.33449036218
1.2004288798
0.588200670001
0.377547633081
0.982880697703
1.11544161853
0.794424561766
0.604635513491
0.924386623525
0.838518070661
0.340014287418
1.04492030346
1.35978404506
1.35592560281
1.17659293962
0.192357417489
0.251039315688
1.6794735959
1.37920714822
0.468668859324
0.31511519922
0.481670446681
0.439397018474
1.09911204077
1.04471014535
1.13819591132
0.320939287873
0.867066875321
1.00491192476
0.536040807277
0.428769064772
0.643198034511
1.21958991299
0.859669024576
1.10197490603
0.481471775929
0.894100689846
0.904032843507
1.10334579434
0.140393335243
0.728821510357
0.706925550833
0.41577031396
0.689162300589
0.940798015498
1.19379359248
0.925022202709
0.486885550644
0.503733566834
1.1528397637
0.580254166827
1.16119622118
1.19706556495
1.01461589888
1.21010665244
0.612462775415
1.08501771782
1.08553930904
0.344387371018
1.12763793703
0.959862554773
0.432783972
0.678510837975
0.621794309285
0.74086554004
0.399090365856
0.672788450671
1.18462918603
0.403321605631
0.838540937635
0.454505343585
0.608551488717
0.724201921244
