1.19514784933
1.35236901466
0.48047965417
0.459308464722
0.89464009304
0.510374381218
1.21241658549
0.486739662225
1.0159319163
0.991992490665
0.555084455048
1.39028621305
0.325657067239
0.640587488484
0.792963120832
1.09896147448
0.336709529152
0.721784984066
0.966156808503
0.669419836372
0.874350501833
0.411877084161
0.76573589477
0.499868866968
1.3493094589
0.894563015256
0.914935196241
1.22131908494
0.448309914936
0.451081042512
0.686613218453
1.23245808696
0.368816948516
1.3715274395
1.07372813732
0.682672963626
1.12157614275
1.15345989643
0.803256203628
0.587177868247
0.885487258773
0.908075867807
0.795841624187
0.325851690013
0.50429339089
1.25181108227
1.09384243703
0.680330617269
0.485172727569
1.0446770694
1.22744469148
0.797594577937
0.634640123912
0.701807930963
0.334173130696
1.31472470609
0.416092110787
1.43971716963
0.315401825967
0.367859054507
0.995082157464
1.06236422756
1.15971228317
1.29303825165
1.34168765798
0.518194356609
1.12945229029
0.648606804243
0.481760094135
0.901380890395
1.63210750598
0.779170364726
0.76653649038
0.474041509733
1.04980700855
0.707627630373
0.813310999904
0.607300145098
0.79707410231
1.0448444256
0.561426547985
0.399040566035
1.22678812745
0.926220756091
0.75734908696
0.601117121569
1.01703296007
1.24348239339
1.00796824132
0.235295106417
1.04527247693
0.919837518582
0.22618001154
1.11360515605
0.304560124845
1.10024882007
1.38538970273
0.623098981627
1.35628068816
0.781635372271
0.400259805205
1.48595423305
1.20488641495
0.768074265913
1.18473383689
0.568027289945
0.318235092398
0.934767691335
1.49677648146
1.11218993969
0.44169686918
0.928065027975
0.956225894814
0.517366213705
1.00062589858
0.684853867866
0.854319239962
1.36701930947
1.43111964666
1.13704868011
0.504447805861
1.28167132753
0.547559683888
0.468474642281
0.566567307113
1.41597879944
0.803552898175
1.22547795511
0.652513180469
1.07820795688
1.43364349984
0.960873690249
0.562064789425
0.956117195503
1.29501403644
1.1596183852
0.454371559444
1.2222458105
0.441082916177
1.29038335552
0.893430193068
0.953615205886
1.25711632989
1.00606534913
0.566368041209
0.459077135468
0.844239137852
1.19688597507
0.402049927226
0.843645489447
0.88621815158
0.717780572465
0.849066658293
0.559326182428
1.10610118256
1.02555796935
1.14624210822
0.973720261578
1.21770829303
0.77325348449
0.597960331345
0.942448102905
1.22816440505
0.942381866587
1.34343814318
0.640748817569
1.34024108725
1.33378144602
1.42402508723
0.379616392474
1.23224063063
1.1514651939
1.01497249038
1.15256620235
0.470780832155
0.559216808871
0.612257059429
0.30108240965
0.551773914115
1.06716901881
1.07707701232
0.868820670852
0.722836473255
1.04919167353
1.09699171428
0.922461934583
1.11855330917
0.990367524555
1.43129020644
0.824301295448
1.07782459517
0.5674786768
0.851531172931
0.805618931105
0.563873936724
1.42290996576
0.759579830516
1.11830475099
0.82996708351
1.44614505746
0.411751431295
0.226543208768
1.33952384526
0.42437989406
1.43015092043
0.96503179986
0.385423855214
0.56429225665
0.486235030631
0.497459844322
0.787966900208
1.13994570348
1.25853259835
1.09614062162
0.527509170345
0.597189014705
1.61264479538
1.3642966492
0.921084907091
0.399561315304
0.787556037094
1.06102745991
0.463661369071
1.33947388709
0.699461893603
0.709715890443
1.13477675265
0.353828835052
0.89376850463
0.761512529428
0.825962280086
0.572305001104
1.22549159392
1.05197934615
0.92836917373
0.729811960976
0.546433979293
1.0121145432
0.500572694575
0.734276757207
0.899170401987
0.561383841284
0.523681065005
0.4797856558
1.31248857638
0.462398215731
1.28271780885
0.445155637912
1.1940469411
0.472503928922
0.584331473007
0.855877656243
1.02256787882
0.46630857067
1.04913416534
1.285081149
1.15932425903
0.630000593688
0.976232378634
0.574805771823
0.834057478409
0.459186384692
1.57287207244
1.58482734786
1.48899258641
1.23533626162
0.573467568739
1.35913884784
1.13509690399
0.562933282902
1.00824327735
1.39760713529
1.10913187488
0.971416996391
1.24662068478
1.14140006908
1.1943072673
1.21678326037
1.43229825577
0.69814364141
0.853688009304
0.357012267623
0.457835274964
1.12252052576
1.07587958437
1.33928150361
1.24274532823
0.733039811409
1.24180836936
1.34204153475
1.3639705485
1.19323261396
1.20786973388
1.09158612887
1.22084879524
0.527435818203
1.28736639648
0.576088808531
1.07184234434
0.716129641973
1.05749926364
1.3009523856
0.397072638562
0.411371932759
1.23096430834
0.544922878071
0.956233489622
1.13911038312
0.690585983998
0.772184956011
0.748840270366
0.647453467953
1.2026170914
1.30668042173
0.583538613464
1.08739879366
0.70180609506
1.43984068959
0.64831000342
0.572188952242
0.555301366375
0.282538017844
0.85556330755
0.372461387019
1.27983938873
0.743611689166
0.560529312471
0.549603272602
0.822589918851
1.15412585454
0.332523227069
1.18581365989
0.978552513009
0.858084889225
1.23382012966
1.10544920194
1.28654143962
0.584178963073
0.941784686201
0.56223923181
0.662032729364
0.64257759747
0.821101792551
1.0988883483
1.1469738095
1.5475888915
1.09261784913
1.39284799675
0.761939365837
1.52745191661
0.686934080028
0.924955984016
0.598749812041
0.620948517651
0.737021846219
0.972715662684
0.640040962076
1.02381827638
1.0947940071
0.504661968917
0.571508267774
1.3326955184
1.64399345673
1.35832653029
1.30375186189
0.52800438498
0.512782849742
1.30752919203
0.480842273913
1.11932644812
0.530468138746
0.650683459436
1.10970005472
1.3031387183
0.932420268175
1.20407919341
1.20436460634
0.763105123642
0.797663633644
0.445386485193
0.968421011949
0.92529473191
1.19631398026
0.994201241347
1.00407148148
1.22778291134
1.21933522201
1.37622363247
0.818840368884
1.11507037105
1.13588362531
1.06652726388
0.589455816657
0.688596627892
0.811243737562
1.43495398046
1.02446502557
0.491935456917
0.801164284659
0.939779818756
0.95983182632
0.622498375901
1.53618282924
1.48922354299
0.733323889174
0.680515192184
0.548004587402
1.27554494552
0.842451370975
0.946155492181
1.1168953834
0.628523881842
0.55541637938
0.970277769376
0.73203611272
1.44229448443
1.21304285928
0.476181460004
0.929001986331
1.18779943414
0.996220367403
1.01628123039
1.319516424
1.40710086123
1.07659854492
1.17527902609
1.33113015493
1.22604135124
0.35947123705
0.893334239038
0.72530490195
1.19428109923
0.805432148015
1.27873432447
1.41398374644
1.23926977694
0.447324633356
1.27284689285
1.05935816294
0.900414430282
0.558471740396
1.02109735349
0.287962101825
0.684810042905
1.38176719255
1.22726994021
1.25245664237
0.801485702607
1.57972277201
0.433559108938
1.12232532786
1.06614384675
0.564506905856
1.12383948332
1.13196978472
1.08126203476
1.642183462
0.683974380326
0.839340376308
0.581092108235
1.03740123997
0.736678079859
0.877641925749
0.929980763674
0.983406375504
1.58011249055
0.511481846731
1.08710124307
0.910450775489
0.493639344499
0.469807544788
1.06167333214
0.562030695793
0.364875989395
1.08998740809
0.949929291552
1.38259198219
0.516606858347
0.684953184978
0.393400559715
1.06944911792
0.443174488495
0.661545245544
1.31469691908
0.554575010999
1.14460883117
1.23194447922
0.396256473821
0.909817197194
0.637856011424
0.998774105417
1.33248086883
0.800174519506
0.643848716811
0.474675567001
0.576573730733
1.26195404183
1.33684323717
0.856510209751
0.955635402441
0.785314580922
0.468046636966
1.31622043393
0.833784432067
0.808658078825
0.540253429938
0.385806276581
1.05643612393
0.291000976143
0.934697291888
1.24819116006
0.34759693099
0.667006579745
0.839304484352
0.543123358308
1.00438919334
0.75593730088
0.516679599183
1.34065136407
0.601468190557
0.495252312451
0.613308874245
1.38552045727
1.35607228744
0.429343001869
1.32765874393
1.15765403011
0.591922014296
0.788821671462
0.668206438787
1.13359215593
0.561005589366
0.800495398402
1.37518725198
1.35075766478
1.08934095196
0.730916645815
0.989367747877
0.835671027092
1.14269482006
1.02514067735
0.212557309566
1.31776884435
1.09894819596
0.350578903962
0.683743242561
0.528680324754
0.772752144243
1.11445388898
0.65207456756
1.35431942153
0.508538452443
1.16892166388
0.991864151922
1.23060352225
0.35555117607
1.28780549713
1.40933969474
0.873364816184
1.32607986501
1.10578415752
0.701628045974
1.05206054129
1.19010158419
1.18414324786
0.450325298977
0.550819546099
0.305573015623
0.765469295951
0.326273134407
0.695839637753
0.599714129105
0.498586910891
0.902660181573
0.662540230594
0.788949948894
0.820700010082
1.13018905133
0.576746682673
0.314866892308
1.50599047846
1.21737721291
0.633895983931
0.586328112132
1.19420945715
0.430048231517
1.165768931
1.02948019975
1.21989533496
0.389130968905
0.627066298321
0.367950471499
0.56768091395
1.11795083889
0.586658802435
1.35296966998
1.12263505562
1.15463249534
0.388621719544
0.493730301021
0.637892491455
0.920443192518
1.25179674395
0.693328714226
0.666752240723
0.967598184759
0.940571172096
0.936989235366
0.585363093268
1.4561214259
1.01177248967
1.33846332246
1.33929235993
1.34776179526
1.09408932056
1.32769530264
0.44866855387
1.1705641872
0.604345103124
0.784879834081
1.25927052598
1.29875753688
1.32367118929
0.790125455582
1.22920735882
0.949996205373
0.426491270623
0.662031642311
1.23138714437
1.45599534753
1.01346514611
1.44749066851
1.04974629431
1.02862411312
0.64900028242
0.580990772441
0.646934438395
0.355971426837
0.530434885852
0.780562817028
1.03547820831
1.07776643727
1.24369667809
0.57129498831
1.06278284663
1.05713639438
0.900252197699
0.478999631556
0.547437617007
0.441562812975
0.137394324756
0.850357018837
1.13613526456
0.651155485968
1.02583462735
0.95679406443
0.755543769759
0.605445817195
0.38319692371
0.328362907799
1.2073351473
1.49426717942
1.04814823087
0.634440844801
1.03369929056
0.548217088626
0.79908929498
0.850508742797
1.11719557576
0.538628244259
1.11991374916
0.948041424734
1.09942257711
0.498310771301
0.994736648087
0.80619931061
1.19057712034
0.771852409891
1.29640233074
0.508492692869
0.588212000583
0.29190050782
0.694805243935
1.14902477031
1.62014607069
0.624208362242
1.30587249101
0.577858299836
0.474188563215
0.833692608541
0.490852889262
0.471256917827
0.763874480821
0.516164463265
1.20014170876
0.861415718654
0.855208924843
0.908996679603
0.897491339605
0.803731342069
1.0793522156
0.989060165272
0.977603862788
1.12076909508
0.438020520997
0.530856351183
0.428280078179
0.711369523189
1.0350246411
0.7628002882
0.92721984685
0.480360641019
1.34323422199
1.40242458928
1.10057324616
0.868247055489
1.02049900364
1.04687244085
0.912382687048
0.529968373958
1.35985645556
1.32461530151
1.01687766353
1.05730140976
1.0653947343
1.5381825056
1.04016115079
1.11850583113
1.12223575183
0.76085002716
1.27351088633
0.238670735899
0.355990366599
0.91748397498
0.924681847326
0.585623613195
1.00098077953
1.13440018341
0.773392707725
0.386422173732
0.402243074095
0.518321220385
0.677958908701
1.20833377606
1.36788952498
0.945490574611
1.28349155455
1.35495976115
0.700382835713
0.854822256842
0.745312529245
0.435636275943
0.735651504438
0.316892809129
1.0667688306
1.46321471506
1.11429000667
0.805546086668
1.37170363453
0.562234984512
0.488161807253
1.11487584891
0.86197039593
1.24266083472
0.651031372474
0.796414950149
0.618487088864
0.667618112586
0.522701746449
1.22104805851
1.02774826315
1.45693875617
0.5005794231
0.363030150495
0.599412855623
0.565804709263
0.874718235882
1.18688111839
1.1969959697
0.5362975825
0.699122032035
1.50731271209
0.855231096626
1.16947720504
1.13872466109
0.609025390085
0.355960059176
0.955380504079
1.27089206714
0.560624176465
1.05965043777
0.865729896496
1.19512482286
0.589060118192
0.945168423527
1.1980746631
1.14186775405
0.993427455081
0.767418544162
0.908223706755
0.588350908449
1.14991128867
0.687221914069
1.13338481218
0.865640877117
0.496650643802
0.368932203843
1.4828022629
0.452378339836
1.16755451254
0.643715262641
0.725316959167
0.297175504229
1.35534482172
1.2984461748
0.58072161659
0.632149722719
1.2793944703
0.723575829481
1.51593922209
1.43240105146
0.489345852819
0.480585162233
0.476602141883
0.998007024909
1.12287729449
1.01089386257
1.35655760572
0.491212855387
0.466020256687
0.883305185667
0.860604076386
1.31792267723
1.18256132414
0.928240234725
0.885668472299
0.902858423895
0.636516612265
0.518790519311
1.25851060799
0.386586146339
1.14946861639
0.288764216748
1.04968216973
0.547490786362
0.983567310546
0.508037133629
1.16680715644
0.725794745731
0.734148088642
1.13758755272
0.910712911887
1.46040540002
0.401207825117
1.25026680411
0.869758947679
0.787357921196
0.926965179343
0.696604628009
0.705496931862
0.579587363147
0.339067224574
0.546300434954
0.232578696024
0.999502257807
1.19002957209
0.587745255309
1.22381011856
0.695167457534
1.11158500438
1.10338925195
0.795290653174
1.10928835977
1.24979522455
0.616667909002
1.18049680222
0.355252854312
1.30418991795
0.549712610112
0.632441438133
1.44701732619
0.762725025052
0.503403147661
0.650046927
1.25673085983
1.54529735479
0.497156119417
1.32064194269
1.22959553136
1.20024993404
1.51653469418
0.727177385016
0.670606531109
0.826542927617
0.897660195614
0.723602395935
0.381907479719
1.23211603077
0.34711296531
1.33571270854
1.12729308666
1.28082178667
0.815574384738
0.574017711651
1.31625449357
0.852736307507
0.514509178434
0.855652779897
1.51219673519
0.58598660277
1.41062272954
0.745749499812
0.904871463811
0.370578940217
0.375814253739
1.08847230128
0.414526440289
0.380035846997
0.418441092658
0.655383792846
1.50553491698
0.855210118889
1.11681595857
1.43341712464
1.3613730948
0.626279236556
0.6122102653
0.766799106322
0.82403391126
0.579217007603
1.26072942798
1.19829437942
1.42164619457
0.835543928622
0.754116792783
1.17812156176
0.56328658977
0.503964495815
1.18143724781
1.32075305526
0.769236726868
0.749422508996
1.01689513188
1.01169965097
0.655222738817
0.595672053607
0.694171014019
0.850537071352
0.525972601672
0.356665329815
0.617835579719
0.578516348896
0.694566726852
0.88448979069
1.19236409662
1.17985983425
0.426735091053
1.13112987017
1.456498235
1.35395610381
0.767389083605
1.50740707995
0.998109017583
0.647859242348
0.928331544596
0.356410352609
0.652732557818
0.932237064055
0.67557507059
0.484424893262
1.09838328276
1.24035881602
1.00446546681
0.677948677656
0.296504978501
0.548119408388
1.03597255158
1.11937239047
0.630075978189
1.25182232966
0.596435651222
1.22018324333
0.894647369877
1.36036869733
1.39440829425
1.52599336991
1.04809618065
0.4094440291
1.12218148039
0.833240144715
1.16164754352
0.367267120578
0.745466945837
0.431854941883
1.13907795206
1.18293442254
0.505556212423
0.942726957676
0.864944185178
0.723013350892
