0.858405470938
0.418712320225
1.19609190102
0.699799464816
0.646776756176
0.708898388868
1.18630385678
0.527814559068
1.13526985821
0.965697732644
1.17733051301
1.10534671914
1.24075134457
0.512533173188
0.606276059516
1.27187599863
1.10700760759
0.551301942721
1.40595787992
1.28982563642
0.633812753057
0.961136137998
0.602430530699
0.913770788082
0.662543295061
1.26588403842
0.757552736654
1.16316057087
0.772845313982
0.422053733986
0.318209511112
0.445795585801
0.737969984398
0.663107617728
1.30083796848
1.20930083239
0.709291729161
0.45114957493
0.949938750064
1.12073410045
1.16114894824
0.498210755215
1.47033775708
0.591569693825
1.38656291829
0.889762419278
0.693718179673
1.40612742101
0.918766329421
1.2628694177
0.431988806303
1.18407004315
1.33769745485
0.463898449492
0.478240353269
0.637611347898
0.437721786063
0.755648440544
0.723982020662
1.21710466
1.37502440949
1.23168231305
0.38536016218
0.574488275765
0.382724518349
1.22263996239
0.601453355661
1.5286356134
1.25020258064
1.31382138
0.666660878269
0.391009739312
0.438262727493
0.859475450829
0.966752574148
0.804183889359
1.01912831561
1.01832126023
0.961750180541
0.537600359164
0.653097555537
1.05809877236
0.471055689178
0.865074968322
0.402115379756
0.421532899995
0.679491732801
0.794414732472
1.06786733748
0.346153263454
1.03979051347
0.681506591677
1.20442786097
1.01748662861
0.950382472065
0.54940183019
0.835612611821
0.402512908711
0.342462892182
0.582764123823
0.363461846263
1.41128617523
1.05419934655
0.743882448567
1.09642424739
0.206972496683
0.551737089351
0.495034084329
0.507688943274
0.843135411065
0.737578748096
1.23201644016
1.21115686682
1.38910046067
1.1971653836
0.791698715389
1.15196405154
0.999022017778
0.327442854586
0.574333672873
1.30570643584
1.28302931509
0.379856989081
0.631173161037
1.07687215674
1.09938846552
0.809071806475
1.15368878051
0.960774024394
0.759138037479
1.12367757154
0.555975104539
0.676103524042
1.24626537605
0.465163718808
1.00358193652
0.346296388693
1.44448927615
1.13516269806
0.842837716193
0.582569110451
1.21457777713
1.27843843192
0.510624184408
1.40954998945
0.518326273463
0.733023651462
0.969779325942
1.45966580557
1.00388871523
0.973126324239
0.813533066683
1.43534149685
0.924980207402
1.09951476787
0.754156300981
1.00143516963
0.751971081959
0.520816223393
0.805727307188
1.1117899644
0.750448820102
0.372970053896
1.51042289227
1.30256113377
1.09581392169
1.30822966869
1.2667917062
1.11452017228
1.19372493664
1.00916650694
0.805894325283
0.676809117878
0.780620131525
1.13701746946
1.24366924182
0.984981210841
0.627507675125
0.533225721635
1.07225915243
0.62618775884
1.01872213186
1.2277995493
0.422912557672
0.83682486622
1.24778634079
0.458653704759
1.19979919341
0.799795542438
1.41221768435
0.596478875319
0.363531179271
0.606915225818
0.296859717581
0.469508398982
1.06150255857
1.60315236487
1.20849329574
1.17134422159
0.664592638499
1.15668013437
1.23598960139
1.24348373295
0.41112832324
1.02106487953
1.1714521978
1.52336353943
0.546283105495
0.529900558254
0.5687900421
1.07541467649
0.792336027112
0.775426275509
1.33208929983
0.853550367207
0.96135952524
0.620843971065
0.892313591264
1.4964040255
0.693425316242
0.413369701531
1.01068187272
0.723358363118
1.09665671947
0.97652298474
0.708219740902
1.12783406672
0.603296713887
0.451269502098
0.4381594822
0.449222982451
0.625853464784
1.32750866005
0.905477281025
1.35254842378
0.899717679013
0.540802441954
1.0541571549
0.579054431969
0.983590351286
1.37988813575
0.54326310492
1.14689398667
0.650923338538
0.573294199194
0.707464573218
1.49318516578
1.03480328667
1.30004891696
0.525915844755
0.489303604893
0.472028626668
0.419900509439
0.902509983869
0.71933997547
0.484114132535
0.791599370405
0.803940574262
0.482847820055
0.499789830076
0.90863824825
0.327336350343
0.339963198249
0.736413579279
0.776780628006
0.972566079213
0.766895666738
0.701932554327
1.04206217405
1.47907735734
0.674728418651
0.856261817071
0.46517192289
1.08567629091
1.13837601336
0.716943778984
0.978620923852
0.529849592316
0.831300477124
0.428718252688
0.425370428004
1.02520166341
1.54601581548
0.35844661954
0.368669411854
0.953109161915
1.0406704575
0.862582667062
0.386216336717
0.990940408231
1.02792464178
0.888185093128
0.627827226174
1.00502791063
0.517496818071
0.605689825314
0.498552045121
1.29260053292
0.808082811734
1.08951726201
0.681105622867
0.293653904317
0.791749397787
0.930607382395
1.1052718779
0.752240463437
0.32423565382
1.11152482941
1.16110252245
1.40236154524
1.16712633527
0.641614361018
0.690736885609
0.705240477447
0.8223926581
0.948744760015
0.222290030414
0.328046609866
0.81863364944
0.820353903953
0.561713512416
1.02397456539
1.32832849404
1.55062042219
0.70132032907
0.484426993096
0.516684108048
1.03337567739
0.775034211767
0.601595733636
1.50931807406
0.836134458437
1.31169868761
1.12202270774
1.15458610921
1.42412908826
0.79017699165
0.644751705814
1.37961695185
0.545368223171
0.577443077647
1.17304556294
1.23864719426
1.09290807674
1.45543537067
0.739996239457
0.553308956253
1.37942953793
0.887676930919
1.50889788546
0.498385146651
1.36118240629
0.415150545477
1.20863632543
0.586941555651
1.00513551785
0.590797054487
0.934072534236
0.308351681256
0.636622949695
0.373566620645
0.932614666003
0.641210615603
0.532776314736
0.93475471873
0.523205438547
0.906025352441
0.483424602707
1.2081476168
1.15409423876
1.19060169528
1.11692850443
0.773481941439
0.38506350285
0.512398361956
0.948416326045
1.04745076721
0.503686944801
0.361433816494
0.926499409144
0.750625599598
0.99025403829
0.874335941805
0.326258784037
1.23064946751
1.00388467797
0.833073253265
1.0959862477
0.96214942393
0.818607746332
0.725823658112
1.47638977697
1.28908135061
1.06448011475
1.15118364731
0.6673358812
1.13793401361
1.09969604978
0.367219871951
1.26115089342
0.944630380375
0.969178693968
1.36477102523
0.580097504902
1.06845102285
0.993332648955
1.18586437152
0.635089669488
0.706930131638
0.966704362718
1.53019012677
0.725394512367
0.530354241195
1.0055079327
0.860682647404
0.693028389123
0.255270980519
1.02854431179
0.450519161411
0.354630486795
0.211725995132
0.890652888274
0.648260570151
0.988863960575
0.570601729317
0.630772240831
1.08415015145
0.495115181013
0.943141361907
1.2968770044
1.27925614302
0.946235484994
0.876230515541
0.359935838517
1.08861040591
0.676164901383
0.745754408945
1.23895115105
0.639552757628
0.411851851714
1.09602075459
0.446144853851
0.238562954972
1.10470744069
0.802622633175
1.00634724051
0.662415310217
1.21805212294
1.12604350138
0.48144599911
0.471403647294
0.426352973502
0.451480894646
0.896193812859
0.227460240501
0.843459096457
0.98059304612
1.52107347944
0.643966547983
0.374431961373
1.39577186462
0.807195647802
1.32819784796
0.921548804103
0.755850388918
1.14661375239
0.381351910276
0.843148279198
0.327353358397
1.48256526928
1.24652825971
0.859189812159
0.687387238676
0.170960955575
1.44845303569
1.18994213802
0.661804082236
1.34584281672
1.36664294347
0.949951138841
1.35851487551
0.746460209014
0.611064552278
0.590543943171
0.604753423815
0.820066304258
0.628737115491
0.641784449083
0.75611800106
1.2700562456
1.00620887411
0.579200710438
1.14718361693
0.420454779493
0.542298934544
0.335720472298
0.630173921585
0.847062134831
1.24341443378
0.635153783034
0.895098487828
0.717371214361
0.537400124831
0.451350225129
0.685896283411
0.505600664972
0.867899432197
0.401085488955
0.68041014239
0.682363522681
0.837865541805
1.22351208334
1.00981541593
0.61423828263
1.1170169184
1.1863081892
0.405843718137
1.16546337259
0.745363706305
1.0950073344
1.11534707609
1.12799157559
1.01025124337
1.09073112667
0.808004269035
1.00477584898
0.808955528024
0.785090640558
0.592121368166
0.611090861692
0.721004165552
0.605261842354
0.833941083443
1.47726625487
0.593744951438
0.439337176482
0.529931597183
0.756709085268
0.790567836075
1.40078111973
0.831139818857
1.33815989168
0.340083072286
0.444617076899
1.36415370169
1.11402332838
0.792438951735
0.922727201565
1.6933399006
1.21431287332
0.504802545281
0.426407255651
1.07864983394
0.86767402336
1.07335894503
1.03121505635
0.586690517755
0.349602814965
1.43941906187
1.03064662878
1.09833529112
1.15646397228
0.537501612805
0.324512153695
0.334977163178
1.30941556802
0.756861650458
1.10701564664
1.02593145016
0.629057420907
0.855865113956
0.432801715433
0.74174443732
1.15742844827
0.863788851154
1.34086977484
0.632455190118
0.83106794665
0.371430075215
0.869413564917
1.53520362318
0.988854742048
0.818804098696
0.396314725022
1.48258079477
1.3283998901
0.960874667358
0.729693665048
0.412559042536
0.720563125158
0.658045958472
0.978974147399
0.321063372907
0.689462447015
1.19374546592
1.24882114296
0.638858110501
0.672118838886
1.40713733804
1.21449256642
1.32080185243
1.05723215134
0.544672063398
0.765337428679
1.02864769496
1.25155161938
0.64411772564
1.29266296569
0.515390545619
0.773897582768
1.05798404389
1.31984189119
1.04057846243
0.752231947226
0.979460069382
0.771227107446
0.936445522774
0.821323333489
1.31462505061
1.42393587759
1.39342658528
0.396491684394
0.263366722855
0.479131274181
0.929556356822
1.09709188649
0.564371160096
0.768164423593
1.10064990478
0.445507829422
0.784618969399
0.416507905962
1.33942738626
0.859543225282
1.05287340962
1.43089193096
1.30204832079
0.563556903689
0.88845160698
0.320745526042
0.939187549964
1.18639754395
1.23972518766
0.787089835358
0.569865633083
1.0527054142
0.429277077206
0.938065172456
1.31642785502
0.467964032111
0.473060890107
1.53761215314
0.394844245891
0.652752589662
1.63476801279
1.40127542803
0.643532760662
0.33118126445
0.824615524065
0.360385146515
0.926452757233
1.18827553169
1.59612776241
1.40280714015
0.878022801319
0.815364317346
1.40967745036
0.467384639155
0.878583798469
1.18728673145
0.384287462416
0.723910783206
0.724091006741
0.973196309185
0.490550733945
0.180622219211
0.474803780381
0.375959735511
1.5629026824
0.320160038358
0.752050701145
1.04544419965
1.25344620487
1.1242243452
0.583795069697
0.972941051095
0.382627493655
0.573852322633
0.431700691168
0.380692736849
0.484444742623
0.433285162544
0.866247742234
1.07805212177
0.586756561094
0.878894188204
0.325053195897
1.31166785988
0.920728960748
1.33445834048
0.383766306388
1.32698371089
0.70484688883
1.43059653754
0.654331718017
1.1474388644
0.419311142514
1.43677493996
0.615851161205
0.788802642136
1.1120221046
1.06621286757
0.648948598845
1.35152660278
1.06540755892
0.465862424916
1.07010727015
1.09954215269
1.11815944974
0.981952596297
0.59642410217
0.490841769976
1.11991909673
0.690253207688
0.761605650019
0.854833027299
0.786914561563
1.14925272488
0.864168266413
1.21831313005
0.46797921836
0.672387240821
1.40180514544
0.608204533041
1.42972154802
0.618256852022
1.46404543594
0.985726146899
1.0371861473
0.885930039918
1.26810312275
0.502993473545
0.72748365469
0.598571220355
1.1243875269
0.765654720293
0.737764743278
1.35697990269
0.766135225336
0.950209245372
0.659011841193
0.44912288298
1.43045013765
1.22714811393
0.521847134149
0.674350945387
0.572460552064
1.41087025675
0.732724477197
0.904210665947
1.47871861912
0.708222572847
0.692082360971
0.338558875293
1.23820385742
0.786359417839
1.26986796798
0.970111256818
0.662268533629
0.952933237349
0.945226341769
0.698140330324
1.10286972218
0.449290597419
0.708481073759
0.530859785111
0.842671532065
1.36547060215
1.64140431946
0.82516747333
1.06109349316
0.405949548925
1.49142706892
1.13483464373
1.27475455115
0.914461934441
1.56206418386
0.497279897851
0.520855456354
1.58612535274
0.370162742334
0.925187732923
0.919084676144
1.04071829436
0.330397413265
0.742598038697
0.545171177857
0.49681046914
1.35827281035
0.515385649469
0.668874016447
1.06252629184
1.07319220498
1.20923291833
0.615580195494
0.973639891883
0.633986779061
0.418687177418
0.891105646193
0.999175717477
0.346085629266
1.01040477961
1.08241453838
1.07937729561
1.00916001948
1.41154931094
0.979133989372
0.525789737868
0.893460875087
0.891349271428
1.00772313993
1.16445031848
0.595223523622
1.09448476006
0.822176573218
0.516935303321
0.614221140806
1.19427610948
0.626258918568
1.26833876329
1.04031306263
0.902280658496
0.352452667496
1.07538318833
0.690437648245
0.393082361345
1.4656207584
0.840621826139
0.806966076208
1.20663208973
1.19354492093
0.590554951649
0.769481592688
0.611741752804
1.05566538363
1.35866777385
0.623282047291
0.730877195528
1.39579885041
1.07309962984
1.56379387175
0.57625958378
1.1269201013
1.04816171042
0.960250450816
0.927982459495
0.301155328116
0.510050221535
0.571382649373
0.368269947151
0.419143880538
1.094102225
1.30462856195
0.471534964285
0.403594932132
0.810359758093
0.802080229321
0.743861814615
0.217880219435
0.427373868914
1.42582354977
1.04054203426
0.378812803741
1.42484658387
1.35566738008
1.07743180615
0.673070068943
1.3259693528
0.635843916393
0.449671105894
0.748129825123
1.40491764466
1.26155344499
1.01079830936
0.784146578077
0.895789763895
1.02422702046
0.654277643155
0.579533204213
0.514228207634
0.861300925401
0.730115611901
0.558489896805
0.657686302483
1.2836216503
1.24249058365
0.671527960858
0.481262818722
0.492078715479
1.56341691503
1.06570250989
0.964849541425
1.50463219501
1.49194115883
0.2886888431
1.08615378013
0.774407318968
0.70552899756
0.765267874302
1.15095230565
0.707629877808
0.47962554036
1.44952282172
1.29954319781
1.45994005266
1.16462172432
1.1149998253
0.982967173878
1.32233735744
1.14976768533
0.297128601196
0.816993101418
0.513628824709
1.31553788858
0.586158446314
0.823829894376
0.83353559031
0.835089533156
0.699664722824
0.626832628505
0.882345709221
0.815995239058
0.341778856003
0.67734356437
0.361441033464
0.925355568774
0.540935853106
1.40523645985
0.721541728703
0.592733103462
0.941263560696
0.901217416282
1.1457427353
0.798978936168
0.987462356225
1.31039092342
1.3566230456
1.22925394555
0.87778492402
0.803615903394
1.04603609181
0.279749781662
0.804436473979
0.564614973444
0.69925847748
1.09230803013
1.23116414769
0.503874144947
0.769289998034
1.23804566844
1.06333819318
0.665541686637
1.19278287246
0.614461361309
0.24750309337
0.680305511299
1.17449013412
1.03152571523
1.1733462841
1.19624346158
0.76601477211
1.31741903037
0.869961491314
0.803585180356
0.820810496966
0.483656471148
0.237008560551
0.580298938779
0.69484137692
0.905140198745
0.706355723024
0.727130670255
0.519770101481
1.04077902499
1.23568185371
0.976329739642
0.856904175678
0.840220437448
0.591114065565
0.399277283654
0.506911862575
1.42848063052
0.669103211324
0.500361928324
0.721552245884
0.77074117494
0.625879673258
0.329748255442
1.11094504192
0.696317344343
