1.087839885
1.22833190061
1.09967958464
1.08042487183
1.02551656528
0.658095868893
0.716666652026
1.24200792952
1.32017715561
1.05458694512
1.14439152042
0.8180938839
0.665407640808
0.624969039947
1.30970580313
0.262117898978
1.13480895129
0.46241614536
1.04605624664
1.17544223705
1.01487522526
1.39076866801
1.11612504738
0.55318447889
0.871794471546
0.983715424299
1.23601082918
1.01977746843
1.27361345685
0.698864937807
0.824732103375
0.707729164188
0.604889974889
1.01577014668
0.614008662035
0.915814240823
1.1857686584
0.687981806977
0.629774242993
1.21426052171
0.916358017255
0.692184772218
0.575645331484
0.261720491254
1.62280774554
1.29851091259
0.322095364672
1.13134413616
1.28832307241
0.466308101386
0.957020373797
0.417068405433
1.55520703019
0.630742681058
0.552968935061
0.385975187929
0.724470068979
0.343069070859
1.04186657149
0.904575082643
1.06326222925
0.794237374734
1.23913756423
0.459721377211
0.484110442707
0.97851263083
1.1988430376
0.781422068262
0.837852338781
0.946381250455
1.31951495681
0.624744434481
0.683047294737
1.38403953792
1.27635788332
0.432979623835
1.12791155698
0.496822993179
0.852969736367
1.1293572572
1.47885362105
0.383392670619
0.835045049476
0.699333627036
1.13181607544
1.12542479816
1.10945879972
0.729298366966
0.81176861761
1.19544740062
1.47821674394
0.49966112578
0.434207917923
1.42098416086
0.789211060131
0.640827178233
0.88929790165
0.954580066294
0.614484069699
0.513205507801
1.12139490289
0.942878277551
1.09743142817
1.1297075461
0.409848535247
1.04735559298
0.620688890112
0.479973598187
1.22548593559
0.340375347058
0.987532283154
1.02483384289
1.11679757353
0.885566123089
1.16496251343
0.455507417407
0.755778199187
0.838228875004
0.696152727353
0.631832113409
0.646913777252
0.533669693455
0.934687864948
0.599186907472
1.4548882562
0.687037175152
0.810665989142
1.36827861909
0.646796589915
0.405565949214
0.556273324471
0.419017522779
1.00563284414
0.53342418899
0.702548398947
1.29708839554
1.2845305036
0.496578324398
1.19538038097
1.30900692631
1.00246763718
1.12530755831
0.905276327504
0.686554083471
0.348369187176
0.849026368922
0.901233893425
0.585959148073
0.977372425657
1.16253223864
0.408763600569
0.537078027918
0.431019158382
1.16154978575
1.57392854069
0.971155611659
0.945110963534
0.32909797466
0.603711623642
0.488027062742
0.799126604301
0.780074415229
0.796284274167
0.816536214886
1.35620231837
1.00876964631
0.624705547963
1.2822906314
1.09550000425
1.08967936963
0.427464199906
0.815575022372
0.922660348675
0.756108795556
0.349713819379
0.279324269989
1.46757463544
0.480010814571
0.771781518899
0.994816928437
1.1994254825
0.795918482995
0.521583813389
0.946649880748
1.30607477801
1.11361446283
0.852465871647
0.523631962919
0.761405971856
1.2272333601
0.458500501002
0.902606069169
1.11332306467
1.52911165646
0.511531417793
0.853370688878
1.20477961843
0.814862518325
0.849750473906
1.37238520048
1.00334305674
0.756299698462
0.80626765369
0.826715431796
1.16908775355
0.760230407034
1.19330695841
1.03438677242
1.44424103399
1.38932534496
0.903477269443
0.678662986053
1.17666571747
0.927089105146
0.75732856024
0.575793327368
1.03164362518
0.697611818333
0.854496529399
0.589090523432
1.08552013387
1.19931109958
1.14541137627
0.443217139178
1.40172147548
1.0685902174
0.680546982633
0.903894764342
1.17822469399
1.49571972561
0.938062392224
1.33464468244
1.21328757805
0.607093529859
0.904237657352
0.921398770279
0.488035685495
0.587830412261
0.611980578292
0.614500295818
0.964871619134
0.424022073358
0.356087899085
0.64706817581
0.354462517811
0.694198536446
0.686072043744
0.882346721719
0.745170653507
0.591063955346
0.779226964938
0.656682180021
1.25999405681
0.54543116616
1.1434300141
0.973334468792
0.712823593487
0.754154189287
0.964302517973
1.47648379578
1.33180581912
1.3985534772
0.804526594468
0.515214627899
0.390552131798
0.793229352476
0.535671989439
0.425895989981
1.10658339247
1.17451812247
1.48984487406
0.916589459357
0.501673476202
0.552254816317
0.632816644749
0.605895972106
1.13108023064
0.793876885076
1.17417070774
0.867592576175
0.324572910297
0.320874593498
0.496579461892
0.922287356654
0.728842413491
1.45712935396
1.24137744047
0.573377287415
0.712914302758
0.830513141288
1.20956245633
0.125337479903
0.934586582026
1.18741679617
0.99639425027
0.570389379678
0.624508191197
1.12676782825
0.347577383711
0.303328945724
0.857738543981
0.573430333948
1.00329683868
1.24443549184
0.309063670824
0.656057682828
0.433705371624
0.69534679856
1.09454247121
0.435587471092
1.40028267254
0.340097211246
0.59472530564
1.01828557873
0.208509779394
0.837946326916
1.0885009986
0.664696484402
1.24525349563
0.890708633221
0.849352166881
0.925878959829
0.76475591583
0.935837140272
1.13331256506
0.602485657861
0.520077047003
0.830912259765
0.869042039569
0.83018389059
1.05754592079
0.629438446728
1.07939795693
1.46642020855
0.756717911609
0.72098188386
0.389470052625
0.501761311682
0.976416029672
0.408947754635
1.41940913033
0.587812131168
0.890481085627
0.910948245608
1.33579086521
0.528590678517
0.465075676689
1.30868155064
0.648016065043
0.650569345
0.881872294771
0.898076093637
1.4044923457
0.507855860176
0.743313924811
0.47332096678
1.24850003097
1.15124211317
0.931924912953
0.786418246378
1.31757458577
1.33604862481
0.401993488991
0.75856551192
1.31289259118
1.46319588869
0.605814074787
0.666859181081
0.653119177172
0.681340512904
0.936185787897
0.292739898434
1.18541559005
1.3512089915
0.522571715722
0.651870922285
0.459841403485
0.571126533471
1.34954530867
0.440847716533
0.626699330786
0.591552318765
0.468224953367
1.41260212018
0.70708143336
0.457910527708
0.395144507716
1.19762140034
0.609269945484
0.50984551162
1.01743203047
1.09210588932
1.12935881312
0.450492414503
1.12570744901
0.422100084897
1.25566298623
1.10045436176
1.05550674796
1.29470738654
0.797488982887
1.32663618982
0.839536702955
1.38334681282
0.7140505147
0.696614854351
1.39526761296
0.606349764576
0.823919975831
1.05481067739
0.922343183658
0.532800927803
1.00604477867
1.05772230795
0.453295358433
1.29007515064
1.33782084509
0.821405432775
0.834338331931
0.52332902086
0.480407132931
1.34795103415
0.485117361853
1.4489513442
1.23585485653
1.21145781533
0.656637930047
0.686146655492
0.297645989608
1.23416203521
0.579651639219
0.397620871127
1.28092028393
0.653090939685
0.475938824407
0.481202815953
0.431384711201
1.55325739835
1.13812558739
0.619066045576
1.53516402368
0.883344528616
1.0112306619
0.507442130416
0.666984144491
1.31384192445
0.855969300618
0.92710623121
0.755273119492
1.02867327994
0.677680652374
1.09003551312
0.414470964989
0.429698895439
1.24825430826
1.10493555493
1.1429349668
0.676553532107
0.918282106945
0.538526833014
0.981278431242
0.715992841061
1.43935332593
0.212819474903
1.25179233206
0.649611133054
0.689498571195
1.20684049637
0.516963095646
1.33467280086
0.776849318887
0.686145409298
0.456540660623
1.1969240065
1.51382019119
0.578447829268
0.546912355021
0.966940785442
1.11551071959
0.77004751693
0.504020240293
0.908833907565
0.738674295672
0.839095836674
0.536040705754
0.468420818735
1.0861128413
0.485792688978
0.725161752847
0.606484364779
0.63286146935
0.342687197464
1.26914985922
0.759324664844
1.22259781265
1.22772512107
0.767951353067
1.48206839357
1.22860217238
0.376906519561
1.4875190252
0.751968930755
0.873067530324
1.12788588494
0.61584941795
0.851659833007
1.0813978808
0.773371846668
0.494645808678
0.885962808357
0.775634428755
1.08241308348
1.32355146891
0.810789151294
0.837299022163
0.84442389838
1.02877165544
0.883087797883
1.13586515675
0.8250248766
0.78444168006
1.43101459647
1.10183903769
0.995802740065
1.06461658003
0.491763682013
0.313545733311
1.06432727261
0.869251752058
0.87594737238
0.80836265569
0.742815902212
1.05686774983
0.822386430617
0.432493707489
0.579912917275
0.92966267734
1.29406365566
0.696598599279
1.10471705018
1.16045131339
1.1379361827
0.63508833507
0.932169085618
1.26814101997
1.02112181815
0.982968610423
1.33093389165
1.13037664339
0.503275016551
0.502300805024
0.611053009287
0.396720176661
0.536887247109
0.729339831449
0.563005197238
0.463926571762
1.17372027362
0.984042410021
0.991296295539
1.30883031256
0.563914822584
0.930242810461
0.632903306593
1.10028600233
1.25172595251
0.458717002999
1.29703451112
0.867968932815
0.961923004762
0.433693445348
1.02128405702
1.25293218859
1.06910391973
0.970431121503
0.461555063197
0.379912053903
0.629470106368
0.956678295929
0.387904385057
0.916361268725
0.470038552484
0.363852130731
0.730552887961
0.713271932434
1.34545325373
1.24541513779
0.881304865571
0.465624823771
0.744864960276
0.532529988691
0.347452674545
1.25143496557
1.13818234332
1.32013155282
0.846778412006
1.0443113411
0.932408179858
0.908828985115
1.11648776879
1.25177675006
0.678135404055
0.474899755158
1.2195147895
0.548904221588
0.582905370173
0.510395234902
1.15608524196
0.650725618968
1.04534800453
1.35951980553
1.0083562931
0.701185712205
1.07694055519
1.08458323111
1.241920352
1.14846747155
0.571224306766
0.865989982974
0.824912520331
0.929554539928
0.891581786321
0.326331466767
0.868008150977
0.573827192198
1.53238604027
1.32057862568
1.16484051952
0.612451329347
0.818672010432
1.21789834755
0.8884565479
0.488522836238
1.14100518525
0.363449797652
0.715550149406
0.923384193113
1.09491467582
1.13375218163
0.520048480925
0.954639261667
1.48756724482
0.72860480114
0.465721649936
1.34913948059
0.822990100779
0.78744270875
0.318698717103
0.863120454663
1.07088047946
1.22420673671
0.629674153552
0.502923236511
1.15384939108
1.29107799072
0.777905794286
0.981624046878
0.538476343887
0.693661127725
0.33746474407
0.987502397003
0.809322170096
0.923012454876
0.980263119071
0.262164617277
0.691843799404
0.417686665929
0.654627475894
1.15532381417
0.259127696329
0.520864112444
0.790707081028
1.1494257936
0.589805942876
1.11517226026
0.462339586762
0.982992319567
0.692158333578
0.970766653426
0.787163788343
1.07928608539
1.22286182994
1.37661440065
0.992955545141
1.37718625735
0.980172278149
0.750933079632
1.36945810421
0.614160527702
0.525995156542
1.02474140868
0.886405309426
0.998749617059
0.417969108722
0.749140192969
0.454922819274
0.400228977245
0.700461251876
0.732780855459
1.12561511957
0.213008714042
0.858226828285
0.521319060953
0.530230635021
0.680822822417
0.736825746661
0.687120032371
0.809688008453
1.32429569769
0.511793583062
0.701061007009
1.13829109666
0.568471769563
1.0667607978
0.366851976587
0.413060518462
1.04824884211
0.58976586202
0.926573238293
1.13717228751
0.91064503514
0.867616402438
1.06426345779
0.868549442361
0.791468239616
0.552183406023
0.729186986205
1.09570108608
1.03511035486
1.1135249841
0.416520602664
0.714349022385
0.723633602966
1.18409880856
0.946044331131
1.26721428243
1.24298503326
0.529066837404
0.516489108265
0.813189477983
0.658739272936
0.679468963718
1.05831357723
0.869261585615
0.940486741121
1.51382294581
0.988802159673
1.19122741177
1.43605013599
1.49531747077
0.388059300147
0.594119151496
0.971815908646
0.797451041737
1.36703243718
0.411142255688
0.901708859882
0.78769195798
0.910976106138
0.513215461651
1.3416674045
1.32377158609
0.605870132014
0.719095963619
1.2283151587
0.804401708045
1.17722014202
1.4632046536
0.513701478556
0.507085340629
0.898226614677
0.616195987719
0.454758244927
1.38590373916
0.381909666708
0.861145592158
1.11837075118
1.21212876792
0.875530922654
0.896766688775
1.4229187518
0.794345386951
0.718663950486
0.867298358444
0.730369006282
1.03360654533
0.710290593448
0.616379618172
1.16907161289
1.41906790123
0.841296923261
1.05736278541
0.710054701016
0.901728147147
1.06788662195
0.652904696376
0.705811625063
0.531026276311
1.53305507863
0.441803587604
0.84999155292
0.445733078354
1.67125674478
1.0629376061
0.720511457541
1.41685063811
0.485562075606
0.787459562206
1.17367227404
0.959364723785
1.44987090514
0.889231064935
1.00248922613
1.06734110916
0.916472294332
0.621356471656
0.742280921908
0.394398330146
0.708325807485
1.06021141297
0.760591232981
0.824436942055
0.215349054614
0.690315630459
0.751888576257
1.2533038037
1.47265844759
0.338483465347
1.09981231317
1.0316049927
0.368769211639
0.568866936878
0.673860616817
0.824282433307
0.326022423514
1.11606036751
1.50461107867
1.0424117076
0.851669609577
1.1542971701
1.39135323157
0.817189442119
0.764296611303
0.524900385375
1.23192644559
0.860884222952
1.27980238847
0.891963396801
0.753394004457
1.12666245688
0.263363048903
1.08866784131
1.50514008106
0.480545580211
0.545801382038
1.19872544534
0.389457466126
1.05774568005
1.11431825581
0.809804810665
0.687776973381
0.922709713661
0.678757745098
0.335943987014
1.32970216779
0.354079532105
0.52200419655
1.17943290973
0.69633877994
0.669914933561
1.20849221922
0.298051982566
0.701680191673
0.88622712527
1.162294018
1.30842524864
1.16206268651
0.91614780026
0.819414889279
1.42963692406
0.972866041895
0.211605660701
1.03379518638
0.548285150899
1.46988656713
0.545743307622
1.14386160006
0.668265699874
1.18116228586
0.503285616079
0.579865060434
1.07589900739
1.25775394948
0.585447523372
1.14125081766
0.632713430593
0.678079956635
1.30089255628
1.0950202727
0.557948306677
0.66438146249
1.10102905565
0.937536484845
0.450408186392
0.645783040276
0.174866163008
1.30102469745
0.5931680669
0.867907728207
1.22146066303
1.4187644738
0.799454909387
0.88128893032
0.872616710458
1.22223729932
0.644409233613
0.874988833433
1.06231504592
0.286821467357
0.677075797388
0.984997513677
0.332705031391
0.374467038642
0.559942148622
0.960156651867
1.04653979842
0.806368744157
0.970270093498
1.3925293408
0.517671180843
0.364820848344
1.10233277119
1.08119247976
0.845040480303
0.724806267217
0.581519092085
1.25575505362
0.557546161743
0.503879221055
0.973883856701
1.05525834653
0.42305686001
1.13590905292
0.494559127937
1.0146527418
0.921637310681
0.818854112303
0.84370624253
0.796221754604
1.30557531645
1.31686892083
1.30628646882
1.12459880933
0.943816838477
1.07929575549
0.485741025885
1.46105424758
0.611039847862
0.267582283386
0.765341081124
1.136434393
0.710864429692
0.541252364709
0.998117619384
1.1766019807
0.925754544992
0.290555095157
0.360049006053
0.425579263592
1.00436722611
1.11320461147
0.731215831143
0.504173100087
1.50627591112
0.66812170938
1.46352120861
1.2718334093
0.886067311689
0.944764062356
0.487857029757
1.27969714229
0.813095542294
0.830187364684
1.30862185221
0.61475690934
0.934679164182
0.556369967275
0.463927784384
0.962474484839
1.36797592882
0.624259273457
0.716299337236
0.336452928687
1.43992123558
0.910914395674
0.766425125436
1.40541972962
0.157576138216
1.19625123075
1.17016885052
