0.850070920532
1.05141838833
0.74988440098
1.01611693644
0.563979841342
0.579440832777
1.46705160672
0.569978236744
0.531098351302
0.943185072497
0.402079195283
0.651445163667
0.538678305261
0.857821256994
0.931039557836
0.736716568825
0.694862595969
1.25964152425
0.446275308433
0.281378973952
1.34050624442
0.568271753254
1.32889765247
1.22340750751
0.519472918232
1.32957646288
1.70186636942
0.614600087115
0.977579854936
1.17158735541
1.3995181317
0.844568141322
0.759618788655
0.561858198138
0.637839022003
1.21882416587
0.792463437978
0.57646419853
1.69528346735
0.388319893555
0.425351421835
0.44249402984
0.629860689621
0.720835710162
0.729430816313
1.16110948989
0.994811818078
0.984498946745
0.560298875174
1.64284468132
0.356231862145
0.975939133926
1.14934743808
1.17698640581
0.655434192875
0.512498630559
0.858647277434
0.508921568462
0.760523024219
0.714993047429
0.712553026705
1.00805915709
0.302804513541
1.28332387353
1.36985113555
0.915377517952
0.542267461641
1.32199345111
0.768092349509
1.27646625941
0.462103763367
0.349110368853
1.06555905928
1.19119392219
0.413767769131
1.21207871796
1.18356668079
0.710437846775
0.425268427978
0.222540917383
1.07948144345
0.799039786525
0.856630094882
0.91129935453
0.919675963182
1.185200518
0.613305154737
0.502442655726
0.393318148872
1.00983470084
0.960356744459
0.44147012414
0.956808352866
0.603791593344
0.923520694445
0.906543083111
0.62696656937
1.18823982318
1.1643160178
0.600101777059
0.994488366408
0.681459570121
0.924168181541
0.78450888081
1.13657754171
1.25909278678
0.719282003537
0.902667534783
1.31668832392
0.248324951568
0.975213699706
0.987992895643
0.550190252598
1.25249698248
0.87893558111
1.35383523785
0.78933189556
0.623513784267
0.685717509641
0.603749984639
0.940179534633
1.2394997064
0.403988769896
0.500376543182
1.08334080554
1.09942908838
0.825379771263
0.990468342455
0.731416041812
1.01499614596
0.995032791679
1.21454292959
1.33803000301
1.41861939959
0.471383083412
1.2765549302
0.768487344251
0.981308937944
0.441005929484
1.20404863049
0.64033594911
0.843109363491
1.05947838486
0.679461733262
0.655640165621
0.900340375342
1.17225006445
0.977311529122
1.5478961433
1.4156139993
1.38492471291
1.00714582416
1.18230781509
0.829815614618
0.559718769842
0.884155243393
1.4337044367
0.951917966236
1.20642907415
0.484960592921
1.58848775406
0.813437533404
1.28062750035
1.33651560412
0.586153916084
0.910316428896
0.303229723035
0.270179238038
1.16385405213
0.48388489655
1.21523367129
0.609500988398
1.06472829289
1.27741506019
0.961711132756
1.04177269809
1.15118980285
0.416556688328
1.23851427501
0.994725193538
0.930298877561
0.841614918587
1.14766816049
0.782152695431
1.15923225791
1.18676613181
1.21869251028
1.16826326297
0.40029544327
0.469329618883
0.644023418204
1.1466415218
1.0730991927
0.652059049318
0.263865368393
0.252214771437
1.28240164588
1.02982178497
1.12685531317
0.438694088861
1.04350091284
0.513640054351
0.348047379317
0.735346033083
0.535580078883
0.782613030244
0.772113841022
0.941675674059
1.18816423347
0.385843509653
0.500325826663
0.978814403521
0.369551509917
1.14001928036
0.696686420824
0.390498335129
1.10089450459
0.344291886563
0.377797721464
1.0681287942
1.31843853849
1.25344832286
1.15375220695
0.327620217957
0.450197442107
0.483185786349
0.546954058293
0.595551415478
0.727086596576
1.49003117756
0.83006170742
0.785281563416
0.993088052407
0.466038158283
0.810782412307
0.544160054909
1.2788372513
0.722403340862
0.720050560734
1.20313789995
0.583328977754
1.07411382391
0.454697651373
1.08478256072
0.628560276052
0.57152530476
1.23051616708
0.9376113898
1.20736783639
0.405019959377
0.709155386241
0.56096105217
0.622679088908
0.55983000156
1.23303961702
1.22635031948
0.504765038381
0.668598216512
0.686561687854
1.19953686269
0.673132300858
0.741578916277
1.57264514772
1.07200696808
0.480262067971
0.336699512857
1.29101962115
1.08884555309
0.779467050592
1.49180224954
1.44372317708
0.596226822765
0.681098120164
0.615934439578
1.14677761805
1.13675814972
0.371557374862
0.928935376175
1.13609452451
1.40839513274
0.953641415147
1.39472486504
0.278930350632
0.959835085149
0.922361238179
1.02934965872
0.643711479286
1.28116654944
0.722365982963
0.530223123061
0.86503673992
0.733000289506
1.10978838099
1.20898774509
0.292262398778
0.779637874345
1.29963974951
1.14843828157
1.11136272019
0.630073290891
1.27566536917
1.65000072577
0.846388384134
1.24431016443
1.31723544357
1.19233172648
0.768145336996
0.667363455269
1.11370772423
1.11439651811
0.46402148614
1.18576763027
0.923520874343
1.49273044327
0.906407180263
0.833638859188
1.17176488098
0.585799281547
0.893570885629
1.00544113618
0.80671088189
0.569688172393
0.447301488935
1.01896070606
1.23836332962
0.951769574778
1.02342263599
1.11182178363
0.792735414238
0.460820211568
0.760752337725
1.07658077637
0.495873777739
1.00032815579
0.905558568368
0.290471679448
1.13703743353
1.10300557397
0.675520537836
0.65416912776
1.4237674658
1.07185466128
0.948081234258
0.907519672367
1.23094777497
1.06764558752
0.861695693903
0.914464323892
0.364669841347
1.0366081128
1.39385868925
0.856818192907
0.595354797916
0.944183997103
0.484973364636
1.11187941066
0.551855247478
0.635165885927
1.19827840219
1.16729006569
0.89269873995
1.12538437384
0.713547566434
1.12597644005
0.467827613377
0.877282711377
1.02154989658
0.577599366991
0.450590824224
0.458963126324
0.40041349593
1.23237317128
1.71856836673
1.23698559469
0.942753888445
0.424693199514
1.00057242904
1.04401455117
0.511222678303
0.630256626041
0.556343355201
0.313648953448
0.267540790034
0.983889629676
0.616917125031
0.841189374434
0.996502465967
1.33306299594
1.32605727402
0.496541677118
0.589008574734
0.704042563429
1.59039182663
0.582094659405
1.13446271314
1.12864506551
0.994401530609
0.415906685992
0.530868176542
1.13324123937
1.39345085611
1.13607451427
0.750918834636
1.00127426717
1.45876557865
0.754714224452
1.05347391944
0.705466664488
0.452022127822
1.39928945196
0.557973091162
1.28099715079
1.14654818599
0.780668636111
0.620100097247
0.407084376513
1.00502410017
0.886476218083
1.0275125324
0.617059248438
1.05793853406
1.1559988273
1.03693367779
0.430631749523
1.22781913962
0.479561102931
0.638300392542
0.729953547886
0.451015650799
0.997653412514
0.66615048414
0.741755824003
1.3554719826
0.860426329722
0.794824073721
0.465056969033
0.867358039224
0.722604379169
1.3738808476
0.768489405718
0.621560358126
1.26144818421
1.11375347378
0.396202233123
1.30285276794
0.473915627299
1.10862944189
0.792502570234
1.16623101098
0.967288772373
0.794994110685
1.05787779082
1.3184910792
1.10483590611
0.959255688919
1.1569795826
1.14493410869
0.717540971243
1.23406772325
0.409034813491
0.525135056946
1.24440282519
1.25011402539
1.44681444862
0.821708183747
0.99201416305
1.16739624291
1.3386272088
1.56081681114
0.720305505507
1.25044453272
0.485378174488
0.593790861155
1.64258527618
1.15174805533
0.579110543713
1.03991065071
0.851032566705
1.40318997699
0.479992801365
0.854708804321
1.22924171617
0.771280783872
0.918535060226
1.48453152239
0.866366466414
1.11837807014
0.554282706645
0.433623418363
1.35150268181
1.64545280437
0.540205459023
1.42326957794
1.10179929266
1.31818918637
0.627792050215
1.01392732586
0.535213946171
0.621584718478
0.954800453775
1.27420600537
0.961137355349
1.08606375851
1.00861571195
1.02092899981
0.501280122733
0.916898125237
1.03060949921
0.556694034348
1.30382090653
0.681441542596
0.750595375273
0.615001145746
0.577631607425
1.11068932021
0.233073840048
1.00579681421
0.570469554679
0.7545391184
1.53574141902
0.513012706834
0.576938854786
0.870060348937
1.24151498871
1.29480706023
1.080874441
1.20575591211
0.976083374719
0.65691863174
1.31030251201
0.797770123411
1.25545329722
1.20918878909
1.28123030945
1.07584423001
0.777083762285
0.904842218327
0.420195387622
0.814176313424
0.903629232271
0.356178614109
0.830536473486
0.849378752799
1.43025806745
0.748422385862
0.968026050255
1.10977657998
1.27066048439
1.16557156684
0.821025796526
1.15698238252
1.25309621815
1.15360083537
0.286754192104
0.823806050067
1.4232237723
1.58789358272
1.39904957579
0.873790263241
0.294192507816
1.16215840346
0.452872744336
0.445421482339
1.17445925919
0.937167927786
1.1227618444
0.320353071282
1.59448028827
0.655325495537
1.12788497779
0.401740048003
1.3733374291
0.931780295718
1.30750535769
1.17839125818
0.937082597782
0.605996520794
0.587044065312
0.345434580434
0.934905926957
1.00403901393
1.05883303447
1.01409583708
0.639152867567
0.996729341339
0.173310606745
1.3620235195
0.792095024212
0.994653849806
0.53118180242
0.706123924052
1.0911252368
1.19571502381
0.772025079262
0.323476507151
1.52755276143
0.865383826967
0.52374341547
1.10812113318
0.721383834156
1.22281842291
0.988258650877
1.13181099199
0.618500625721
0.950201685648
0.518007052962
1.28183235967
1.04367578062
0.251944927694
1.29449116101
1.2790503293
0.712149679746
1.222548608
1.28638127123
1.1741082199
0.886311511664
0.904583327198
0.535130378681
1.30311506875
1.05624730406
0.731079654867
0.841295841435
1.30757585466
1.31789406067
0.564431352636
0.671544924154
1.09450852044
0.468683313906
0.603492647655
0.733804861574
0.780429317624
0.490917249689
0.579927582513
0.558945625276
0.766180793102
1.04712611768
0.526452278423
1.12006782577
0.320815148423
1.41530194832
0.407604880364
0.736751420622
0.528605906057
1.01881821526
0.631980128167
0.952968876343
0.481543616994
1.32415393525
1.39756475456
1.30339754096
0.661168207574
0.457393668808
0.980655992888
1.30105422275
1.60678561477
0.700548738781
1.2319895641
0.326254409887
0.951164117784
0.311261502802
0.898726149283
0.581199345499
0.964822004786
1.04102973113
1.06303134202
0.4618000146
0.966044066258
1.28617057265
1.30285154461
0.644285930695
0.577642167336
0.294126257283
0.967618146961
1.08480047023
0.181722775049
1.52154291116
0.875678551677
1.60290289736
0.342199140693
0.896422063123
0.975282938355
1.35458505392
0.672022484169
0.481215134662
0.533906876701
0.844017193128
0.953612581878
0.408783694709
0.331188179599
0.637766258439
0.958714420249
0.694853704623
1.69143852192
1.05621512505
0.957844346137
0.974405904631
0.840201809202
0.854031262403
0.343706468605
0.431931951581
0.671364045311
0.450356717806
0.374423836927
1.1497845254
0.882647024148
0.538734138424
0.380985745851
0.732597887863
1.48371946345
1.19677909017
1.24436777948
0.989888056659
1.21286168986
0.474305380101
0.589037998946
1.01213064771
0.470124353624
0.63131162059
0.936509052721
0.653715379871
0.438602421902
0.892907205551
0.869988854547
1.08456931037
1.37545436098
0.493467991982
0.690126827074
0.781555588746
0.925834730693
1.08279450693
0.815295731906
1.07417998316
0.345690343203
1.61517726943
1.21936787803
1.15045471884
0.567922534837
1.11848312586
1.06311960677
0.382762221425
1.16249104582
1.28442661351
0.423492669253
1.11554620427
0.815826774208
0.272145729478
0.601268183607
0.434328900623
1.33784503394
1.11783525872
0.361215059392
0.536731707891
0.325242074919
0.93930528227
0.711604852739
0.346712363383
1.40252055
0.511898308729
0.273932171704
0.764048712706
0.668284729248
0.450854234093
1.16535615578
1.00765019332
0.953862098977
0.947725797104
1.36225517616
1.3603338276
1.39975399204
1.26569762336
1.11456555885
1.44223323439
1.25947616747
0.899913775151
1.1481853516
1.33936501388
1.02359476369
1.37796045734
0.901503773941
0.420573697714
0.954316740811
0.848877127463
0.768562041623
1.32868922355
0.69373376341
0.848044865209
1.27066433126
0.364506691617
1.2041620535
0.307954630587
0.381345257013
1.3066794527
0.413892341978
0.53349041611
0.378969019858
0.948201458196
0.426576459971
0.865793178785
0.661815719398
1.19476728044
1.20262815072
0.617437322506
1.44406372573
1.4055025335
1.10973451267
0.416911006356
1.02471912946
0.642442226198
1.01674288112
0.695441542561
0.703125154607
0.127994695378
1.27548606021
0.823146477168
0.968060523975
0.522070351655
0.352476839394
0.854856906048
0.680953061561
0.58985650078
1.13586586727
0.95589161436
1.60017646341
0.968686749835
0.856094721632
0.377503483203
0.943769553224
0.915542627564
0.612316721486
1.06786147059
0.905359994852
0.505896335038
0.930396237209
1.03415755816
0.793756334034
0.786102624491
0.952060753264
0.679550506755
1.37882511337
0.593672026605
1.02802243456
0.778148886736
0.619648681543
0.623776033726
1.24699702182
0.608018738956
0.882098243002
0.469474011408
1.31445161335
1.3947520179
0.720794452475
1.33666814197
1.02527437047
1.16095419377
0.587745163858
0.930846177064
1.29832159339
1.44486154517
1.07505466022
0.323685833028
0.575710241075
0.789753921197
0.496604425263
1.2867526238
0.549424133547
0.598315557223
0.871939905448
0.746016406101
0.674399285391
1.11125688094
1.12847074993
0.333696285644
0.33425902327
0.436250102641
1.38495937803
0.588879109867
0.459267202606
0.31750812389
0.985212195391
0.583617351235
0.941202525293
0.832131350892
0.539250764765
1.03734253354
0.373320656093
0.871331066956
0.600352049869
0.618165749443
1.53021026685
1.33096908269
1.11665626296
0.494213350353
1.10286687911
0.726418942045
0.535612387039
0.344535100157
1.05132840926
0.369064562477
0.567218252789
0.523227953134
1.47481253883
1.4563324791
0.80686559496
0.73125438533
1.04109878099
0.542507589492
0.879021923063
0.37422245053
1.36647359047
1.22347413435
0.530452764136
0.498158737906
0.674199648726
0.330611871253
0.316897731224
1.16791353978
1.03074931087
0.342307257555
0.857897325636
1.01365382736
0.55090524565
0.365286027495
1.01776157702
0.809211514782
0.658089427879
0.719945864567
0.661060202109
0.683135013659
0.671800574619
0.726137908272
0.423582107781
0.541143576116
0.588537314464
0.489894385173
0.990484503351
0.598207389649
0.786989288512
0.647241394764
0.630229961082
0.538110782933
0.449179907566
1.00750972487
1.48422223353
0.507459501255
0.674897370125
0.587899850051
1.15584017613
1.16754165071
0.942272525209
1.01944785953
0.603448605561
0.119367893509
0.737731717273
0.590400852945
1.24401912418
1.26022307741
1.46426255479
1.253707583
0.551482720412
1.12655225761
0.546950534217
1.06208438447
1.07595167209
0.500404119858
0.643814758863
0.60067987953
0.987016602262
0.634958718408
0.360043574556
0.61269217814
0.640843070927
0.570780420374
0.866463230776
1.09860482554
0.907629661379
0.782931211372
0.381033560083
0.539181098901
1.15352378547
0.458194604779
1.54257083221
0.794083426347
0.974593248354
1.2139471468
0.640846363731
0.50221725067
0.679473549827
0.962174679601
0.302672553754
0.685852621364
1.47945651674
1.12487822768
1.35028777068
1.29351319779
1.01255931658
1.04116949859
1.4644906859
1.5848168658
1.47896197173
0.828394169556
1.08826537851
0.35662495233
1.22568768061
1.02949530528
1.00192971715
1.09091673577
0.397608758153
1.51452187794
1.34785408804
0.497199007651
0.897548130513
0.566374607607
0.345960156714
1.21287855742
0.488573709579
0.805954958454
0.856624492803
0.444263409633
1.16962802559
0.581106246921
0.449277097084
0.512385684791
0.819436331142
0.788274232996
0.969993924566
1.07951244143
0.364514122253
0.716136219165
0.949283771675
0.878391846871
0.738518191959
1.25977863401
0.752563465792
1.36508055254
0.690328418341
0.563928686576
0.434549778722
1.0722979047
0.496235085395
1.54846133605
0.933978673111
1.16256677518
0.65220782598
0.394523084668
0.477219975536
0.854910969812
0.708976920598
0.333805557815
0.85811323126
0.763788297217
0.724266701622
0.897349650893
0.489736263809
0.614569282599
1.22092117052
1.31593593927
0.520736651411
0.747362801704
0.553677953483
1.01787853257
0.853910698172
1.10664438355
1.08703501124
0.661554939631
1.15220119322
0.966047369544
0.904369490413
0.424953057048
1.11818520253
1.01184596883
1.3795527697
0.407654784882
0.949079009844
1.19325681468
0.683743411639
1.3307521606
0.781577024342
0.60263069936
0.750136648707
0.599072183014
1.11647236495
0.29023649798
1.08431471225
0.827174492808
0.960662885194
0.848864349729
1.32038360321
0.303779449869
0.439123162244
1.32122347407
1.25970906495
0.946383376975
0.93413769521
0.724778376475
1.14423583182
1.02617673135
0.427985396997
0.589521295345
0.487620987071
0.971901695562
0.447732173606
0.662682446188
0.547233183343
1.10111938878
0.85366542311
0.908103501309
1.25219379766
0.866590677236
0.534499288351
0.772201160547
1.07342725011
0.59341963135
0.51028261938
1.17373119344
1.34387018824
1.06880391769
1.1575070817
0.684952274788
0.904579950726
1.39249051995
1.33332517836
0.451504640267
0.374630048331
1.51496383949
0.625459483939
1.30360595779
0.373682514882
0.376133403615
1.0918633573
1.54460442041
0.990985472287
0.797221675391
1.15600720073
0.643321538588
1.16594369297
0.562074553063
1.03080264587
0.487631231439
0.699179442176
0.733505100044
0.850002169353
0.391757421663
0.496147311945
0.576378697528
0.564477723233
0.521523090706
0.44344169729
0.576796807857
1.18828584682
1.25928895917
1.25871062937
0.951038213261
0.416416020429
0.445953980936
0.548276507182
0.996621990072
0.897817315203
1.42493352961
1.05313709312
1.08521677825
1.23253387361
1.40895010819
0.3363447252
1.04161517613
0.605513839656
1.36302232002
1.37326115498
1.08330139149
0.445489101177
0.855003084512
1.33089666793
0.401576623612
0.719257561252
0.909003078875
0.565387483406
0.642937833923
1.59146630947
1.15115470855
1.17577526129
1.23958897974
1.07408346879
0.815355722726
1.1819152535
0.552468115866
0.705297375461
1.45193859939
1.2852865872
0.218460390985
0.689457557821
0.77634623527
1.03343975576
1.15634251552
1.33250332351
0.90943806799
0.974060976224
0.925529913448
0.702436245952
0.62478400756
1.38714464206
0.303020762305
1.12655490371
0.410607742219
1.03599333049
1.23723205461
1.21399023727
1.32236001873
0.354550601921
1.24214726083
1.25805339953
0.973548072524
0.934028643948
0.607561759133
0.901223523698
1.13946476077
1.18501940685
0.620289353612
1.38105773831
0.248000123503
1.12478708137
1.41021481518
1.02637720697
1.22166407376
0.682100988803
0.990370752189
0.866864817618
0.999592059727
0.273207945566
1.38671726963
1.07601224841
0.676934659082
1.41837570004
0.88560611663
0.308141388235
1.21692782377
1.34639918618
1.2261411042
0.621625038741
0.691030797514
0.448681545531
1.1443787564
0.897541998101
0.474674095122
0.334736206248
0.811930354674
0.736459238868
0.339905035877
1.32557051048
1.32387022618
0.817152641936
0.446773628633
0.238380273631
0.69786867629
0.79798832391
0.539746089016
0.871861271711
0.700545102253
0.84485309808
0.612914697571
1.05708163128
1.07992002777
0.391210548001
0.541041738576
0.836054455132
0.684911816359
0.691996025009
1.35718938356
1.05192777132
0.416484550835
1.27697969194
0.845430161819
0.530370085832
1.40865224743
1.4371340166
0.446834721237
1.21480121434
1.46547149245
0.939061085075
0.41671881935
1.21672809274
0.506968427014
0.464656648853
0.688166961814
1.48085717185
0.783671923523
0.598266642046
0.447267735158
0.533496995666
0.65502609776
1.52307402484
1.05344802372
1.27038237761
0.699072343719
0.30449877351
0.917635047579
0.587539957272
0.828272919989
0.594025096095
0.756470962905
1.08801120334
1.18749122214
1.37524751545
0.760393282407
0.897517368929
1.1941370302
1.12911118537
1.03027646082
0.650787584301
1.05333670903
1.30763277157
1.40533145192
0.148086164056
1.1900177966
1.07833354772
1.25909676703
0.669784575736
1.03523590968
1.04487688737
0.623397800622
0.473507275464
1.37134057517
1.08028558274
0.319075715341
1.59354127465
0.510885128475
1.17710587749
1.1252916445
1.3663989589
1.0192736629
0.554387877581
1.58646976708
1.34329954153
1.25129704264
1.25703112178
0.824854575536
0.925964289266
1.42642573052
0.728592292726
0.88061247934
0.466187824685
0.368325227105
0.789567380607
0.618575150844
0.951892055235
1.06564402486
0.791259976288
0.887350047311
0.610203943448
0.895985612769
1.29686606047
0.77018787254
1.5030612471
0.593632190518
0.708007849315
1.27981467535
1.07923630948
0.841457319758
0.518746382855
0.629690191257
1.13878037554
1.09846267775
0.418077999468
1.47531209552
0.718261426464
1.05706651788
1.25285673103
0.320537337222
1.22554689234
1.03674650562
1.23208894503
1.18990085359
0.974666486279
0.576679819932
1.38856998545
0.342698183781
0.18356316483
0.353064293167
0.687246936237
1.07579767641
1.05426024102
1.3508193651
1.07849198673
0.897902363341
0.64826118247
0.731016424709
0.812184229659
0.974365634596
1.47432783191
0.427814258721
1.33413657302
0.744436218109
0.514097387908
0.66123264638
0.30176650509
0.644749576954
0.439282684313
0.913255124807
0.508472817788
1.00370948013
0.473349902413
0.998265928506
0.518497334556
0.545316497518
1.04946695903
0.332767927481
0.772369354493
0.717539624954
0.324853719696
0.742090699237
0.762841451488
0.85120987197
1.06621145566
0.783916529121
1.27948418631
0.663326256515
1.15197177619
1.13793296191
0.626602555811
1.27611123324
0.497589725424
0.939832295428
1.21417932856
0.915132164039
0.824548136683
0.878520811735
0.890557553142
0.769938498972
0.468599926804
0.619560886871
0.418446842796
0.948860958836
0.530309226343
0.744870085359
0.568919777207
0.616093065118
1.03328316814
1.26278947525
0.335304527775
0.414082177523
0.374327631831
0.908021049019
0.556084853599
0.893319492198
0.844770088326
0.826563560866
0.740283283095
1.57778873831
1.45349723096
1.25527365907
0.709031582696
0.918918650358
1.26032225365
0.544551145844
0.727556280815
0.902378111141
1.06311760511
0.285772620014
0.610459396243
1.11423180564
1.13872298697
0.370801656428
0.912314492252
1.13747025722
1.16799774472
1.31699923098
0.819296132154
1.20435337442
0.554189960542
1.42381090172
0.333231876294
1.03868374364
0.690348930906
0.718381414527
1.12571066629
1.07434204374
1.27647841715
0.837458837843
0.763509136876
1.27358991062
0.536128134268
0.605142537544
0.576890170459
0.887530678226
1.22709255869
0.323253362953
0.486888835883
0.861201209673
0.572121007915
0.728162596502
0.257650619009
1.24279311216
0.493314366629
0.871938663456
0.943813645718
1.05543023205
0.906163632344
0.386485272867
0.592775841918
0.880516981823
0.364101024748
0.683885482623
0.350383844059
0.917717860131
0.614569173408
1.58866158592
0.834447332463
0.712442116995
1.0125550756
0.554785812887
0.774637861638
0.759348292126
0.893758204607
0.91409465653
1.6326394595
0.498611428277
1.07126832814
1.36104142334
1.03706365604
0.481964169557
1.03392142416
1.52977336876
1.13626604565
1.40943399641
0.780647350141
1.06075250201
0.41552467882
1.1009662112
0.680945932628
1.29654218279
1.16365827306
0.96206690956
0.332919686423
0.959710438447
0.404292201262
0.773355752004
0.773340905438
0.666495542195
1.20805297643
1.37407808823
1.30841945346
1.33052785687
0.764012903681
0.531536810249
1.37929592263
0.894080177275
1.50544683354
0.637003276712
0.439438348809
0.363390196599
0.920884271094
1.39017970648
1.25777650295
0.658744844585
0.580312910245
1.09447736861
1.20850628971
1.30765230773
0.710290506898
0.466062845892
0.403713019704
1.07504390896
1.44460796362
1.06259693793
1.3293182685
1.09728661144
0.602292904356
0.661086439295
1.05874534064
0.729204407924
1.06921321726
0.618988471619
1.11574990788
0.824634353622
0.410244669272
1.20557398127
1.00799335517
1.09591708671
0.694464655936
0.848165154079
0.402006084491
1.50537123636
0.716068594082
0.575693789833
0.649161440499
0.607420039006
0.598060882336
1.33837151339
0.381440402253
0.865227155981
1.29909936765
0.891373329746
0.48135714609
1.05667911078
0.833678260981
1.13226961545
1.04681547554
1.20562681704
0.31271894531
0.848092505552
0.968894993193
0.767576690413
0.465326730365
1.18815272887
0.681129354257
0.36202013773
1.56093056653
1.03517801989
1.02660009645
1.29118450796
1.2025071519
1.2328313649
0.483846257237
0.383568227403
0.389284867151
0.797070955697
1.34984611397
0.796320132518
0.532231827073
0.857436989772
0.536263894542
0.294496931009
1.23222007566
1.3097009596
0.622415017793
0.817150526852
1.09324120228
1.33186590735
1.27066760499
0.52393845005
1.14405973862
1.27194204209
1.00353748531
0.768374925688
1.034409373
0.476866828978
0.829424648361
1.26061503413
0.699240802561
0.427206088402
0.75553091592
0.718458753295
0.675293835474
1.10325802414
0.585470106839
0.662464816413
1.05589399757
0.814489511915
0.795324297465
1.22499083945
0.551326390999
1.36231874652
1.27843396133
0.928519665642
0.778188003788
0.258251587913
0.379520113177
1.0791582411
1.1002308101
1.21532754012
0.424245951813
1.20916871124
0.992953435634
1.07200969784
0.371336689685
0.91524100092
0.632886001154
0.838688194328
0.40803018759
1.25682323276
0.987425442427
0.363336757302
1.22036846037
0.830179173606
0.418833953319
0.678656781872
1.41437008828
0.745548228216
0.905163540807
1.05803247739
0.582489071747
0.528818458315
0.865981840894
0.495049983807
0.757677683672
0.980439615861
0.203022361932
0.99803498941
0.88960703395
1.02337208951
1.21180707914
0.769254944657
0.729393056293
0.367053598508
1.28131579297
1.01297941565
0.789047570609
1.32706244983
1.01855206389
0.495101852744
0.689051326913
0.856805375175
1.33900183278
0.527650562835
0.31601322663
0.535844521372
0.818995548316
0.569616799141
0.633948044281
1.16095175162
0.52877862367
0.756508850552
0.902671654561
0.550290890012
1.0175528715
1.46894740972
0.896017317463
0.747535794582
0.732721070859
0.973080600742
0.729474790853
1.2644170166
1.26514544841
1.1034588925
1.03656763538
0.483854980888
1.36108105269
1.26008894728
1.05401863998
0.453174058275
1.13090825648
0.975541113679
0.669728203824
0.673773227007
0.84025012712
0.617532546837
1.39314508067
0.901685000687
0.734893308324
0.634865938831
0.781830027533
1.35114318381
0.788251697185
0.628434803275
0.876699823363
0.597181777681
1.44527187436
1.12667051737
0.704171871532
1.43141639683
0.383437398953
1.17595204396
0.692782443458
1.05980411989
1.07676669411
0.991755260408
0.578151014486
0.938060630124
0.572148184553
1.34789080843
0.910838558158
0.618059214467
0.88695298719
0.706578602876
0.672752331686
1.37785171985
0.730425384968
0.77791583908
0.688871337609
1.22975363637
0.309421467822
0.963675179148
0.529137579394
0.528137104679
1.16873593163
0.783590568314
0.57004873534
1.16160848676
1.09603110481
0.707526406348
0.572808323042
1.26984838515
0.428778065603
1.22412589167
0.231681789941
1.10638280937
0.926895970979
1.03598602326
0.549071105654
0.5322984456
0.570243747438
0.886057480824
1.15048664319
0.480646245201
1.47426534784
1.25484613713
0.844256408753
0.551800322141
0.439115666841
0.560526582179
1.25027222514
1.28137098569
0.818133511479
1.26017483578
0.884937671168
1.09191142837
0.952791102581
0.842514230557
0.465739946885
0.565978616611
0.720453963005
1.26657504289
0.796895723152
1.27536806812
1.45732851482
0.661312671189
0.893585641055
1.16411780742
0.29051984271
0.619747785181
0.914616882895
1.52971767681
1.21002982787
1.40347080633
0.716820227116
0.501460861094
1.11351052188
0.566327846116
0.707176222347
0.732587980845
0.464229064492
0.617121802558
1.59256858247
0.667648625471
0.567193837426
1.40599791624
1.00211306048
1.03951658986
0.425705474109
1.07947976651
1.18340322015
0.52529013915
0.874215217738
0.950732857119
0.954059659433
0.529159896538
1.02283845053
1.1849757391
0.52070472256
0.379686458282
0.794243803437
1.25893324981
0.907687022782
0.404811003148
0.654010702497
0.342110955441
1.26126416393
1.15034883256
0.544540573548
0.771508148065
0.977967008003
1.45076460031
0.628477996506
1.05028167695
0.442564608215
1.31895341333
1.30345355953
1.26526549237
0.717762000317
1.22684436622
0.557442959325
0.655339505342
1.25247492516
1.21836020487
0.493785629067
1.24528980717
0.935627476979
0.952398995038
0.473285053779
1.20664901946
0.998518159486
1.08566974587
0.34046927873
1.03029659288
1.17341438316
0.443518960654
1.35812582566
1.04159015368
1.15067347863
0.429024795887
1.27757839855
0.538774091841
0.106387070063
1.02022222137
0.467531250816
0.548583954677
0.383523561421
0.683079257822
0.931379725001
1.05184419488
1.28251009303
1.07629399052
0.937732325973
0.521675138941
0.599478942506
0.437573147765
0.578919976484
0.61574934988
0.642190429792
0.901679988548
0.313161529702
0.878297152248
1.27870680049
0.794203232228
1.01681089946
0.506572086298
0.308998281106
0.717683760929
0.638308374992
0.295800505537
1.03081855974
0.779031697771
1.14292461444
0.717878856392
1.15273112255
0.384062799168
0.299734457588
1.36934049782
0.805411995487
0.550909500526
1.04466568386
0.592957550695
0.417285133547
0.980214384902
0.42939563652
0.863977194934
1.05550726408
1.30576837087
1.17074241821
1.19880270828
1.0913792916
1.1472071804
0.84454327501
1.09440831841
1.25101283445
1.03430639559
0.870935507941
0.953080213596
0.76450546721
1.21793450304
1.15305518955
1.52783943758
1.01209329297
1.01780944621
1.02434624455
1.03677533328
1.09065735928
0.469072420452
0.629840858016
0.820217252846
0.965451287116
1.15425946681
0.251961932433
1.04129002105
0.587560400497
0.730074984856
1.41995515479
0.980907159179
1.29204316678
1.24071380731
1.21531262042
1.21539397865
0.491111470239
0.537402896025
0.514085937642
0.871393509204
0.36505812545
1.00995820691
0.644852458618
0.975121851399
1.20099107862
1.00320802205
0.403871064552
1.23750411231
0.875214447731
1.00533562224
0.86059452584
0.540197745006
0.738309943411
0.543477908504
0.882332970395
1.16011152306
1.50911700946
1.13695412322
0.957105932398
1.23446927622
0.610123361475
0.915987401954
0.403683800452
0.537012226256
0.525525036422
1.12698298
