0.902958932526
1.09900693808
0.4439999642
1.10574879516
0.399912804496
1.68045822576
0.436359097894
0.833210989687
1.17867103387
0.864064580385
1.03110273746
1.04168181138
0.850390484661
0.509738501894
0.927854882948
0.296347992051
0.538489630793
0.769695401828
1.17706906055
0.772176918959
1.44874987457
1.31815914667
1.15945528165
1.23543158697
0.847745217878
0.747565042598
0.290815833006
1.20913622627
0.561161032446
1.07493176673
1.3842568828
1.23780508355
0.718109524777
0.542497486246
1.42749561377
1.12764484107
0.654891865939
0.588515579693
0.506607428905
0.568231242209
1.46314235256
1.01854535679
0.73901190328
0.868950116508
1.15182401492
1.62199234231
0.605222772888
0.487416539923
1.07226387759
0.533296748316
0.651736534228
1.25976287297
0.507498164699
1.00367453989
0.417386699638
0.546690323116
0.475188230217
1.47404743859
0.820140641588
1.12555097351
1.06969145377
0.774588742912
1.16445718298
0.800895031019
0.834316906546
0.864389332055
0.391214926181
0.925928235905
0.879675418923
1.5055467147
0.976991723649
1.32730874294
0.367597344321
1.19539987549
0.512451499024
0.992825844422
0.290469880136
0.583823613206
1.44895067804
1.52190436412
0.563302868915
0.859169757881
1.34933087956
0.812702950633
0.968062343122
0.875475961965
0.953691178438
0.614915229946
0.638639337677
1.16032094264
0.750733082934
0.744036729101
1.24079436071
0.792651522693
1.10775550974
0.483127708778
0.785630902662
1.23571562396
0.857031576738
0.236919335774
0.278132356
0.496768930744
0.313206266095
0.477727889114
1.22879225484
0.529989476784
0.64075548617
1.24065775527
1.10715999838
1.2327308547
0.952147453528
1.36384395807
0.990400230471
1.29231233345
0.631158674274
0.522018987236
0.951199870385
0.874534983755
0.783971125575
0.984757873161
1.16282279862
1.26400681271
0.784833307042
0.665672761088
1.09015002999
0.870245370031
1.08594212606
0.474605460614
0.459797074169
0.954144912336
1.0416964843
0.455700631681
1.47041838762
1.21043665033
0.63814898662
0.834804581265
1.15697650177
0.884808812739
0.736537360089
1.4675245676
1.20170810344
0.94796570414
0.456887478781
0.817457649239
0.463392702207
0.632742023977
0.440770436607
1.0339408168
1.36090733363
0.420100495513
1.31680672371
1.2201804316
0.576773653299
1.03104232796
1.17521615073
0.554648158386
0.285614409396
0.834885349651
0.390742412293
1.2020008301
1.35823934591
0.465074521852
0.441092430271
1.58507874686
1.186045848
0.312830269186
0.687158686249
1.38503078203
1.28949959694
0.861956989049
0.991379203104
1.3929639905
0.818406001395
0.929963317046
0.561366746226
1.05856532745
1.02396899508
0.74325996933
0.696552532695
1.4609468205
0.41666614418
1.05209140576
0.815778923487
0.922202611471
1.14467665565
0.475530261804
0.796300931275
1.3949221338
1.19509409042
0.497311834493
0.545066428378
0.823674638968
0.631590149862
0.576082919076
0.625364858901
0.768587159601
1.19959731978
0.225978643245
0.980612990216
1.19503206345
0.988054728123
1.30454899088
0.536631023498
0.353268347335
1.09335413122
0.779992731098
0.507684230125
0.85199534174
1.01549924278
1.11411326687
1.29882542945
0.370390878345
0.919312065804
1.08099021108
0.593935911187
1.25120798446
0.400264639265
1.26758708979
0.684123887246
1.44345911149
0.4161045505
0.395722234274
0.935090960219
0.45954674428
0.516017965332
1.02876426819
1.14075966399
0.731643310627
0.754122269435
0.864206005813
0.613257015935
1.29639701488
0.69226193875
0.652291002246
1.09492639123
0.629006732107
0.679152678533
0.48398360282
0.875255196863
0.582992803808
0.234918638945
1.02361826836
1.6078912131
0.386128090491
0.41891237425
0.847379386056
1.20620402828
0.503572605766
0.561238818321
1.23731179394
0.367876091955
0.915584166891
0.73306727038
0.602122558386
1.31599028169
0.487013236055
1.37914034086
0.700897514364
0.503490803025
1.14568252284
0.758963593694
0.80824681193
0.546157605085
1.08617578341
0.622240007888
1.22005104075
0.977598448393
0.701643436069
1.10013353859
0.322092083985
0.416342218398
0.706033119496
1.59408939474
1.47106648363
0.696312139852
0.65162110271
1.27631289571
1.00400577186
0.439666723905
1.05172097859
1.17772927332
0.896557641976
1.0412326981
1.07008868578
1.20675485185
1.2295017552
1.00268532051
0.488257902927
0.591733470105
1.10476145801
0.915318038705
0.519550347079
0.599607229431
1.59828812227
1.25473175686
0.672956598969
0.694372917442
0.824375400863
1.141408308
1.24084313962
1.01288117053
0.757299724333
1.44449273015
0.568014134018
1.0535210963
0.600538229702
0.582062688836
0.344079193467
0.436423320518
0.894383174541
0.483430039635
0.859549607904
1.07969199658
0.512904062181
0.587229129041
1.46093124032
1.1362969325
0.530964692926
0.87863941873
0.542957411545
1.02496421171
0.448742122312
1.27062445284
1.06998801739
1.45264471579
1.01164525603
1.26478033984
0.32098197455
1.47169339182
1.35465171893
0.61149849837
0.917081576751
0.919196875353
1.13813819307
1.03987414429
1.59053878418
0.75219108439
0.205421467087
0.940617435285
0.650750499884
0.521565705374
0.263455581165
0.926733372491
0.517593839552
0.66884922798
0.822845572415
0.9347615874
1.60848994884
1.28646072083
0.470969983256
0.667033538004
1.11616752403
0.84223007508
0.642755308047
1.40126489532
1.59529843936
0.903491380653
0.612368134047
0.82093491403
0.33729585546
1.27749698306
0.407955315842
0.561997332866
0.478160098897
1.12238337319
0.473079281432
1.33617848443
0.941690913946
0.976853943545
0.92518204392
0.948274437722
1.37268638605
0.335673890752
0.731739955833
0.552322685749
0.606251692784
1.37109095786
1.00588979123
0.751384714766
0.48129890765
0.881307285925
1.1523848111
0.391015373323
1.45199476205
0.68448840656
1.17129890563
0.580092414589
0.39245324293
0.94698442159
0.926228434751
1.12866644943
1.20986829971
1.26890049306
1.41305451014
0.440668030329
1.13784629655
0.914926546879
1.14008463736
1.19658787994
1.08691798728
0.410120406106
1.35971808023
1.46476383038
0.998563080389
0.470076637325
0.992504820855
0.990088009188
0.993416181338
0.950608246232
0.865777393465
0.544796817419
0.533361766446
1.6152734204
1.23119901713
1.10523433921
1.34479811792
1.3758860037
1.40782001753
0.688706823544
1.06834034401
0.941399155212
0.845699660894
0.313024800169
1.10191787694
1.32917278414
1.10840919045
1.21860125008
1.23565901195
1.15060451442
1.50857233067
0.833891017773
1.27734402407
0.926020879082
0.54113113338
0.429031841042
0.984089832619
1.29225392695
0.723132898517
0.559479352167
0.881567757265
1.02130071816
0.693550788262
1.32368267039
0.723914179974
1.21770141334
1.37705146406
0.825260296451
0.367344240292
1.2252428141
0.763382948267
0.60581110485
1.04123817789
1.1286115564
1.36945679474
1.32010370892
1.17000678762
0.511880844218
0.27259767468
0.617829857583
0.734075560224
0.566318269727
0.832129379317
1.24231330184
0.681470891443
1.04250964777
0.877258055669
0.967171585078
0.702895257967
1.11784847256
0.920215086091
0.159000260142
0.337974420633
0.696872998659
0.867842216845
1.20103861668
0.502806089087
0.873431938211
0.975738412048
0.701323563689
1.18407612492
1.21311182351
0.685531636584
0.685274789178
1.43442219767
1.2741458393
1.29390730676
0.292794782877
1.09652524217
0.735931909811
1.3717210124
0.467423067054
1.0924761774
1.05558130097
0.793247007986
1.06363718716
1.18561868653
0.347567299135
1.31868857037
1.31397049792
0.639262811494
0.854885472548
0.773354699878
0.819310227924
0.722025791967
0.716297255395
0.99758600418
0.777067587719
0.472003968927
0.856997427021
0.796283340391
1.26380001214
0.73334980594
1.57901915768
0.759478318433
1.0013212136
0.75146164322
1.03532471532
0.90525692711
0.639806897907
1.17477307639
1.49063166564
1.23211972709
0.792748436588
0.559326853628
1.1636459868
0.836727301966
1.21161583924
0.608425160644
0.88319487604
0.597173097552
0.29563189025
0.512330524207
1.45455329367
0.83244457509
0.766026376745
0.410324714539
0.233107359773
0.835280801479
0.880128649205
1.17475649504
0.587281298507
1.09864428215
0.117020993298
0.6451350222
0.461072297263
1.13586298583
0.80435408352
0.571832948401
0.465635377078
1.2964235625
1.12643950662
1.12836090483
1.07696577143
0.531587069696
0.994397982675
1.54265765839
1.14612838067
0.97257787171
1.16270971434
1.16582268598
0.689980554138
0.772360361592
1.01008529634
0.966687583983
1.18249595953
0.627002591959
1.31060486171
0.638186675486
0.99663213626
0.711322755358
1.00837042099
1.30471060272
0.576037989175
1.15803007654
0.335237192062
0.638382698856
0.698821112497
0.455523725947
0.597477021659
0.903007495415
1.12384099321
1.17920079981
0.483835409837
1.14605066627
0.56090383656
0.491168422895
0.561126350095
0.784921738335
0.486050740911
1.18893751993
0.478569569224
0.518930568894
0.391753171938
0.687155740615
0.706556959226
0.510190286788
0.751745407942
0.576392334861
0.902213792811
0.77518707265
1.47235176461
0.382917415823
0.751292155874
1.05279305346
0.637095617084
0.773106261391
1.40829119938
1.26389099417
0.508427751166
1.15926660392
0.765014367333
0.921160848008
1.10469190781
0.824354825021
0.746637905234
1.016012712
0.882993118247
0.998755919867
1.0709802536
1.11538685743
0.457216330405
0.916871665563
0.687832248656
0.977196409298
0.858679027025
0.721489849362
0.809846068366
0.916078020415
1.33243509637
0.602411896309
0.879197932542
0.523467454246
0.940246762432
1.27837458782
1.02452329377
1.38864901654
0.883384820284
0.594634884
0.326765658045
0.864206186624
1.44438140059
1.4944087078
0.903465643626
0.578356027491
1.42842786463
1.50411623026
0.469509426802
0.590551734975
0.450980909525
0.402229589094
1.01469841738
0.971911043558
0.879255414121
0.297053133741
1.11739316522
1.25292351241
0.721475514993
0.897552019915
1.23757286489
1.40157606696
0.485463692399
1.11010590836
1.18293504319
0.769914923556
1.12629508895
0.654012821778
0.512298913783
0.963280863638
0.137283852881
1.14504136642
0.757104318624
0.654756746008
0.464614580093
0.624513938162
0.613307017156
0.79930142634
0.917128783273
0.934723667329
0.820279790705
1.13144428946
1.08306244129
0.853760064151
1.11303153324
1.3154151284
0.998715725615
0.364174959831
0.738237723261
1.06793172786
0.805901355958
1.26947829309
0.435208271412
0.576748868004
0.526796924738
1.27659231321
1.26890052835
0.975100804744
1.28666478744
0.881179075999
1.35218141784
1.25297587054
1.11294416605
0.4123825183
0.512742255726
1.0670324893
0.833945172473
0.817457517839
1.03057050087
1.34361802889
0.959524275239
0.843227408388
1.61824778371
1.07706294328
0.517863124583
0.806441397151
0.60737155632
0.92100683894
0.490827273655
0.764913980973
0.386273046503
1.4046330249
1.13604836607
0.997852168785
0.507290540436
0.387025667669
0.412865387217
0.489781842816
0.486006632185
0.804440387746
0.784544227762
0.777031479307
0.998655024052
1.4775705415
1.07753704276
0.505108963926
0.639263151474
1.18089112862
0.98150366529
1.38866282323
0.465444460296
0.725518290917
0.731875216272
0.54109811315
0.892142884274
0.76676236022
0.849407169367
1.06059177858
1.00186059645
1.15253366917
0.625755156492
0.634051592813
1.14788949388
0.834124041745
1.23091822621
0.78723878086
0.463074588611
1.25875824367
1.09735047196
1.38156002241
0.972488709532
0.490548870819
0.550308073284
0.370622451339
0.914574803206
0.70822759239
0.933233912241
1.13670873353
1.22737388277
0.351871961059
0.714363427854
0.940168338798
0.700444908103
1.42538790529
0.439190521318
0.574539773546
1.27012602572
0.370992190047
0.662064451336
0.327377666953
0.979290293657
0.402141311206
0.876364967702
0.740521924387
0.577333784995
1.50007445107
1.38388832454
0.79615401066
1.02968636587
0.654344623738
0.453768416095
1.06532151751
0.731184660822
0.483036391849
0.997197748914
0.510022880416
0.733075201685
0.810141775559
0.458537464356
0.757925533285
1.18293228119
0.601708655473
0.588299121635
1.03699706191
1.17755061958
0.763038848652
0.799835409219
0.912327343037
0.647970579303
0.702538284599
0.627261585538
0.694657475091
0.786263982353
0.703910633537
0.366016106361
0.737409783641
0.940984036217
1.24615132849
0.314203172275
0.978960686516
1.29416669231
1.56949965834
0.81604653582
1.23562200077
1.10431634617
1.40268184088
1.05706619843
0.328830747913
1.02026062511
1.16360296261
0.746327645003
0.624295369983
1.20438294784
1.1862649871
1.09461704993
0.78512038955
1.07437326358
0.973485662771
0.551494922796
0.737538984284
0.634113218543
1.05899430004
0.648310844268
0.497191527128
0.405816191087
0.69049458447
1.28941091264
1.35778639425
1.23250220834
0.733686698463
0.854801588413
0.851340834054
0.577524131006
1.18259767582
0.537885390766
0.748090301274
1.10457919663
0.935884779722
1.19788707624
0.566354240775
0.758215807409
1.07571496895
0.607806909472
0.405773704837
0.75303380275
0.633036737407
1.11351940255
0.801620405596
1.28662259117
0.917605156593
1.03015078948
0.492999553042
1.05489592948
0.647969901868
0.552089470927
0.49615140943
1.13629036535
0.475572923699
0.866901040836
1.21930191518
1.30754789622
1.25573170613
1.26502664962
0.918846566104
0.344046389797
1.23000987074
1.00393200004
1.1280574494
0.385649073587
0.670979574004
1.04017614636
1.03842736761
1.36837632055
1.12634152857
1.07317573637
0.881759682131
0.454096436124
1.33685911598
1.55110095283
0.620382051596
0.616863297357
0.412022110064
0.589460516493
0.534385770109
1.20915277403
0.883361281346
1.09951455847
0.651220420032
1.36176453081
0.948265201644
0.72581412174
0.6471354709
0.496874641323
1.22096999848
0.390815009184
1.15170458911
0.9630144211
0.857679113073
0.507146405737
0.582928242757
1.15163279694
0.619085224338
0.811359341341
0.708523365447
0.625576083114
1.34365644299
0.726094227998
1.25061773105
0.518206636726
1.37696346298
0.815274654224
0.648137708167
0.349677323536
0.805934479539
0.39166559126
0.6940736326
0.846582521606
1.31487414924
0.923612001661
1.10605148694
1.26060043556
0.586301410036
1.19117137098
0.622207208162
0.552655077076
1.19974932975
0.226729445889
0.717091342429
0.823108749642
1.01407354377
1.3342482055
1.21164843285
1.06901519651
1.15638726685
1.2824179838
0.774464114251
0.808410927687
1.03001203568
1.02694511555
0.800052814966
0.464402031655
0.843088461805
0.363049706828
0.920146142945
0.736214436267
0.547580093784
1.14117998869
1.27614940153
1.25438620521
1.30162781927
0.480366157249
0.313162530965
1.05204738452
1.33561759044
0.959729899232
0.941457445314
0.796906827021
0.81279560017
1.02636519849
1.14601439116
1.33795147785
0.466210871491
0.67701656955
1.28761843554
1.01971167827
0.716002862162
0.664706971585
0.967982783021
0.558520876933
0.320857792231
1.16326279156
1.11626898355
1.07740158229
1.08798424548
1.6424323784
0.981712803795
0.892856137416
0.59057684865
1.0545806182
0.682133840015
0.468306626778
0.537481911176
