0.776279639884
1.54236790781
0.554345348736
1.00751736462
1.37380680245
0.40645465739
0.376326782973
0.524251985
0.936713456247
0.965986876979
0.924652753948
1.23608988201
0.914523490784
0.514341393525
1.18241131754
1.07388227594
0.372022297349
0.96811717049
0.591505269307
0.986446779958
1.00315314823
0.536119036572
1.13908901747
0.641600895915
1.37378752376
0.44786791338
1.17397233327
1.17337455477
0.454228534148
1.48764100795
0.763822754868
0.312099207156
0.584707434893
1.32044044794
1.34313306754
0.418820799962
0.840804330582
0.259007430659
1.31060391356
1.08550143939
0.860783441222
1.1441274044
1.30323810913
1.44943540065
1.39414911273
1.0981296676
1.227465587
0.6619696405
1.19476634549
0.742278071441
0.868565538043
0.965842556658
1.0018834261
0.519500935021
0.987501670158
1.37750664564
0.33168109729
1.23411262163
1.34203828184
1.02035047771
0.297416020367
0.804391151991
0.301226104099
1.35845454764
0.993398939761
0.581180825015
0.580450255135
1.39648443757
1.05563735343
1.36297483381
0.776314867093
0.443727080508
1.01991921424
1.21436358347
0.522218007337
1.01095631066
1.00535786552
1.45660238615
1.30597182838
1.10674902099
1.23337328279
0.748625851601
1.26133205148
0.425331884351
1.06579740324
0.521773321993
1.39379739369
0.366676162476
1.14470503698
0.451129188618
0.546374439703
0.262959983678
1.24775163139
0.675082594708
1.16367810882
1.53866863554
1.40229681733
0.554294658192
1.02135737901
1.55481114299
0.630691996486
0.897395237304
1.54027083211
1.06837974119
1.01676080443
0.521789086008
0.504079133936
1.17897805411
0.730630258375
1.17824297264
0.599148502788
0.997427134126
1.28348249422
0.970343215434
1.22020693022
1.07840942125
1.28396823691
1.08599564341
1.05727513365
0.704477425164
1.43374214397
1.13450058169
1.12769953543
0.963046614983
1.02537298012
0.562407356671
0.681936617678
0.959157036914
0.4713026853
0.899946682352
1.30352921236
0.487124254495
1.35579461786
0.558819816051
0.388833627617
0.900995707442
0.643563443113
0.52323247036
1.39775338669
1.30718041639
1.00445986954
0.616472596094
0.621817207743
0.48083187447
0.738100810251
1.27050513238
0.916161423326
0.9526211045
0.952664073552
0.77466979339
1.51620040696
0.582329377074
1.04686790102
0.932762026678
0.822672706374
0.541134606696
1.43865333656
0.863859167014
0.540566412778
0.56767757448
1.0429893566
0.881828585246
1.02218755263
0.651847690216
0.44625937012
0.597855049285
1.06033239969
0.999727560836
0.940863265361
1.30622279936
0.702926532586
0.533340814308
0.881106245217
1.15599666136
1.03887967809
0.595406305084
0.593066679301
0.962426453325
0.818906768267
0.812895486038
0.562479481245
1.08877306253
0.407521256079
0.824612584831
0.834412409824
1.25953450631
0.956591202472
0.795356069092
1.17244519236
0.937837696422
0.537326888265
1.09718196275
1.37534407708
0.683039582213
0.565652795006
1.15274784422
0.476187776621
1.23451599408
1.06417280852
0.889240928941
0.84682396652
1.00458752581
0.920874190481
0.871559509634
0.599379350964
0.879157198437
1.04321985382
1.07647311328
1.51147729122
0.538661084741
1.38574574941
1.00396844809
1.25253746074
0.374241771259
0.625542709138
0.712711973029
0.747422202674
0.358307742056
0.339930644501
0.777071372568
0.706182913094
0.943853172571
0.295899152001
1.11392967952
1.36284475896
0.86123810281
0.79374936082
0.622582935898
0.620550694406
0.67195268121
0.178768727619
0.697292938173
0.808252425053
1.35204942128
1.35502732703
1.0870279502
0.311035563881
1.33438111984
0.441542322747
1.33576514331
0.890867778335
0.494682013988
1.01056475931
0.316208379887
1.14807651685
0.719811029309
1.4009273751
0.503128046276
1.23355930939
1.04267927569
0.4285581581
0.541222545989
0.905571218358
0.522062391331
0.619285452223
0.84242384858
1.16030721294
0.297229965912
0.539923123222
0.735726552861
1.57606561308
1.00513930808
1.24119145594
1.00700441502
0.301086863649
1.0777996616
0.449263884267
0.294951245548
1.2925372933
1.2163203398
1.23502119935
1.35752320652
1.21725269111
0.311639144245
0.381055965859
0.852290080126
0.824759696753
1.36037931942
1.09469827485
0.808971319703
0.755538097166
0.990197021151
0.748926213542
0.430560701631
0.519413219766
1.12667698758
1.54597347942
0.695803706418
0.767772478764
1.06720195613
1.10147040592
0.928774159166
1.3030673354
0.661069956626
1.3424330713
0.904932721772
1.13162510201
1.13159616634
1.71142692181
1.21224784004
0.305189640151
0.732855868976
0.494719662909
1.28165139234
0.452660755285
1.2706215086
1.01129982368
1.0467720147
0.890461470141
1.13414367939
0.935062504917
0.356774121973
0.815083410529
0.345505132032
0.600625076078
1.45143453451
0.389879737089
0.486643732429
1.12323999089
0.726971377633
0.950964915157
1.11043274189
0.608557349466
1.06994375319
1.43430691835
0.496189788926
1.22912002567
0.798414805899
1.29157983992
1.06850051282
1.11666746321
0.733983589452
0.532618792585
0.8784632594
0.503821147601
1.37369970705
1.48128601268
0.38461865276
0.377952215564
0.882376067135
0.399231588533
1.14477991302
0.564276742932
0.881725992173
0.626679566453
0.547085525188
1.08263560323
1.15535790025
0.936798661701
0.75830528453
1.24972109444
0.764595705994
1.43603328427
0.376650054743
0.748028628977
0.456452181834
1.13367046146
1.12358429448
1.04178906944
0.510341199644
1.3142431865
0.816443519415
0.662967774486
0.319056649622
0.347665976194
0.656277972243
0.590834884096
1.16211651469
0.4769559896
0.395775731285
0.836137433186
1.03423036033
0.542203541375
1.08440814048
0.551815068031
1.05246548665
0.640040249539
0.859312606559
1.14714255847
0.813885812643
0.924008655271
1.15460396879
1.07654258355
0.30260657249
0.67430383664
0.657907693126
1.65255101935
0.730132686737
1.06566232526
0.480398181753
0.852511956205
0.558172065492
1.44374813263
1.37137849874
1.0249967302
0.971173846209
0.897497695525
0.782010307714
0.214687271402
0.978209926888
0.96815788717
1.12136190034
0.629387267911
1.36167608799
1.54469134656
1.51223369496
1.27721194526
0.692983589271
0.473200570113
1.33484908719
1.07126262388
0.43928979384
0.545726524525
1.26833867779
0.87593774222
0.725702669069
1.23199455352
0.897722427429
1.32289839928
1.18102015168
1.40977832083
0.677917408709
0.763493727262
1.04269790201
1.51017739272
1.36118211568
1.23406056301
1.0724131115
0.488039618152
1.31184923726
1.0863387912
0.942210595841
1.12906071895
0.994244131743
1.43709076628
0.952570772251
1.18166003609
0.692479589722
0.828705854369
1.19860791469
0.448698649685
0.878657927667
1.08084586781
1.13466256393
0.720701254393
0.356663164699
1.41006253772
0.980426738806
0.423482220993
0.635946053498
1.38120306823
0.898867093253
1.01568996415
0.66491807425
0.469335787626
1.32408464668
1.31959095463
0.331760998363
0.91083004347
1.10112337476
1.47298828495
0.750430110731
0.715491549309
0.85878286632
1.07152632964
0.49363440533
0.724126282861
1.06530529695
0.564566647425
0.649688525387
0.572050010834
0.617992337777
0.95639393816
1.5800372682
0.912287564029
0.926521612925
0.627234588344
0.565180366166
0.383927083351
0.996041163837
0.750432434951
1.23921953757
1.08362183524
0.563023021081
1.47703472082
1.25179525857
1.07180972909
0.556453361014
0.622779550507
0.776695224738
0.637042657689
1.146010746
1.09754341882
0.8043918215
0.709202337014
0.736981675415
1.09510946806
0.580064156116
0.860218073049
0.65029807675
1.1412906536
1.08385819691
0.813261309403
0.358419382944
0.860427207799
0.45660608811
0.664183904525
1.26308854276
1.09098906999
0.972257046775
0.805689051351
0.515958261848
0.371556738497
0.668254561342
1.04353674355
0.566252597166
1.25609956227
0.504848185017
0.362366417447
0.487405357305
1.13650505999
0.984995681568
0.860393812661
0.446411323381
0.739668719704
1.32535478746
0.604026092367
0.800440706205
0.531001200996
0.733999981218
1.22517082228
0.82338342702
0.744659146031
0.61009645549
0.548518121155
0.850710731818
0.817204642145
0.295505564755
1.11216024295
1.59922166415
0.405480007232
0.63468195907
0.715937584863
0.362470013985
0.389061368231
0.536292495854
0.585895158455
1.19933162536
0.938834850546
0.775650030469
1.01351891228
0.580794703324
0.400085808872
1.02190724377
1.19503250367
0.982590002521
0.440699467084
1.2279670778
0.961999951316
0.950657392689
1.26114775042
0.574387323703
1.290494191
1.2006357991
0.286470065585
0.561904584661
0.912158209217
1.02536056571
1.19614244928
0.44961733463
1.05135628837
0.540453535419
0.615695721317
0.481831151291
1.1891795416
1.34179690588
0.935107054488
1.10202470373
1.00080405808
0.876528577923
0.719154089606
0.600890775505
0.789256224456
0.30701595476
1.47649555165
1.12919182741
1.32231458803
0.787541246019
1.20252429234
0.971236846657
0.806218620074
1.18046482327
1.13398725991
0.552589173218
1.02861065838
0.547496162556
1.4503864402
0.925573513269
1.43051562396
1.22891751096
1.06219308365
1.51734920619
0.594112155331
1.14882372711
0.276701579583
0.702759332553
1.06930953227
0.45560871921
0.345126618522
1.21355771289
1.08542887764
1.21158082484
1.0282953784
1.1009025979
1.0408844015
0.815786771145
0.824489905087
1.52390904967
0.454089657296
1.3813972135
0.89735093284
1.082322739
0.39930565491
1.00430878323
0.423342383325
0.632917226944
0.679104234444
1.1242321126
0.593108491718
0.499149642043
0.29594510614
0.439446475843
1.22123086369
1.24418673237
1.28327638023
0.677017043919
1.29698162438
0.274753275137
1.33306503177
1.08837354634
0.573513394413
0.778649989692
0.65968457212
0.661879165178
0.662708296227
0.827017667329
1.00419483014
0.994638500054
0.481887248071
0.624944719555
0.743507033167
0.998480265181
0.446742524997
0.501929517678
1.44432960138
0.72061061011
0.86820619543
0.61287613533
0.913831412016
1.00646267585
0.498260689633
0.647697009951
0.564622295601
1.24969175865
1.28644163854
0.868574465869
1.26720104175
1.11740370339
0.246724794349
0.657529479779
0.461510022102
0.90243831649
1.18933895562
0.477494030209
0.757227908396
1.04922217149
0.451243363056
1.42577164468
1.04229708027
0.768476925317
1.35762138986
1.31515411691
0.928500392998
1.06891506355
0.897624217832
0.448380837853
0.784302528036
0.948189832414
0.780459789765
0.517433625557
1.06328306234
0.714230931822
1.26712812117
0.844047967556
0.267201499745
0.493945731039
0.337397192238
0.492043853908
0.531784995313
0.496508467675
0.52301428914
1.12342395701
0.473660949278
1.03488793695
0.37248418776
0.834231951181
0.412837367832
0.560474057933
1.26372466009
0.820457790606
0.655388615953
1.13212878432
1.09610206074
0.199213581359
0.845947362174
1.04019287427
0.522401411146
0.622694924603
0.50896058746
0.82462152295
0.606387448093
0.653569589507
0.445701629295
1.28630575644
0.984167282371
0.8538320561
1.56863547557
0.783442177278
1.24890999459
0.812427760492
0.256484692041
0.342161594131
0.940566353153
0.562115714657
1.08819899957
1.05309647635
0.303581094758
0.717029593159
1.11723988868
0.957596999835
0.995990133653
1.37639574129
1.28114944268
0.714898413168
0.542553588457
0.847469080451
1.27288403903
0.874144971643
0.493803295839
0.456598835202
0.117452599803
0.376579766164
0.82391002687
0.599079187249
0.8288874126
0.785925100985
0.698611694563
1.00547908583
1.27417742172
1.41779889969
1.2178106364
0.58111839658
1.08159471927
0.36563952777
0.835776785237
1.31855067601
0.529620194195
1.35676637591
0.74355709025
0.33180221904
0.475077075847
0.363433747812
0.752465804683
1.12238080523
1.16934151135
1.14671898605
1.43067878471
0.349915545587
0.849848435911
0.414966698649
0.684354773691
1.35272638598
1.41631932448
0.912204981225
1.24204193158
0.704373151806
1.2797833065
0.54907682115
0.786031743415
1.57600700852
0.860597019376
0.898084152961
0.606690213265
1.33152716378
0.364506940472
0.514652554205
0.909078825451
1.11971362746
0.338857765646
0.627913737115
0.604015349248
0.378859314631
1.16572052561
0.638082600577
1.0683747923
1.31625848837
0.367434385016
0.747227468595
1.2647275789
0.700257285969
1.57815113592
1.04829462984
1.11062755911
1.07754309621
1.4922937483
1.01958629696
1.07800699414
0.340794920592
0.616390404362
0.913529332622
0.597938586655
0.831422787141
0.468128226543
1.12261593717
0.668079192268
0.582115818915
1.16282708354
1.19734716082
0.366230591766
0.795529118208
1.25883161437
0.742940729158
0.438544907373
1.15901669852
0.516147195173
0.657931642566
0.512051385278
1.09608702219
1.16832071719
1.2533822651
0.817522323939
0.627058645307
0.54249118839
0.351372522094
1.18147800347
0.727965631135
1.08869984284
1.3239301915
0.52665655799
0.460897133327
1.18579350831
0.785494458521
0.876289855593
0.357105084433
0.664440376592
1.26156440045
1.14118851019
0.815884040943
1.18894904551
0.665469595469
0.468518574618
0.907314145923
1.17214988316
0.913894753182
1.17904792097
0.437438881976
0.811919527789
0.435124307281
1.59195752703
0.641242558612
0.392240966689
1.05277256319
1.43555818006
0.879885936193
0.868113705129
0.960290241039
1.49315804595
1.38788656585
1.00341696418
1.06681327215
0.377669459449
0.940201774945
0.422535723045
0.723765519153
1.00023812482
0.731479896281
0.749103902407
0.868491313247
0.494832890909
1.19765039683
0.573063917304
0.761199973135
1.41289750123
0.779803809106
0.384470835661
0.634170311058
1.40349790679
1.08827579009
0.365768708574
0.949740056727
0.863429597475
1.38174765026
0.886166860675
1.0680987115
1.01764732552
1.17350918117
0.538608732256
0.999726898669
0.599557637804
0.693793077481
0.933350553242
0.6381678344
0.533709179989
0.742942764736
0.379046691242
0.905553368815
0.733063734009
0.561546029028
1.35570466665
1.24498157725
0.461928631199
1.16437573178
0.75582635832
1.05872764653
1.13015602019
1.19074405995
0.556574711878
1.03557778448
0.832145923144
0.72336303258
0.786949902667
0.958572160862
1.41495568569
1.18737191105
1.3418635744
0.57193761634
0.454366867811
0.642010973494
0.834173361659
1.14880405638
1.20440050507
0.897613545793
1.35188584323
1.00214691058
0.908556820284
0.670510177242
1.15102868384
1.22693036169
0.64765656357
0.664967955111
0.683834929782
0.747349095794
0.241181307466
1.4357779769
0.627135864825
0.91718061622
1.47581699054
1.16068473162
1.27787638964
0.666876687249
1.2270395905
1.41261611342
0.561762425593
1.57410344604
0.686355054621
1.35784156467
0.436526364716
0.625999683716
0.441060327735
1.03978345525
0.941477347967
1.12522243662
0.539493026395
0.375434705349
0.885668061459
0.55596772208
0.300613268277
0.571366509375
0.850368887752
0.997893064135
0.805258953519
1.33988497233
0.530130449861
0.219676246174
0.447263069066
0.885413455416
0.749247894406
0.784573866349
0.399608130003
0.847765172117
0.656780393761
1.17734486489
0.475344981214
0.764050465993
0.627156983643
0.519697050998
0.474157757913
1.4257876151
1.10766149396
0.559750940167
