1.04482313791
1.09390452444
1.34876208207
1.23866364995
1.28892706908
1.45592898689
0.424109863245
1.13735809683
0.491856035766
0.793280804511
0.628950555188
1.32436115455
0.649759877122
1.17834295537
1.18536330464
0.650296733768
1.01112915947
0.478283048558
0.847540583292
1.21371788808
0.673269253058
1.03247800338
0.453640161888
1.51671940033
1.06063030247
0.330872914187
0.493060929757
0.855746306812
0.389277071894
0.472472170126
1.13469430593
1.3068525177
1.45627626553
0.663236284289
0.854560756877
1.10185779952
0.478968146057
0.839031480776
0.270146655734
1.22871441378
1.00405030005
1.39032229014
1.20314468068
1.27542225615
1.50323319554
0.575040075797
0.932945345081
0.136007442348
1.44290238149
0.680802488426
0.471623176807
0.611440679764
0.492357222981
1.41491995046
0.978108421051
1.11585508576
0.520082876782
0.425032478289
0.990233378171
0.53592656273
0.394351983501
0.340473565754
1.14419583678
0.930433234867
1.17649704991
0.889970138968
1.31826048428
1.32399348803
1.25312803055
1.30236330865
1.25126496752
0.376871303691
0.416231223653
0.962215296039
1.27860963331
1.10052260462
0.440293137888
0.480703956734
0.711075636584
1.0733403766
0.654274629827
0.749690646686
0.662039484422
1.35117399521
1.18984722186
0.640657432739
0.548362405691
0.686603209647
0.922360942026
1.24275290812
0.691697592789
1.08291620015
1.12061701442
0.995610553437
0.98255013632
1.24518620772
1.16014908492
0.362391442192
1.14993307664
0.400594365239
1.05234649269
0.720871924938
0.8370005387
0.651346264927
0.573954948385
1.3382805217
0.482855507361
1.42288838704
1.47137871404
0.669836465709
1.49284036061
1.18121205671
0.571582793286
0.817976725871
0.819590396162
1.26525928073
1.27223236693
1.09178719013
0.454057564704
1.04316375279
0.438104363385
0.69500550138
0.743463709414
0.371471412551
0.36721773374
1.43830366346
1.11960717623
0.766961775788
0.969474545693
0.782034282626
0.4278265827
0.963820586601
1.62031689343
1.29974231539
1.10969789937
1.60755389796
0.510037707692
1.03413625365
0.767111555351
0.863205907247
1.20054519343
1.27495472401
0.74386906441
0.786567371205
1.15377312165
0.56300872462
1.08099927559
0.497137494476
0.490541539805
0.858014382594
0.41637653094
0.796556237079
0.788537879914
1.06236556677
1.10018508548
0.694650653783
0.616927329509
1.13419731448
0.369522107147
0.640866986293
0.795312304505
0.629562881362
0.584834444073
0.598357076149
1.1549490048
0.73861010564
0.572653856905
0.325167126577
0.764759155259
0.843417777432
0.433416155647
1.23349575613
1.54196580831
0.437345974264
0.808583667507
0.435265789684
0.764253171786
0.880743519828
1.21906172221
0.563426385559
1.07657284128
0.768075547825
0.999647058563
0.403719902041
1.01508322374
0.54505489369
1.13515332355
1.23561430142
0.494808998278
1.25274139934
0.540439924728
0.824062500411
0.521063916257
0.980693074785
0.720991004746
0.949814238029
0.974738023826
1.39929785104
1.026919582
1.24584977325
0.549168962089
1.00493790412
0.800056740848
1.01016326546
0.455885523335
1.15684565183
1.06676808471
1.31401932678
0.858983885144
0.526790284281
1.07637050012
1.2931866078
0.814456233187
1.51178145498
0.486385696754
1.14460636507
0.437858120558
0.383397548352
1.07930037059
0.811127428664
1.39736624297
0.405818337423
0.780724774665
0.687138270415
0.697483423667
1.26689172769
0.509148873328
0.573254561232
1.02333145047
0.787208812755
1.05361967141
0.438137933719
0.728746051326
1.44270122521
1.17772621258
0.512773047416
1.27390065048
0.942316885769
0.437294649167
0.763830986614
0.980815121905
0.91435844426
1.0287132101
0.404953611967
0.707297396646
1.09495055424
1.3011077799
1.17036238105
0.773067166983
0.176528993199
0.94553826536
0.714599442651
0.440798572902
1.2138594383
1.19992786686
0.418080381328
0.666881833448
1.1463828009
0.607111741315
0.673635706001
0.986121662676
1.23866342094
0.401243290673
1.11887032719
1.41117544235
1.03217829844
1.08850805057
0.971246782981
1.13736367271
1.17988940417
1.06039524197
0.897355015953
1.24520574473
0.448271387609
1.24307842965
0.789379072528
1.06019108709
0.81492240288
0.822423877198
0.899482014946
1.5039765151
0.869596945428
1.29621100077
0.773957285356
0.840581537467
0.392509986293
0.510542905688
0.56387442241
0.954614596843
0.456615409699
0.890477213942
1.09680954204
0.591583318991
1.32453687512
0.802814224914
0.66334433557
1.12769871077
0.674668536477
1.07482532992
1.06704546191
0.803058109694
1.27168072749
0.610969650686
0.820956173283
0.615242353214
0.973949917735
0.523687123309
1.14176741147
1.05888114746
1.40687197111
1.27044024004
0.800346390804
1.44722826994
1.64771173436
0.630363218528
0.775867655571
0.866587112178
0.597666391161
0.524868036319
0.875822830754
0.651892737082
0.798014287636
1.23824874529
0.670301603975
1.14644381674
1.04465504696
1.06802339436
0.631103614775
1.3203354162
0.533551387296
0.880535273372
0.719729631268
0.659853922471
1.29106729655
0.809702720146
1.45037321572
1.50716206094
0.923818344558
1.18390175366
1.0037151644
0.481066250273
1.23225065156
0.690744755256
0.552101107205
1.38623345329
0.447207037686
0.605835343187
0.625899185759
0.919236555401
0.94447325767
0.44699174306
1.08154493048
0.788905734026
0.567283375383
0.471054811488
0.488842031191
0.746787753384
1.21440238491
0.728559189533
0.677588973148
0.790706194313
0.473581077792
0.911625573191
0.965159570699
0.837424949542
0.366836605164
0.824926338543
1.25944210268
1.19986146267
0.653400967698
0.723882621292
0.638045519789
0.774447284849
0.429092696246
0.690786137852
1.07121857433
0.769051659516
0.648155975024
0.731906495147
1.06182329954
1.07229403939
0.440988590796
0.26841693603
0.841660476859
0.534141783817
0.873101749083
0.948847922879
1.0132389597
0.948096846537
1.15130792816
0.440692366807
0.735750827448
1.310177473
0.753550982036
1.35156782303
0.422727917976
0.554432059092
1.08305569166
0.422312587682
1.09075810745
0.552317789871
0.725614538936
1.02016477336
1.21903471573
0.280311994011
0.68795022538
1.28314699616
0.431776601392
1.27298511065
0.38288372858
1.37381198794
0.376042518246
1.34477495214
0.731039643986
1.58871649432
0.626843148154
0.746920515958
0.904796511673
1.00210026061
0.601413162139
0.40508306659
1.01217172251
0.807501040383
0.817600802949
0.558876731107
1.1800066624
0.371954691634
1.08144105702
0.425270355737
0.777950313421
0.550822545339
1.40770431872
0.809916275001
1.52271898851
0.525636475983
1.31123506314
0.338033924281
0.470502717469
1.19410649663
0.388581352848
1.12653271456
1.23333268368
1.04563413038
0.808746822473
0.55072705817
0.337980614642
0.954966810543
0.486510767205
0.749541034423
1.47727839894
1.27493797708
1.40910858879
1.04950181942
1.3211125317
0.383909664944
0.59204125656
0.628019388331
1.1479207353
1.23687182154
0.536211919935
1.1583690149
1.20034582254
0.559646576703
0.689940273087
1.12593287955
1.16224007312
1.36152467231
1.41047239017
0.933538682556
0.685092064917
0.604685714943
1.24030900499
0.97599305175
0.654875137515
0.955764414234
0.883064440308
0.185377087324
0.293343227149
1.07482768413
1.1087940422
1.33835522312
1.04075926813
0.92985233998
0.737786687238
0.927880434244
0.584629042673
0.825919741098
0.515027703802
0.890408165578
1.26083485808
0.314672847752
0.327802525268
0.589912391575
0.91876932879
0.66526081137
1.03283042151
1.1228959338
0.824820673578
0.953785776086
1.06707300681
1.16519439125
1.22797702081
0.926897588304
0.610481910429
0.700278401035
1.23248612555
0.94841289609
0.842393822107
0.866158077358
1.04786222292
1.42598170061
0.419875276562
0.724568773335
1.28535987837
0.454139567744
0.997652049658
1.25531623676
0.682619382184
1.18230632422
0.686269996
0.394598665006
0.88434324823
0.620658560679
1.39697872568
0.605207292521
0.28567625349
0.405970566605
0.459339299554
1.0792917119
0.817349274497
0.850407425902
1.0779926607
1.21725700882
1.33927555572
0.357177290193
0.672177693056
0.739324136158
1.46116322482
1.26473112647
0.437769483669
1.02930445306
0.972899358117
1.32579724002
1.1384014277
1.13075122464
0.708752656621
0.579784548953
0.908744153586
1.14770330315
0.567906443735
0.706069377327
0.823014682053
0.521343662213
1.43292649545
0.497018089564
1.15626789405
1.11559046207
0.513197796914
0.93977544546
0.883082084553
0.596150526144
1.33153579349
0.639097797997
1.04616938814
0.845703329873
0.923436517301
0.589608038061
1.56764132512
0.515762197829
1.20733462669
0.905861761058
0.981408341303
1.11852150862
1.19004538896
0.95078184435
0.396021329276
0.779765275849
0.552291533387
0.412949646443
0.842591618301
0.527694728791
0.385368913016
0.346673987329
0.894246398085
0.574098202271
0.947114719547
1.18489414637
1.5544280102
0.540400648827
1.27933018227
0.340000980604
0.756749105019
0.902589787054
1.12729225375
1.19269446325
1.22673007955
0.6510670202
1.21488965711
1.35271923645
0.877048700962
1.2485402415
1.34728685324
0.899734665543
1.19342979775
0.86071482558
1.40066380828
1.43580274417
0.757932562273
0.973322742114
0.539918085976
0.741115599799
0.699027232172
1.18875214532
0.68023189836
0.685411658303
0.805408918878
0.5615938788
1.04457032621
1.5203919861
0.583756662581
1.41202359311
1.16222856127
1.13279473887
1.14710042731
0.959867412147
0.754242404553
0.364448721986
0.891452538247
0.627734300657
0.923164762385
0.46365675197
1.25706754613
1.15166462893
0.808494908602
1.43869298407
0.618904940493
1.27234464165
1.09769604667
0.515007756093
0.842764908411
0.57601004387
1.36615313161
1.291962014
0.862111796503
0.749063560016
0.465189685772
0.269327761446
0.724479517704
1.27479993218
1.29038326514
1.02715117038
0.512902367483
1.24211827401
1.26055965467
1.18512479798
0.662906326778
0.767430918164
0.654596097916
0.330672536655
0.478995274099
1.14246677158
0.433164590663
0.910947487301
0.767190022532
0.885912003107
0.596166970919
1.10668133847
1.6253563819
1.38541292655
0.978420080096
1.04918428634
0.589039557055
0.68031727525
0.779321750171
0.8400798748
1.15612437844
0.750795130707
0.54699184951
0.967406955094
1.22639408686
0.420368834206
0.709752469241
1.51806454158
0.897636719289
0.917727621279
1.13243419214
1.19457770155
1.20834973247
0.800919532085
1.15930374095
0.275860597656
1.24478337193
0.533416855328
1.28145784748
0.569390391794
0.499870896008
0.63053868444
0.658855956859
0.65751072618
0.703712536026
0.660357201218
1.40633119336
0.485343437875
0.979916580122
0.47399263337
0.576395529354
1.45798921643
1.26351550703
1.21782294217
0.572239391534
1.23047944443
1.25357100046
0.72765007629
0.814304450651
0.681421243575
0.589545860757
0.895645960771
0.527872740064
0.586487139797
0.968597029033
1.03902134942
0.946441002814
1.36315980562
0.680487316234
0.507574795014
0.999229066327
0.763291321097
0.673242657196
0.706358680406
0.508499955485
0.575859647995
1.0409472183
0.306049293653
0.438159179766
1.48763688936
1.08057211632
1.34831436588
0.869393405261
1.15586069259
1.09412707863
0.468708778525
0.548487660422
1.08324938064
0.485580677577
1.205706339
0.55075156383
0.742118532004
1.19276181496
0.817854763252
1.0522234195
1.0037104613
0.441167043506
1.35508273272
0.515231829949
0.460262065455
1.22244469709
0.4072405126
1.1253112662
1.13462890605
0.802125783635
1.18050593744
1.33925672177
1.18946851395
1.10922469411
1.41721948668
0.866066726503
0.805428476939
0.352811765194
1.16955227521
1.12005954965
1.18217727046
0.178314363422
1.42930519212
1.44025549227
0.41575181409
0.851139704089
1.45175485085
0.557810039802
0.487073826378
0.965715957228
0.709449474291
0.856920360497
1.15269580072
0.999442228542
1.25873292558
1.2783476885
0.927232192177
1.37462122273
0.637319120542
1.1816570758
0.62160427668
1.20019121494
1.01005015092
0.973212214916
0.930542997261
1.41806171003
1.33109723494
1.49562819998
1.05359297605
1.32433583097
1.30505382493
0.918185742207
1.61078100829
1.03349544961
0.618985042796
0.875550148351
0.327464610469
1.13655712488
0.770184867367
1.23045400545
0.576113526797
0.283031912141
0.893253636554
0.56332546661
1.20148601412
0.753540341278
0.433488630028
1.44961937864
1.28994541947
0.30433678872
0.577851943192
0.908668426833
0.446511554776
0.866130578039
1.29612722078
0.788513335381
1.16325463838
1.61309333776
0.810296353825
1.35646347085
1.22327583762
1.3717565765
0.431245001112
1.01720967347
0.659836950884
1.31715468658
0.982545601227
0.608735440269
0.99025902722
0.904891728377
1.30033476437
1.47280798832
1.13044054881
0.598425234198
0.965257154127
0.813635411547
1.04301595161
1.15807779443
1.06323630586
1.12218800876
0.875886679479
0.836377137547
1.11228381116
0.35282622955
0.60334946039
0.870449006492
1.07352491395
0.529365079563
0.620531175511
0.926396669477
0.743336829481
0.517035338032
1.21810304206
1.36502732296
1.47481274605
1.48932850707
1.32635692288
0.447586004725
0.677584044824
1.55138663382
0.500886130758
1.22212112382
0.616521300799
0.853206510724
1.4364215194
0.901135036627
0.577765181456
1.18463443533
1.17362300841
1.30699709531
1.16690440291
0.745343149941
0.588279607002
0.501946852725
0.349681542119
0.960164311481
0.420460158562
1.4898170184
0.512471177151
0.625830277375
1.43067531012
1.09512294022
0.557845461522
0.631453446505
0.8614768109
0.532026327038
0.645644911765
0.974709784823
0.287286551559
0.613447340531
0.844169336853
1.02749234919
1.191334458
0.532327876215
1.66032081636
1.25603814987
0.228945044414
1.13980530817
0.407318192481
0.578280733777
1.20360763235
0.756897110136
0.455690034678
0.654673609838
1.54984146889
0.993750071167
1.15832326494
0.365325761245
1.17956975079
1.00789842977
1.22529404502
0.77050856037
1.32665613439
0.875035970568
0.807352248409
1.30426874483
0.877207370164
0.582578315289
0.530147967925
0.493420681169
0.43586766639
0.305076461337
0.288983576172
0.572311918674
0.506547858005
0.675317970782
1.10139468666
0.843159558916
1.42226714905
1.01237574076
0.619509593678
1.09772128329
0.404489551028
0.655460574009
0.907202203091
0.46454216767
0.939788582789
0.651725667239
0.662379692361
0.422362149189
0.499776334475
0.97647084702
0.881523988329
0.759947036131
0.653470680473
0.754188518826
0.90903446302
0.824909208536
0.646612259361
0.84170953096
0.305582499311
0.740193517919
0.679325348868
1.14855022666
1.03473642989
1.35082383736
1.42871309988
0.790405533642
1.29707355925
0.663837518555
0.652533727187
1.31559577963
1.34617816563
0.768200771995
1.08749326182
0.600162702589
1.47188579318
1.4938109732
0.506807432422
1.0889987797
1.04470872395
0.923210546087
0.934949392987
0.896606390196
0.555435750921
1.26802980638
0.515910073722
0.311839620848
1.45938227165
1.64397240138
1.06113198664
0.383825562737
1.46445484451
1.42382597674
0.754154584743
1.11740005085
0.652956759076
1.25485045791
0.337926445206
0.158422713553
