0.858095809695
0.634175346459
0.647161873693
0.307058821704
0.692626467442
1.25160829587
1.04404799565
1.09794797367
1.42233193886
0.900681530672
0.489856837752
1.01025328925
0.495253544703
1.24877862224
0.873790753307
1.0237460452
1.2718369586
1.30356289339
1.52837000125
0.615290355476
0.993958583661
1.41393102787
1.35772344023
0.655785555929
1.00069690975
1.09364983445
0.993698603657
0.792746867651
0.769135932923
0.538342203513
1.17909449967
1.40984061428
0.943814832753
0.876245614475
1.13629854465
0.612926035939
0.909607853995
0.468430938258
0.763532888196
1.26938940392
0.593495814747
0.728181490238
1.06165186024
0.499958540811
0.403670166141
1.02152539663
0.706785164583
1.18976074408
1.11808983875
0.415311408011
0.539486612668
0.496976645315
1.14840518386
0.99843832968
1.05702811309
0.381552756813
0.501947566296
0.643104388625
0.965761700791
1.32565629027
0.712103932935
1.28323226148
1.19851799431
1.29297504246
1.27684496486
0.721348224391
0.338233097187
0.5976143149
0.831457138838
0.980122554371
0.498379135544
0.757209361523
1.28038852613
0.473283649387
0.771134459497
0.687981197042
0.899739944506
0.641433489568
1.22981209141
0.99948766121
1.25282120165
1.49989357398
0.286032926509
1.25903458335
1.31192216946
0.950502505317
0.551571644199
1.13841146997
0.536222433212
1.12599791118
0.405520335949
1.277312291
0.832781245964
0.496590641679
0.690012625398
0.615851196783
0.959171808386
0.37191267821
0.767687123465
0.555111355348
1.13254768009
0.543730602744
0.681330846995
0.996573271049
1.23204689608
0.799587170029
0.778815507615
1.18051645869
0.978508856779
1.22595128097
1.55011846583
1.20915213727
0.385264006114
0.664068840014
0.497817159357
1.17297959034
0.50726557177
1.36840820121
1.09033128969
0.489689589598
0.963797474629
0.528937577791
0.484758477599
0.378971833991
0.895500169184
0.393994605991
1.02178896397
1.23080571452
0.719283092105
1.26292516174
0.705794007039
0.599112886957
0.563792061893
0.421234853732
0.537180047891
0.596098029208
0.476726664547
0.509651263005
0.478747511837
1.22166411758
1.23679526186
1.22666090824
1.28269895602
1.11460849494
0.544733290983
1.14723364111
0.777254388292
0.610083855931
0.604702640688
0.228805586159
0.550159300248
1.26094684414
0.532969766351
1.14328241625
1.18434521949
0.625282407261
1.25624285224
0.572572102173
0.880232003223
1.25452467299
1.53604135417
0.241374081448
0.530612763953
0.461359582034
0.512963394423
0.725892529073
1.26778366465
1.02881846219
1.21043978675
1.41101672147
1.03366697585
0.751819025675
0.774853638684
1.51171029782
1.32169236404
0.485532761545
0.67808475737
0.821219961168
0.526168338624
1.05436416834
0.616968938792
1.02685863034
0.444075491081
0.986097590602
1.31434730581
0.643994023719
0.485725607343
0.886682997409
1.1142742427
0.952443462414
0.511163175758
0.985607453539
1.17876286754
0.336562303611
0.497246696514
0.734067668636
0.793474381182
1.38940729372
0.848088192838
0.837097340128
0.674412108677
1.21409741747
0.918263383179
0.630158154638
0.982205576145
0.681818627723
1.09470202868
0.902621814687
0.677584134497
1.04253276133
1.51504603488
1.04347721988
0.637283300893
0.348609360652
0.283513160513
0.394265531094
1.05449500011
0.895500670824
1.61250588003
0.78478491736
0.802372740408
0.856800190123
0.855298769791
1.32646823829
0.142006841718
1.38520700921
0.273317151662
0.816558293904
1.0861557169
1.36055423309
0.52557573847
0.58536026047
0.539756159752
0.961063672753
1.07173895046
1.01614860303
0.334580607899
1.31681178449
1.2998820949
0.577008781069
0.967256092787
1.23958263571
0.226862573047
0.591164998891
0.792946863537
0.712362654978
1.23881630506
1.12867963861
0.9836624132
0.776928272259
0.986277495677
0.978953248942
0.946578327498
0.974549603288
0.472758868652
0.961181660797
0.631933616101
1.55435468387
0.75016797519
1.29514601124
0.971748432179
0.924811138944
1.14206850617
0.816535021843
0.566492570156
0.466511198089
0.31661694209
0.511015200866
1.34662219585
0.722880502642
0.973364283012
1.09436049788
0.820691875446
0.999720519571
1.33801338538
0.707554664185
0.323446549447
0.37930952352
0.494574819254
0.747654619915
0.618346648519
0.872142935139
0.808081601775
0.732099239353
1.10740752457
0.603407988696
0.74715982219
1.18312377779
1.45482777799
0.8367264407
0.358009432572
0.425850983082
0.392749984304
0.793404372299
0.963425796368
0.572274196502
0.484157255905
0.658130809905
0.387832265547
0.788573120223
0.854245760113
0.206690552548
0.483741187839
1.08269314642
1.1407863771
0.590694385034
0.555824184306
1.46636907839
0.429377465615
0.711073797414
0.724393427729
1.17750202415
1.3629505202
0.737326862165
0.638973844486
1.24429888602
0.503053313751
1.14780379021
0.762563031296
0.446356213463
1.46248457612
0.94462331092
1.13783712224
0.776683732964
0.963215191109
0.798089374211
1.09067448913
1.36621772371
1.03240696221
1.08755607965
0.542218863514
0.741678926481
1.03397959939
0.666204771163
0.609230796773
0.962184707816
1.29936923838
0.788476415354
0.626670726129
0.652010725508
0.95053365365
0.377296904357
1.0804804542
0.86834503208
0.980129763853
0.974902507403
0.974726608319
0.693842158082
1.10518003304
0.457248231293
1.2516999561
1.27246449419
1.0664647315
1.09516278229
1.16372849533
0.56383842851
0.873724427437
0.309294064599
0.716065541327
0.440741479358
1.36209908195
0.850386450763
0.323517331068
1.15733551749
0.599128422262
1.1042976202
0.516116549
0.563740222533
0.748821639231
1.07147690671
0.845801778046
0.768004861304
1.60607782603
0.994073886113
0.696052257282
0.491861483984
0.541221335021
1.04695937675
0.444559992908
0.988175336129
0.916375312781
0.373656514764
0.881942922809
0.694246102034
0.756253787723
1.27899552778
0.371951366569
1.05522871223
0.491529141495
0.546604608534
0.291371222957
0.976791210133
1.06472028982
0.398085596174
0.766332269232
1.16797963486
0.681109433852
0.234351474368
0.967871293457
0.61327457787
0.294330645822
0.49235602621
0.992058164306
1.19584863145
0.786420146012
1.39069368449
1.32434769053
0.804181998778
0.981050390309
1.18826141988
0.533472954006
0.782375782561
0.657011181444
0.66944762348
0.805447861361
0.327746027719
0.719230524048
0.437233490938
0.763058590979
1.2994913045
0.60862802861
1.19350950672
0.800860786769
1.34772420635
0.289355180007
0.947644615199
0.861480061111
0.438946630336
1.06494148183
0.545277341891
1.57047205375
1.18205084789
0.407713521345
0.508490411034
0.453236870528
0.723378618527
0.324810841469
1.41873144344
0.7628339155
1.259331001
1.22470476343
0.642697560488
0.740929712745
0.862312111066
1.10733082805
0.661349977891
0.630545987658
0.278201638471
0.783423652718
0.743774501203
0.837988526834
1.09802315748
0.981090920116
0.352285148964
1.1414464668
1.40426339016
0.778155593684
1.13674104116
0.513845911736
0.905916744804
1.13621974602
0.980844673232
0.681164861967
1.2912949432
0.744375181372
1.48634943874
1.30812474116
1.00615937528
1.37079285299
0.944844045949
0.892904121222
1.04223588808
1.06714584059
1.43387760079
1.18891437245
1.07979689496
0.822767272417
1.1979814462
0.29173958117
0.434261037265
0.457763817193
1.0687339813
0.809673434736
0.826441156338
0.94169523431
1.18301486602
1.26152645994
0.611393779131
1.11818009523
0.85808086576
0.471126812283
0.715441514144
0.555480176098
0.629461841637
0.839960945421
0.525683825942
0.869659609601
0.959633773341
1.31208154529
0.932285608046
0.479855853262
0.460317605725
0.445158336542
0.514259984366
0.414973742703
0.703139259899
0.779315414805
0.941110850139
1.0403147914
0.466408724482
0.608655598411
0.844888842356
0.451518960686
0.870741003765
1.26322336596
1.2887124909
0.362984857927
1.23047403811
1.31226221558
0.719547549194
1.43871676891
0.811532323987
1.09996928562
0.637739279414
1.26698477061
1.06956561448
0.438307449896
0.402326370041
0.654017276258
1.09686239089
0.57536645485
1.22311713768
1.23775778376
0.538096833189
1.08637923294
1.32703504594
0.297747084468
0.848483892375
0.646289577146
0.384488353107
1.09698883886
1.30963687401
1.46327436773
1.13985718799
0.507484561942
1.42811875111
1.07109335997
0.823945324342
1.14788004069
0.826459567755
0.982561483403
0.839520997991
1.46548510397
0.38902089365
0.653245456902
0.384246194671
1.5186011924
0.921854340076
1.27310471608
1.19920946179
1.49110596798
0.84657524899
0.425310745119
0.27609119281
1.08670535375
0.460339706038
0.43477806728
0.610748290624
1.26092551913
0.748703944582
1.11964165162
1.55863411828
0.659895417292
0.563702669734
0.917382806092
1.47085967083
0.726256070833
0.132084617812
0.922674705058
1.49779564795
1.51945234681
0.672975161237
0.76789442403
1.44413076372
1.25152176868
0.367708387536
1.09517034014
0.696069175095
0.30816387401
1.46440787303
1.27981651956
0.235320638595
1.22995871184
0.53258169344
0.534261835077
0.916140600743
1.17686103431
0.551954239309
1.41664800882
0.522913630315
0.401052414897
1.18272268183
1.41206130665
0.612574189982
1.28766562425
0.935491655323
1.1153085582
0.331081801761
0.612456270334
0.412969513079
1.30825467471
0.774967848702
0.955648998395
0.412501227461
0.391407034921
1.17060087452
0.968442113322
1.05058767635
0.842606560571
1.2220442712
0.785943486623
1.16056037614
1.10948848304
0.784989543189
0.922930308294
0.942986620566
1.07502345885
1.07717710615
0.993523290899
1.01319206927
1.27484805607
1.31252028877
0.264083196187
1.1782803557
0.683757376668
0.634588470621
0.362695160116
1.16116329701
0.69357050545
0.605374200721
1.22355859154
0.343000194569
0.900209857999
0.7517478529
0.46120285658
0.323530171261
1.65993547093
1.037119998
1.1512196396
1.23723169671
0.620983457891
1.23646137292
0.306721708309
1.21754640727
0.825750701708
1.08347366797
0.642605674571
1.28706690076
0.679720989153
1.19385801314
0.837544311613
0.835806129906
0.865006772843
0.921788448695
1.18532216396
1.18299367796
0.897262903147
1.14020843308
0.825467408213
0.428622597466
0.989319454372
0.964151650269
1.40919231737
0.812265277063
1.25062549378
0.426002381735
0.994302247077
1.10770142403
1.57082211635
0.711043933237
0.673189035456
0.672304179735
1.52640963676
1.0805269179
0.655680946785
1.06560809323
0.317457988407
1.50393197493
0.759386334972
1.23164455553
0.985032819206
1.06177945269
0.522590727389
0.818254233946
0.517546390272
0.386569646341
0.974990505447
0.461347764055
0.610477489138
0.86675852562
0.564343117171
0.749084753136
0.466790951656
0.474867231244
0.816497136005
0.474366395551
0.939489282192
0.325715477493
1.2484959906
1.46435946598
0.708680035465
0.895976714545
1.13570564446
0.711972528315
0.360596869513
0.343526936005
0.429783568898
1.3905058478
0.739938424937
0.566167234998
0.629382668921
1.01895376595
0.721873214246
0.848640525104
1.01945299545
0.777110575819
0.282043069519
0.474862295989
0.940034422765
1.32977980198
0.32863335349
1.10979199453
1.3585618093
0.713747423888
1.27338704859
1.2537903954
0.375874229901
1.01966464855
1.33113248772
0.319213392004
1.05681764789
1.15917273149
0.820291570531
0.804564130407
0.820295553943
0.60373794445
0.716726380746
1.30478289941
0.919998906587
0.950835560083
0.674396948533
0.590740958073
0.872859217464
1.08095408924
0.573405626325
1.21700597331
0.609463786365
0.709659383742
1.19113493256
1.21258419083
0.701302070443
1.272527744
1.05446206948
1.25377584363
1.25434038686
0.650277709652
0.850674329397
1.22065632141
1.26676938973
0.930436847863
0.679763038593
0.712889834956
0.475278675491
0.369607066908
0.920117808969
1.15327667499
0.974140565087
0.909518845487
1.00484146547
1.10405569882
1.1755537083
0.798650990954
1.07468524376
1.25393801629
0.620833447383
0.483356245487
1.55524785704
0.56352333235
1.18172243535
0.601086584331
1.11829921483
0.842049653772
0.720864613167
0.54488060701
1.01932770503
0.470917225093
0.829018473283
0.78282341086
0.633228789393
1.29742697124
0.75947548166
0.947037953944
0.872822577958
0.915799700207
1.06531561219
0.486134129307
0.741320629536
1.13913377813
1.25119211621
0.732212565486
1.13038236376
1.06584172116
1.2807297641
0.685795428287
1.36502902446
1.48656562367
1.53298604972
0.371162358203
1.32902560508
1.08636470475
0.76048330424
0.392784996614
0.684907647451
0.417295381212
0.619454820213
0.99848189276
0.504861649606
0.724407367354
0.944305894213
1.50379194164
0.6412461938
0.49275054498
0.430395205482
1.12989553048
0.96346575361
1.33232052293
0.875908079088
0.557897094431
1.08574717313
1.01466044027
1.50402888418
1.04409025224
0.573978324533
1.32878089524
1.01609449021
0.594116320978
1.11152157696
1.17750838142
1.23650253082
1.13637772314
1.11964019663
0.511223324698
1.00912935763
1.2044843112
1.07789286224
0.717535687299
0.748660348406
0.733757572017
0.818815386262
0.404216437985
1.17474662175
0.470792573342
1.19727802112
1.03775181839
0.375749802413
1.25480342849
0.878480278445
0.485170455159
0.312536864478
1.33588927347
0.952981913273
1.32916061235
1.05927511034
0.449891053455
1.42941828119
1.11431394303
0.957025377407
0.627760463173
1.21131479599
1.19644858278
1.05791807418
0.485956030885
0.359158625906
0.720674543053
0.67623078653
0.888303499602
0.426031081117
1.23888668947
0.880284490372
1.32740143045
0.703174958228
0.58543799255
0.491226935547
1.04274494038
0.486191512056
0.252603099687
0.971379347106
1.08479274337
0.575767702953
0.704315468542
1.17033131325
0.537307936032
1.08190493759
0.932091959895
1.3674006655
1.20220631185
0.750233014737
0.930518369317
0.459359697894
0.536820412958
0.371414266127
0.710293661406
1.35162642019
0.542211418904
0.410162240657
0.438371201386
1.21783825011
0.496309628467
1.09556335618
1.04067364936
0.522430166747
0.930935669281
0.582451292679
0.91976330645
1.4813311281
0.863458967434
0.549364154795
0.370070942791
0.606277385746
0.886182488197
0.399016567201
1.59585364529
1.23619180476
0.888389750209
0.899973931161
0.929385219874
0.423081823736
0.936263376868
1.17984496717
1.26505798651
1.12667328427
1.16448578139
0.522549058773
0.451036224577
0.512984313939
1.13163110686
0.481214195863
0.993163823714
1.44116824673
1.10130518796
0.662046611105
1.39606297641
0.819656595265
0.84480868959
0.479965207692
1.11069336307
0.71103754361
1.33103757794
0.741847147817
0.815725923138
0.673716098446
0.772320890668
0.499766791145
0.317916012553
1.27139777785
0.692172894881
0.431929972034
0.781293823895
1.18486095118
1.30224291086
0.60472868183
0.942267967625
0.343361948751
0.70626804686
0.907522890259
0.799559292872
1.12356008603
0.96313505448
0.400117013101
0.440258856351
0.88256351009
0.991425040101
1.13733432845
0.898075772462
1.46804468117
0.909669788348
1.54468772546
1.010561361
0.63846686838
0.815798681397
0.472767977825
1.50125787116
0.828546454348
0.658310798954
1.1004466508
1.28016436098
0.469372014366
0.677527684607
0.460565760136
0.341190183816
