1.35807200205
1.07700814729
1.11231413442
1.29677959313
0.720902188058
1.01078108354
0.961122267201
1.07281985729
0.801359250635
0.963511419896
0.513686639685
1.26510572553
0.314133806501
0.451158668602
0.717061940227
1.57116433937
1.31051570767
1.18947038401
1.24910563471
1.30820712719
1.16404745406
0.997102590521
0.742819530344
1.0205677153
1.01698819933
1.36136498052
1.09270781608
0.902785867784
1.46199883224
0.456841090411
1.08249449878
1.58736603012
0.764639362586
0.780321465014
0.582233716797
0.524558152107
0.863297201746
1.4236358095
1.39231857512
1.16357764022
0.237365311744
1.14154023302
0.751961491677
0.612132283323
1.08790813647
1.43694296245
0.285774020969
0.787694228421
0.934014132641
0.533056685804
1.05191479002
1.23192447547
0.856493374941
1.26527603059
1.13095701581
0.887928951329
0.332666422138
0.667947247753
0.93646934945
0.888679259872
1.17711966175
0.976062758683
0.667969886287
0.879594761306
0.96444936503
1.00770413259
1.33427166762
0.973536601556
0.890957263155
0.770467853821
0.888876014292
0.851731163811
0.389303551274
0.833130825439
0.797735081511
1.16636688015
0.374566928349
1.31895819142
1.36177683705
0.493207980888
0.801396262897
0.418640734738
0.336193428901
0.469436063138
0.590930204436
1.31743714463
1.36946159949
0.765092723077
0.991339081387
0.435569129706
0.489529325265
0.612561047559
0.921577775749
0.955207698109
0.688005444333
0.769801258879
0.905647188538
0.73942634137
0.448473330311
1.16397128925
0.959450167327
1.42637759759
1.01361856459
0.409572112104
0.45895181432
0.741302316665
1.44318257213
0.619995488814
1.14660054451
1.22373917567
0.865665176355
1.1726183369
0.83122174771
1.11072207539
0.920587423356
1.36001550191
0.520735047859
0.488776195159
0.622849330096
1.00303165461
1.18583743962
0.334819748912
0.533168545333
0.993458118537
0.814740320943
0.315357843226
1.19608395839
0.98142658716
1.02500940762
1.27370515104
0.638990234033
0.718859865068
0.772832668659
1.45210371
1.26124566721
0.557891373242
1.18558394984
1.00759189788
0.865188850199
1.34691488232
1.17233462054
0.435310424364
1.2827550211
1.19339897677
1.2972512669
1.18309886797
0.337269666118
1.04696879303
1.08411583221
0.309092353286
0.88071612109
0.340390219795
1.18207784052
0.45803463224
1.16167099858
0.587022002676
0.440506094895
1.16261326897
1.20131763037
0.796643430518
1.53693724482
0.356744148562
1.47887257322
0.954214593544
0.548895003455
0.416512854503
0.631630129843
1.3134275856
0.615627786872
0.464871115731
0.377564733845
0.914337637734
0.292455021879
1.24705330089
0.766245990069
0.862810541582
0.813733108461
0.889913246842
0.845500677492
0.165731052256
0.486036930382
0.334140256145
0.890202778357
0.520972086087
1.23983412975
1.02473445889
1.09702786565
1.23290542175
0.379327665884
0.207262830408
1.18384162163
0.434557038153
1.0212881344
0.305133232397
1.23791812808
0.745812198083
1.03179739826
1.2964657582
1.09918165974
0.509427741296
1.43516072326
1.13313709709
1.03810142322
0.440816598213
0.701268133206
0.622064330158
1.12954954912
0.959823012364
1.28425874572
1.14068724442
0.901996330068
1.24573594186
1.05122843392
1.23887515009
0.963878850221
1.37477240538
1.19916002943
1.09508803323
0.56900493913
1.2449712253
0.571746571846
1.02183630017
1.36300341369
0.645430556309
0.603549428398
0.496084704832
0.651799448302
1.34786627966
0.682417717179
1.53341745217
0.584473933
0.821071053188
0.395520519225
0.640562908222
1.38723035139
0.770776306936
1.19668313467
0.62170887377
0.986412815925
0.961211465817
0.48839040053
1.07281407952
0.838963464074
0.75660580919
0.419253076659
1.12766954535
0.376914264832
0.74369999644
0.638786316871
1.42366324459
0.847936286847
0.947246624257
0.54763827998
1.19958204738
1.08868717219
0.743246037144
0.574729823253
0.424353205531
0.47352312395
0.997731097914
1.12756171231
1.22041853333
1.03939022284
0.351992884943
1.05199679523
0.63980690968
0.965418258067
1.17175639308
1.08031638353
0.269858201487
0.759539643565
1.39521275946
1.10169323133
1.6997686038
1.20291260897
0.481837063364
0.719359743258
0.938960609093
0.715665579429
1.59987717537
0.756008703912
1.20570637288
1.00586950949
0.389850343135
0.868073454926
0.748217502594
1.42356192659
0.559709299378
1.07076402925
0.614434379994
0.89390765986
1.0224827628
0.687405089614
0.86004996426
1.01311350895
0.799852977711
0.621254377414
0.56757681461
0.847964255173
1.28164748011
1.03823679405
0.45308557644
1.18110631959
0.694984516749
1.31973083455
0.788464843674
0.556791288929
1.16316124449
0.452361377251
0.422585836128
0.873382822836
0.251087012618
0.376382714283
1.07059386468
0.366547338387
0.799173912141
0.471349208098
0.641690436519
0.695879130769
1.23437242924
0.998824491498
1.1421483985
1.27268208823
0.672706561853
1.14772970262
0.50940706516
1.48393110095
1.31411106833
1.02064511645
0.882807202498
1.27775551761
0.554651261925
1.12431283703
0.386239478875
0.964086244007
0.904801577704
1.47318987268
1.22158369157
1.24849896486
0.967484242558
0.783008926119
0.578336543014
0.946849520252
0.494768368341
0.776221648477
0.40458605516
0.960613585681
0.985903527906
1.1432189689
0.790766669243
0.652468346888
1.12343382722
1.41515752894
0.491139373903
0.486566344359
0.604193474327
1.00433634593
0.902224209043
0.800465170036
1.00231460752
0.596209739724
0.713500191878
0.702102015858
0.61268846491
0.862944046244
1.35829771511
1.03544474669
1.04780749597
0.77701406457
1.34798187522
0.866087540947
0.630330633533
1.15729967522
1.13493858528
1.20208452328
1.63898743336
0.997090360811
0.872558142699
1.00548374187
1.01879987594
0.809526129801
0.544271084431
1.0597623727
1.21581508736
1.3623097187
0.717307594806
0.386049323586
1.36900767413
0.72347858464
0.519002633158
1.12307499153
1.16137878439
1.5586759757
0.601776649784
0.719214433133
0.474306909131
1.25850229433
1.36505240001
1.08931221865
0.525668852982
1.03377841806
0.985165747606
1.01685125091
0.979613587045
0.511583413933
0.959572770298
0.938264494087
0.754909459209
0.449074932805
0.517711746655
0.76895740629
1.26748253671
0.51771588133
0.376641415472
0.769008612255
1.04960906827
0.543993788491
0.503358070206
0.53424902654
0.943563356903
1.32214135964
0.565041737706
1.13249298997
1.19186891112
0.401073042541
0.728497956963
1.27646218639
1.10466400756
0.382309541547
1.16171548733
0.530922384321
1.19771676361
1.17396390608
0.475274534807
1.21182881224
1.12408690179
1.43880504096
0.462149492997
0.864049555913
0.517233618377
0.513559802801
0.277961507278
0.22750821151
0.452060444502
1.26934729791
0.499934901993
0.619813005176
1.00571694288
0.399957047837
0.392127021348
1.1197208339
0.458280230954
1.25649619529
1.19985035395
1.19450453525
1.06044387076
1.20172651533
1.30804843182
1.12789732415
0.967939087994
1.33101909931
0.59216620668
0.256663843703
0.61742312929
0.623970097797
0.45167772924
0.682090624949
1.05769110976
0.966039470537
0.482545489004
0.44217927004
1.42297818432
1.11583183506
0.965154832037
1.2296063516
0.695238389096
0.908241357194
1.27065513875
1.11174900395
0.666490625248
1.2552215841
0.501682225091
0.768521294013
0.677950595421
0.941197335424
0.844354780858
0.618813829499
1.11569802163
0.348872659016
0.981034048359
0.482681822498
0.696603064451
0.658360498905
1.49524139406
0.627331407252
1.2433658034
0.787066404996
0.894993389296
0.967133868474
0.969993202525
1.3538759248
0.344808168842
0.491642474769
0.909550287467
0.992364165832
1.11592741416
1.50240092981
0.791454851534
0.943268546422
1.09783047462
0.357086271196
0.455111439637
0.722669226862
1.04194862865
0.67705584741
0.714557409279
0.438489335752
0.928570935925
0.391786340593
1.07511914586
1.10428285241
0.483473690747
0.966807483817
0.655224323852
0.628176982431
0.345882456785
1.21818500996
0.990973512353
0.647369544763
0.773635764117
0.353058944138
0.803240637762
1.09004238045
1.40668517071
1.1751541541
0.400106633454
1.2340576585
0.739971990114
1.08252487807
1.29636357968
1.21078364643
1.16121684339
0.441313825338
0.574118423772
0.857448996725
1.26482879798
0.501609426548
0.996847624328
1.04220725119
0.625426401207
0.990650770087
1.32793922451
0.285767713406
1.49410468044
0.553247347462
1.14727666525
0.732327623462
1.13074465426
1.38722914551
1.35488409139
0.832465826953
1.02077413989
0.887640506546
0.491892699146
1.2828583842
1.24145391793
0.6019601417
0.601938526193
1.00911549397
0.561479477631
0.648406680171
0.728386573636
1.32496396983
1.19878846245
0.614346867603
1.15392144115
0.648694813563
0.31432020534
0.868763434336
1.30409134758
1.22977930675
0.723201926755
0.990737032067
1.09976400409
0.564135485768
1.04441071592
0.992920442823
0.609394953071
1.11972393765
0.98625212779
0.406763979295
1.26523491259
0.708322554171
0.829805579092
0.697560238256
1.01009797218
0.691844944
0.417751427805
0.50317615651
0.499743176292
1.03450348249
0.656284146387
0.518040389912
0.83678413186
0.471742497416
0.628425098733
1.17592008853
1.28560793923
1.54955791313
0.95197675453
0.399082427314
1.28460873782
1.01269286264
0.710411471779
0.459953475629
0.94525329472
1.4394766093
0.49563255415
0.592068754522
0.781202406182
1.33945498348
0.985282375394
1.11875486323
0.674019207305
0.996346614241
0.574513242212
1.34700473925
0.671260968609
0.428240872898
0.412252319129
1.26265909835
0.474503993821
0.68425884767
0.479160313713
1.32997517308
0.51069850835
0.563865036534
0.595460819998
0.791018913797
0.999801797457
1.18287975837
0.854586430988
1.14821615587
0.965448870666
1.41933673991
0.872771779368
1.27752195695
0.695221030148
0.788059437963
0.981586194848
0.816670945599
1.21013897215
1.09307094206
0.5122361027
1.088492163
1.15728796363
1.38324725535
1.13553787984
1.33715388992
0.54643044639
0.206131338339
0.920524738039
0.512748181035
0.733350038171
0.726198617629
1.32970609331
0.869689008295
0.855622217615
1.26395940401
1.13209314342
1.28209536486
1.1853454256
1.05218944149
0.312722171255
0.463108362407
0.715817445869
1.16761508897
1.47725701398
1.10653098033
0.674775504497
1.10547677197
1.17916084329
1.19721135049
0.760130933484
0.739446002366
0.610705519488
1.38722250757
1.14009736591
0.538318696281
0.661811419085
0.461207444879
0.934654971299
0.7295814153
0.780042500052
1.00473685258
0.963208831332
1.41057275465
1.00836236
0.518683860715
0.303890096729
1.11006327713
0.933901295816
1.04835542388
0.613986429822
1.3460810083
1.16763022855
1.52542505419
0.836581434204
0.645226489739
0.712082581561
1.16448792449
1.06843320923
1.67031823414
0.634869383119
0.990496106019
0.475608308882
1.02937940756
1.26150953195
0.929093804346
0.458649304795
0.78248986693
0.945099381043
1.12926324002
1.00995295745
0.630922746772
0.916194891267
0.517823262593
1.18751480873
1.103659826
0.760741527932
1.09863260414
0.997863035908
1.15015835454
0.935051427697
0.726936587831
0.919333234729
1.2964068193
1.5445585651
1.25645417745
0.932011041533
1.08643162076
0.703814561655
1.18180965128
0.713548519824
1.47172590552
0.853450346521
0.510500431621
0.312553011782
0.965174430437
0.4854574847
0.811581768444
1.15240203541
1.43046331958
1.15480211422
0.838378725307
1.28900905759
0.704537653355
1.39975129389
1.54342468862
0.747125719064
1.24320536827
0.642777374282
1.2755187255
1.41532059561
1.03858544838
1.19893904169
0.996671991825
0.775649826978
1.22883501784
0.413657256936
0.993305043259
1.62205170272
0.72882763516
0.379024652158
1.11331192854
1.10319405205
1.03165708004
0.415040783447
0.878665631964
0.531543329332
1.11094188459
0.935309915364
1.60582400822
1.27950087657
1.14989773412
1.11469226727
1.28460298201
0.64346419091
0.697969718391
0.49502976856
0.344746528547
1.39447883855
1.24048870329
1.13220027256
1.03089389848
1.19901154702
0.319628665047
0.608883459856
1.42225638551
0.887010341007
1.26909040943
0.450493043977
1.253877465
0.919024860382
0.488790771862
0.607100857034
1.15498952273
1.49105519042
1.46327235797
1.20646552405
1.11900702401
0.749580947829
1.55819118874
0.614203157134
0.658539039135
1.0764161219
1.43224255948
0.443727134199
0.831360293722
1.25773802854
1.13960239502
0.505348479322
0.766799316406
0.60203848442
1.52477214905
1.5092239616
1.15604432773
0.417833999871
0.521566443715
1.10644940503
0.82338246505
0.958841728839
1.49872913611
0.490680637437
0.570396821893
0.438582557768
0.824712187447
0.971095731339
0.861807320169
0.188531872564
0.705836762986
1.57012706423
0.617254082778
0.545553080924
1.18309950753
0.732820177321
1.13586859499
1.55967446298
0.486620832959
1.37132162806
1.29858332398
0.893960330148
0.294174162784
0.220415825207
1.23313180821
0.583677898056
0.329210848982
0.780265498222
0.788266765649
0.841257503124
0.505332792945
1.17807817626
0.713988407054
1.03773550978
1.02764979741
1.04536677611
0.753687454743
0.540173412511
1.20769834163
1.48042193863
0.376272790776
0.983336088456
0.636523283452
1.04650906938
1.09524009382
1.35380509046
1.36078835092
0.499143677955
0.73729315973
0.580134359624
1.30607146146
0.531509988259
1.39320857796
0.629131677109
1.00715770145
1.22079965919
0.382420460301
0.664022298972
0.389152980841
1.14291785989
0.60504062842
0.900215536631
0.667937891153
0.572626673534
1.19432934755
0.481158905329
1.16409423791
0.551137525522
0.368757464055
0.749134060379
1.53105831511
0.481534056639
1.04301935878
1.2013676094
0.8010231028
1.16391585497
0.751047917833
0.548300705288
1.25311345592
0.852745968002
0.316849188439
0.669789060946
1.1899977792
0.891898372641
1.26950197534
0.469512925811
1.30301511711
0.834369968846
0.651809437566
0.633561952486
0.554936249728
1.29121039617
0.514654635331
1.12499054398
0.546178665938
1.15692726689
1.00332808648
0.880291953453
1.06237220659
1.40692674006
0.607876455636
0.293742056438
0.459449860763
0.869084812794
1.09347515947
1.20694263371
0.215651096461
0.922489395995
0.694580253283
0.906951801347
0.913440273498
1.08366171268
1.31553677067
0.92892647277
0.88005780668
1.28945570042
0.704840910844
0.734850609329
1.29322548625
0.494675593441
1.17573528953
1.17761200831
0.475162958732
0.624534345186
1.12524871387
1.33403298037
0.94759575924
0.655189154726
1.26963927968
0.477999744382
1.04132792905
0.304399402235
1.06998381962
1.45921605528
0.571315622012
1.12124530742
0.61756773326
0.500218128333
1.52408757993
0.297399636654
0.559486022673
0.279499019995
0.583896559573
1.13633215824
0.473056177469
0.535694999648
0.330259024138
0.561995845759
0.413900547633
1.17499416603
0.982525410187
1.17190737511
0.703425831154
0.625349728244
1.03838140433
0.592480749019
1.13941744882
0.820089359594
0.619441640538
0.486034936778
0.995330258487
1.11735529898
0.977795922768
0.500433149101
1.10663731625
0.454924201209
0.973968791798
0.739499932903
0.863976329552
0.455630669328
