0.893046064698
0.962401968647
1.12183272629
1.48833823005
0.989898770132
1.4594124458
1.06673642338
0.57183086833
0.154625798553
0.149987941773
0.930672908873
1.26456419722
1.00059106877
1.1177683683
1.08735036977
0.498375495055
0.846358611428
0.717357276492
0.803092589624
0.68878822532
0.619876153858
0.681281877457
1.12121298724
0.817570723473
0.477472028018
0.803301455378
0.530042054631
1.14893225096
0.561965967661
0.816037480826
0.972981919808
0.892653133945
0.468441203373
0.640056432031
0.278963705863
0.345298803992
0.394214892512
0.989897309447
0.762984647282
1.12257600183
1.18468152076
1.20061497889
1.10565146297
0.342650370827
0.651267173192
1.02631434373
0.619384490674
0.572497928845
0.665649640018
0.96861462501
0.773930669197
0.503297161345
1.05267687368
1.06461169648
0.598045666216
0.10558715378
0.419257422237
0.468204159062
0.91802131842
1.18476086748
1.19805388727
0.713878259445
1.26050802162
1.00684433598
0.960583252114
0.828072259978
1.05099425179
0.817196440028
1.04397249237
0.988252522971
0.697965775483
0.48993752226
0.405206993307
0.949087390049
0.619660353216
1.06105360567
0.524076011005
1.23182505955
0.470216815707
0.597062637874
0.742866513495
0.930590118846
0.710915438357
0.801012697637
0.651710490356
0.326224952802
0.979618587472
0.972611150704
0.628824628784
1.3267565618
1.03732104684
0.869134328618
0.447779577583
0.343892174884
1.5680618188
0.671491134245
1.18953641613
0.669823586628
0.360563602415
0.449361352849
0.384323515756
0.723306891244
1.12221376586
0.823941172027
0.598538968085
1.19700099715
0.852826824701
1.262160596
0.36087680683
0.787039847371
0.742535841268
0.828100266628
0.529954614207
0.867369290281
1.08059175529
1.45053911052
1.34630253081
1.00749765122
0.680843554587
1.04020217468
1.25198143043
0.570740159065
0.597759233162
1.07765818784
0.784112730311
0.264535879723
0.576260430279
1.30826207848
0.448014370736
1.07599452018
1.26192609236
0.52668520243
1.05588229188
1.37369260777
1.18441505582
1.31381500147
0.823209206757
0.763944388629
1.14277003438
0.311618829922
1.03136277942
0.760125742179
0.341441929534
1.46727314451
0.536103407293
1.47675236001
0.686400199234
1.26159507269
0.448310127877
1.20329986802
0.999070976385
1.08852589137
0.663477270992
1.18156716034
0.578609452711
1.01294817412
1.15559081546
1.00238418133
0.806098929856
1.12127052419
1.08907240979
0.594032466498
1.13307203224
0.754074622228
0.749046845849
0.846870456022
0.584940708917
0.407539859616
1.22991248564
0.602168396582
1.16616466734
0.680692532519
1.25634059234
0.553687460058
1.14305083873
1.18540565693
0.649042319385
1.19457432349
1.44108055897
1.0123608895
0.987748862357
1.34412103389
1.41455909375
1.32321581599
0.732511810668
0.780141556093
0.892013738232
0.698074406581
1.55935750135
0.995655131979
0.830906212223
0.850471411748
1.34453264328
0.448478872596
1.3344105298
0.934513024695
1.11168460132
0.589204720505
1.08500080841
1.15286082009
0.901874636954
1.18572942352
0.461170913546
1.07449490407
0.484288013967
0.323596094835
0.637222609983
1.45649080596
0.768595357235
0.469749028053
1.10456951777
0.5914924798
1.57059094128
0.261833520308
1.10483674446
1.23250376876
0.941874687106
0.601421479144
0.480189511419
1.28260597438
0.607966496655
1.21721929373
1.32034598289
1.38657271531
0.558550119266
0.880021942708
1.28535913777
0.885170746798
0.947265719375
0.449546739661
1.6030183006
0.781883314487
0.690598280638
1.2444522402
0.954333057863
0.962228275054
0.836319423258
0.907994900415
1.3238094504
1.24598105287
0.501558695012
1.17816759517
1.19736914424
0.463135563034
0.591245552481
0.42386891289
0.933601362487
0.339901269713
1.17069118428
0.926934273232
0.673314348364
0.74874901459
1.28535412641
0.605830352746
1.26259942923
0.960879438196
0.520699959382
1.50191546512
0.498347199675
0.576590033462
1.05374501204
1.29624827853
1.32748224818
1.01555216116
0.48653169929
1.66365471427
1.12832066401
0.409155080226
1.07088068375
0.432054063062
1.25313080394
1.46231185181
0.298371469068
1.51384886575
0.945118553434
1.41460093813
0.543321720214
0.826772234054
0.759957125347
1.07416488088
0.554467127036
0.4588547079
1.15492252782
0.523528389571
1.46113781065
1.21018988417
1.43559103677
0.680352165082
0.488263383094
0.728660320381
0.718620043216
1.30851955038
0.894112158903
0.853426843084
1.1845467966
1.05203562889
0.428130700719
0.669886083805
1.03659103413
0.657474105834
1.37511780304
1.16723439504
1.41375344984
0.640754050938
0.253610970656
0.466542119783
1.10223727439
1.31512756096
1.2018918231
1.36679923971
0.912510407284
1.29510270295
1.04211945616
0.603369113569
0.677802272991
1.38891386485
0.415731884842
0.902825375039
0.907580564293
0.94630200987
0.679740479476
1.21957020056
0.905897309803
0.682576323681
1.33762238422
0.789719641013
0.663565825288
0.694887486091
1.0411175402
0.433583125982
0.977910645245
0.570382742207
0.8379372485
0.469430374626
0.389521107454
1.25948375096
0.489839774644
0.909506599534
1.33358029954
0.469451908252
0.802853411129
1.18533579165
1.12471504112
1.08570908002
0.636650257874
1.27611811867
1.2173043468
1.46750515995
0.485321643585
0.775181722277
0.561457007307
0.704954203509
1.49049470919
1.0548939358
0.991783900398
0.715768582287
1.21583115638
1.45297816349
1.09103996126
0.325521530029
0.325331114922
1.47770161638
0.413798965609
0.699730071487
1.39521041087
0.602500444763
0.789738386228
0.854293583978
0.826794448426
0.926777253568
0.653450547813
1.05478827751
0.849907867166
0.976188621443
0.227539743509
0.780050274716
1.49983032944
0.444553595199
0.991430880203
1.05605900985
1.31792021317
1.35376547432
1.25792427845
1.25273517156
0.758366532499
0.986837033468
0.669923493019
1.10606935968
1.2694368423
0.839571477044
0.66210087923
0.47966701453
0.743070541057
0.980253593044
1.18593475882
0.471173490118
0.843956772093
0.703035156701
1.61154869578
0.740498236006
1.19562712612
0.455129785774
1.12470601738
1.48367475355
1.12935864255
0.553744283944
1.1052648329
0.407912639836
0.701131572249
1.31186098143
0.290792477917
0.94174062782
0.896146702798
0.735616590648
0.597636290887
0.539317656339
0.349899653859
0.757923762344
1.16247516415
1.04738955327
0.958646941098
1.21345200336
0.718646565837
0.864031114774
1.0408975518
0.881421827798
0.433615110483
0.336833194189
0.806789625777
0.976223235602
0.619212969387
1.04877012281
1.14113749535
0.946815021606
0.917520348261
0.444952531277
0.780136439016
0.454345527363
0.405331021831
1.18456725056
0.218960474337
1.17795463916
0.714404016909
1.21921060568
1.1848076932
0.961198133187
0.883582727865
1.24351037149
1.26045813209
0.899039973737
1.30449360353
0.458471166513
1.34023361928
1.20627505579
1.15262539275
0.600167939418
1.31354087239
0.899280605284
0.656450211122
0.805984147929
1.32486105641
1.14394395788
0.705636249765
0.975745404503
0.421443698217
1.09267553471
1.04047499048
0.445642390725
0.951285203748
0.68156787265
0.770113110036
1.15584197112
1.18278496243
0.63523053477
1.35033030274
0.452950588572
1.07844712656
1.00983635662
1.01585355625
1.2463600715
0.789531656809
1.23932330323
1.08765608843
0.578643998024
0.320793050218
0.42291362506
1.07633078529
1.09549928027
0.742056047927
1.00601859557
1.07026709627
0.630033887082
1.24265272839
0.864925888169
0.811769153423
0.833649011834
1.53817356481
0.345894434337
0.54922085587
1.55545176896
0.745413255862
0.291007191225
0.39058087538
0.828325762543
1.05551304419
0.291573988023
0.74850250001
0.791963095559
0.317683569812
0.88897784405
0.855716498683
0.673981329449
0.939292637638
1.44434668351
0.690454297941
0.63792796458
1.40445348664
0.36308702198
0.729168861616
0.504125961434
1.16778800288
1.47571552696
0.933089710945
0.778889133659
0.49324609922
0.455214963882
0.504173919463
0.769978981422
0.46241271349
1.40630565709
1.35445379882
1.3716766738
0.604067909694
0.907857384405
1.27460641609
0.936516979178
0.743185504084
0.524964741498
0.63140102477
1.27155596795
0.771115475405
0.872424750095
1.44422113324
1.6549675215
0.711388251606
0.894092446381
1.58752882464
0.767535230191
0.436295902656
1.32515595676
1.39859195425
1.16774151651
0.604869576066
0.914868930215
0.861745761786
0.557370214552
1.54426479044
1.21159530091
0.521006213545
0.522891962157
0.443905742377
1.00900292825
0.345251570882
0.638014920905
0.556765674879
0.540939281221
0.587483510725
1.21451976371
0.355589109069
0.786900324996
1.28101384338
1.36209966961
1.24611252114
1.35607200457
1.21354571281
0.841352448068
0.487008016856
0.987127730059
0.808308613834
0.478066834037
0.859016042415
0.635650528337
0.840732687357
0.894217537494
0.386100780114
0.817258796945
0.911370447485
0.467542218866
0.745995447916
0.35615747414
1.15317888159
0.736140695925
1.18924221842
0.850590303535
0.868867671337
0.563645794888
1.26673542275
0.701213658791
0.941824401436
0.745024957417
0.492732236886
1.42363276613
0.802227741623
1.24228942566
0.910179806853
0.38975455231
1.18536253105
0.612086462676
0.383195615049
0.610083161215
0.971140605037
1.56812788538
0.996767267094
0.512866433164
0.412538284138
1.4684517182
0.705260239214
0.584942680801
1.41483330607
0.719718382914
0.722077213921
0.913856502479
0.971347994178
1.14949639379
1.38769539938
1.44442940806
0.257538497685
0.610667727788
1.12094886338
1.44413800671
0.375374723144
0.997692455199
1.18099958504
0.537431146974
1.34228916796
0.643181637519
0.786427138623
0.383537898207
0.490118957294
0.550021108886
1.02533296874
1.00644475008
0.841021634396
1.1217641431
0.933474047459
1.24742861781
0.614365619791
0.508938987579
0.608218655113
0.413571849709
0.450652677825
0.794980667754
1.30186456857
0.808141606467
0.758554968121
0.66617525508
0.511015737178
0.555833566315
1.26202910458
1.16962160345
0.922094903771
0.475540632526
0.470672804444
0.877080930187
0.973526212597
1.05742376891
1.27311108089
0.742482071612
1.30630943824
0.34034878147
0.713428896792
0.399192262353
1.10182299594
1.36559525886
0.550954327518
1.27770055647
0.851926874964
0.295351277386
0.390578797596
1.04901688748
1.20233089003
0.484188496625
1.60402240125
1.35866019025
1.1605549429
0.497873608407
0.307870288671
0.772519314228
1.10837017282
1.25994707654
1.1632579168
0.485063406871
1.01396281956
1.07346351824
1.20903274916
0.411483000153
0.615327129015
0.5716588019
0.722432384072
0.573770797978
1.21095697059
0.590633871012
0.611000513728
1.33395925018
0.390703086935
0.827555359835
0.382286210926
0.900212736378
0.932519235079
1.21860851039
0.411161492237
0.800522994484
0.550043679236
0.969834004871
0.687279432182
1.10691753836
1.09119262356
0.36260034319
0.774103459722
1.03484035208
0.920935735944
1.48150440745
0.365786150762
1.11723134445
1.03322592416
0.559266053984
0.735805102711
1.23881844602
0.898409164006
1.33358283429
1.55774025757
0.93861779628
0.945670452479
0.5094060424
0.835437063275
0.559150747263
1.18775785659
0.628864266924
0.353345787429
0.953185164381
1.03533774503
1.56835431652
0.905733512213
1.03576337434
0.921309370925
0.752749271467
1.24124609602
0.678700961087
0.792331253324
0.529478425797
0.717611651715
1.23294157828
0.442225096865
1.03312672841
0.500308719375
0.438701455603
1.22662286779
0.542732890481
0.494746946427
0.945549480462
1.07172600391
0.947747475101
0.648535902867
0.867108863322
0.699291716997
0.518809855639
0.494432805885
1.10385516362
0.442326883858
1.3140566196
0.887763178418
1.19429454244
0.914212941311
0.906218411156
1.13519966138
0.512006225291
1.16814093576
0.419157322002
1.05077659326
0.466233042849
0.670890424314
0.674935832898
0.548448635648
1.47136856363
1.13729296496
0.911778831703
0.42551180196
0.805412159691
0.808071729277
0.670075965986
1.02356905742
0.395133120718
1.00221721529
0.509208824514
1.43352219237
1.11487465015
1.47146800817
1.41227065904
0.303736944433
1.0158078273
0.641154328022
0.699485546641
1.40149089824
0.384645385432
1.40297629486
0.443208476334
0.972512567236
1.2195154782
1.21832569795
0.625776818947
1.08425761163
0.52050733213
0.605080280679
0.503945035041
0.714174837661
1.04437457318
0.614749120392
0.479811343136
0.299260370127
1.68442775915
0.91580690971
1.03438901832
0.607323483238
0.407413471884
0.564442656675
1.09012901166
0.994168143192
1.30155352091
0.963278049655
1.23807853276
0.458186162652
0.274771090369
0.956953611982
1.24381398523
0.544574721491
0.508805712835
0.551520766389
0.418232340365
0.470879044157
0.734686091117
0.456685790286
0.391529569042
0.400517945054
1.02449402221
0.879246311781
0.358533820697
1.28606315302
0.830023633101
0.750376646899
0.356866971186
0.661556355213
0.313165082741
0.798468662005
0.724430469145
0.998092938054
0.373433874846
1.33498969641
1.23084212482
1.03462949608
0.452068066366
1.00383144691
0.629741985075
0.618055558537
0.674994260774
0.494085606335
1.5022779881
1.41645168369
0.659317570932
1.21129157141
0.826164386872
0.854133613467
1.23992194074
0.680018119819
0.754356957466
0.366430653284
0.31841785866
1.01710838613
1.09723102485
1.21643653105
1.08034764501
1.012876439
0.753685658783
1.23506634632
1.32963843583
1.38055644851
1.02988772837
0.893039893909
1.24417479613
1.42592603039
0.867753459368
1.17706912583
0.421638645432
0.57395999875
0.878539893083
1.18156698386
1.11594480682
1.47838083964
1.13545695222
0.74154416699
1.37115634803
0.97495036973
1.0868420098
0.386542152318
0.898083863617
1.28637574996
0.881092221862
0.651240590697
1.29510704915
1.2398556969
0.975884954074
1.46004323093
0.837387748846
0.617539244208
0.800175513431
0.672992994711
0.724024523189
0.669565097804
0.402862955808
1.31993641891
0.570389633166
0.808145009553
1.3984524406
1.33532947191
0.548367779414
0.927510157126
0.446172046664
0.918772713298
0.726933050136
1.20480641088
0.537848294094
1.18675619025
0.368429009143
0.903229713265
1.00152063548
0.427379652808
0.490738515261
1.60086777172
0.466871977901
0.921565496947
0.963789546463
0.740461922265
1.08257892037
0.817051871799
1.12699032511
0.60352957249
1.36587432502
0.517647214225
0.714819539877
0.812027134472
0.960172750369
1.17567822416
1.24266076836
0.789092039605
1.48065016372
1.04314732602
1.36091799984
0.303922021497
1.21980371174
0.999778641035
1.29209705292
0.57701712231
1.35552060864
1.18359626322
0.358278248118
0.742698269358
1.35517641338
1.16979332256
0.14429375501
0.271388558941
0.350863957443
1.08002837179
0.535651744683
0.983307541047
0.954294326585
0.626402571991
1.11198912188
1.50758534994
1.38977796303
1.06591217985
1.39555698176
0.932051790852
1.10863974249
1.48670538338
0.501975358268
0.414273971784
0.658081655974
1.02865003622
1.06063508363
0.555508385935
0.548758794516
0.344908333697
1.11356981669
1.15014510572
0.302612933129
0.764932377279
0.40043974514
0.844035931747
1.20559105265
0.903794647482
0.415464870643
1.25811736163
0.523845872132
0.607733136885
0.894344353302
0.761043419831
0.930270079734
0.842764811175
0.625141454839
1.47375572985
0.946833856406
0.404570386109
0.587816116832
1.02385761046
0.791532411428
1.35407236919
0.91061451843
0.677066615263
1.37892309415
0.535874662802
0.41393585914
0.285137810518
0.948881178788
0.887407310457
0.819424439952
0.937269170753
1.48955707945
1.19377502787
0.526219589392
1.11587771242
0.76708591909
1.32011781585
0.580258185898
1.27424183589
0.758252362076
1.17372371477
0.673979573054
0.867469027901
0.898059839695
0.609082187367
0.647605785692
1.07499719255
0.970382200916
0.73324541756
1.10247278024
0.692625760855
1.33539398981
0.587211610396
1.41115021737
1.06919431537
1.04861562441
0.420521506715
0.592449185014
1.28596365056
0.690494483149
1.35085515502
1.02314994676
0.808983962906
0.51727720466
0.99831746797
0.570757045659
0.720211947521
0.504209547941
0.825544094226
0.431141991861
0.830724763726
1.15974194869
0.993765759208
1.43715903109
1.27052112062
1.20215556198
1.44981812919
1.50943962508
0.818465802327
0.89532405822
1.06858107811
0.535912012836
0.537756706372
1.5909324894
0.888535701195
1.27366350818
1.43602217681
0.793511151944
1.25968787278
1.60907150353
0.514560369385
0.431353530895
1.13823544343
0.411102114557
1.24112989047
0.692872694315
0.881357745095
0.251064006471
1.23224007522
0.465350348365
0.801004129148
0.57297350614
1.04688210599
1.4326103276
0.56942384284
1.33724711562
0.749854947921
0.827919998173
0.746380567554
1.17191855839
1.01666179032
1.1086610837
0.621904327063
0.840905135043
1.25237478482
1.13975172081
0.573463437267
0.672106120877
0.218063772415
0.484990243502
0.658819891854
0.593613177062
1.33582531599
0.616998472169
0.306265449987
1.18840261819
0.502622919292
1.28898045574
0.430290880811
0.928480337841
0.355609394126
0.426004569781
0.34904436387
0.844292576357
1.0093644711
0.288619312678
0.343797340822
0.738033156048
0.87341769162
0.798520808312
0.229723680313
0.676912575409
0.664877736691
1.33238259743
0.953827179494
1.1603908636
0.383557912696
1.04843520002
0.762772917157
1.0931785251
0.959682134495
0.334618475396
1.0631987411
0.659399564156
0.491697085308
0.413405244098
1.16502985638
0.968210380851
0.450891444425
0.85974873375
0.489658591886
0.592691915137
0.472450466112
0.693617174517
0.571360764284
0.42556036607
1.08855802014
1.3051150461
1.41685026495
0.645425239247
1.13610476708
0.437346086242
0.580987861208
1.07487102704
0.889227880254
1.35314454472
1.07111007673
1.37382038111
0.606705773288
0.402587419304
1.09730773465
1.48915156089
0.63192106586
0.263366462694
1.13152395422
0.858460882208
1.54776446331
0.456896186474
1.38556501086
1.25186920794
1.23684295961
0.690368290434
0.73633885957
1.20006029674
1.08274596685
0.907358830953
0.801451916449
1.17656058178
1.48923277699
1.19758553643
0.396147104535
0.45171670211
0.730046608235
1.29277190785
0.499112747128
0.564584349732
0.607825898368
1.15349868454
0.905195312735
0.91563791633
0.672525304663
0.981595539194
0.320859681104
0.734155852315
0.627823301851
0.478013817619
1.08875505747
0.633556093849
1.14697234003
0.453296212385
0.348163843918
0.523225614489
0.987697071763
1.32655897375
0.998737480886
0.402697056884
1.03900869942
0.720444771466
1.41428437799
0.267354062261
0.968389859454
1.00275464946
1.37703734011
1.18040264016
0.48441588612
1.20249725508
1.20063992707
0.195306327637
0.664412509945
1.01786256194
0.694221930062
0.735382699459
0.497075822396
0.819964687192
1.01940344416
0.38868229089
1.33531340425
1.58075471643
0.996997068212
0.497276059825
0.756061143565
1.5297330874
1.52205879677
1.08184698308
0.650887797251
0.897404493142
0.579219302799
0.367587518111
0.970114711156
1.25549643257
0.664781439999
1.11900013334
1.37341520713
0.850825017819
0.898920163239
0.552846130233
1.32188688241
0.646376224156
0.64227549945
0.597503158087
0.347483570476
1.25372751776
0.977057693757
0.858064465822
0.589447067298
1.13420426592
0.675090280895
1.49329058077
0.799804900318
1.35532141956
1.17201423445
0.384210753349
0.447368552551
1.06327518893
0.52141115964
0.917842527753
0.754055116847
0.654538726222
0.913071305977
0.462702652356
1.183901123
0.360618597503
1.33145178966
0.901519115777
1.55833011177
0.635695097803
1.3261758443
0.486198662375
0.989242423047
1.51451218301
0.652239803002
0.562141006797
0.992049503646
0.992370445365
1.27155430041
1.16457956814
0.531328967787
1.37253665271
0.905216785288
0.499326882066
1.16380488696
1.53498136671
0.568628868307
0.628987445133
0.577226340332
0.715978974411
1.44609555446
0.761062698826
0.821082642539
1.31190389813
0.695273635067
1.24719552214
0.59443871171
0.890640695285
1.10308416389
0.929221131431
1.00605067043
0.465775790433
1.31226727083
0.769240380863
0.577914734129
1.20814141094
1.12396958089
0.697604794056
1.46930100398
1.12903261023
1.23644002202
0.955382277718
1.44274758623
0.725835861676
1.23319018886
0.715262890033
0.81728540676
1.12051802458
0.390428488847
0.655094876839
1.45873825657
1.07187629174
0.812951501651
1.21975456032
0.439000927939
1.08739303114
0.755392818928
0.952287280143
0.833396374572
1.25329341838
0.368300127191
0.986737842629
0.585785479393
1.17699774807
1.21480115261
0.402443217658
0.592106719274
0.99303029164
0.526167389802
1.20057593059
1.02495909832
0.829557836096
0.759548568807
1.28046308095
0.750001030125
0.580354177801
0.994881176042
0.749102399726
1.12863333689
0.555901093636
0.42747933455
0.417938593469
1.13435342851
0.611375642569
1.01449593859
1.42602171667
0.36891828426
1.23019042247
1.2996033014
1.47207961097
1.14276441601
0.428117601328
1.2033405175
0.690307215428
1.24180496527
0.455715090731
0.772707189806
0.57195521455
1.3349762241
0.578817712233
1.04204956959
0.585292074935
1.18363111207
0.664691999392
0.300786118835
1.37751710066
0.5681607093
0.521586656665
1.01931738641
1.11436214534
1.16832765861
0.675525831211
0.970740476241
0.552238826237
1.1347186053
1.00592786978
0.528431886653
0.400031251348
1.02193762655
1.41550110374
0.866786862914
0.938856372193
0.639574667703
0.941962781099
0.755933246477
1.27068241035
0.858327495532
0.598363637161
1.13601271574
1.45583480288
0.9101147254
0.434419662908
0.30286945452
0.958450095954
1.01241368642
0.745531224708
0.663980921658
0.576803401092
0.292090679121
0.446028086204
1.16279419052
0.474633745604
0.416599756458
1.52162539615
0.524891390379
0.646765889126
0.940388394571
0.635580674124
1.18006891204
1.06544519874
0.300474063414
0.404652548646
1.15585234807
0.737942668404
1.01176805958
0.874538601902
1.24421789181
0.684732898182
1.09761031058
1.15115953271
0.542100182056
0.919092166311
1.55073599734
0.99007414034
0.74908541569
0.272318367985
1.40605910808
0.702320110197
0.969107572328
0.62986895217
1.0818761279
1.2336572711
0.963256488462
0.771315660256
0.747346891141
0.935246555813
0.601484369588
0.504253349437
0.282019661785
0.59673556607
1.23302188804
0.828041247369
0.469566728376
1.26265805535
1.11916854625
0.711088679971
0.984975827363
0.581730113147
0.887266213798
1.25340121591
0.324166216644
0.56955341938
0.415979486954
1.14014906746
1.24529195475
0.755670714641
1.30137750101
0.997813908991
0.643690359413
0.85693653168
0.717321745065
0.987744069075
0.892313010666
0.703993228058
0.931125643595
1.50524067059
0.95205381557
0.510300837437
1.14378178849
1.19226348963
1.2735245253
0.76950882096
0.602744082245
0.47504101602
0.46601358059
1.0697730581
0.82568085846
1.00289818847
1.25950952584
0.436382422197
1.18765470309
1.37755869993
0.672570817354
1.00764833818
1.07376489138
0.764858851563
0.724245690959
0.369325484346
0.813682328073
0.881914824191
0.880850721927
1.14760305714
0.584070970922
0.292599266017
1.19152476238
0.439457400637
0.946267230394
0.598303142816
0.817179881895
0.703373378069
1.37135828567
0.529767575554
0.814759802641
1.27296084057
1.33717769967
0.386554521323
1.06377190524
0.760059942907
0.404271273549
0.525786254903
1.44246865194
0.468372348922
0.925311468186
1.40269502673
1.02108663087
1.57071633188
0.663852941434
1.15642076901
0.723647318031
1.16676764656
0.699550241116
1.31056154078
0.496403855331
0.785182730168
0.462469979144
1.27513140983
0.755115210736
0.298890603648
1.05413803409
0.823824911208
0.4481194331
0.373785060236
0.961360946424
0.914546324374
0.627267369313
0.824466213834
0.463990514329
0.421034222132
0.280358436374
1.03807709516
0.607716190664
1.12359052269
0.694964605637
1.25513801857
0.523312027347
0.33267816641
1.084506602
0.187579575234
1.05770228139
0.988816654059
1.5477993507
0.36071155518
1.42831378501
0.808247283833
0.80287736715
1.10295412741
0.878724545348
0.44875460471
0.376304006318
1.15543218387
1.08660756396
0.944973019238
0.650966530983
1.08732431627
0.706029048134
0.455864026538
0.440825617204
0.354075523124
0.668178859955
1.22034598437
1.11021558188
0.437965333564
0.945091961179
0.530927835777
0.72791541031
0.533821406791
0.674127039018
0.777496177875
0.945882390839
0.692396200895
0.474774430338
1.02605725062
1.25896961431
0.58253800732
1.01215600072
1.09256384325
1.47988421498
1.37399856842
0.652234036721
0.963781532681
1.13870485828
1.11391125433
0.743179867936
0.519258583116
1.30651224862
0.945231198601
1.14325986376
1.40677564227
0.53927218141
0.68406075952
0.435842708273
0.978480374018
0.597872094255
0.728479895827
0.970657967801
1.2250162797
1.28981336264
1.34318030781
0.612558635905
0.997939606458
1.22636559888
0.765195665027
0.779097384836
1.05043143432
0.600082250116
1.10662632717
0.471004293971
0.79745176866
1.07297042449
1.24738945314
0.835738966423
0.433803959613
0.766736064622
0.886237743954
0.653968346893
0.662691941364
0.889198658804
0.365835455906
0.410973474901
0.633376046869
1.36392590544
0.547117352072
0.860740748654
0.438017151088
1.41386133886
0.491766877249
1.16578225082
0.829536900297
1.53697294264
0.999683374045
0.820520775283
0.239038544541
1.17646075901
0.68093190685
0.311442071258
0.562584014518
1.011806891
0.66149035064
1.01073619001
0.844916676358
0.524419504775
0.922643301923
0.692781138448
1.26102563512
0.845063650442
0.823776037399
0.787146280081
0.931036926294
0.744159181059
1.04221516663
0.74689007526
1.03600750198
0.750555034117
1.16717801904
0.937915518046
0.661206667553
0.931247175151
0.696436924753
0.525775972152
0.749942902035
1.2137080456
1.35664969908
1.17509632921
0.989881613929
0.573571408401
0.761269651351
1.22595159245
1.14927731407
0.467052587195
1.06982853709
1.23027595819
0.396433984749
0.531485994677
0.967001865425
1.24486160431
1.27194931567
0.28131460228
1.0426229878
1.34771569746
1.17104871422
1.30222812942
0.925349517328
1.10677351844
0.723950113915
0.880098407292
1.38717688509
0.713146134488
0.442585230958
1.01801126709
0.915434566837
1.43902994306
0.448085342799
0.905510150231
0.55665524022
0.715073841592
0.625759126584
0.657884012844
0.200225926899
0.722783153654
0.801936225153
0.869043897346
1.01396947989
1.04735508415
0.443104951061
0.540106162797
0.442367517336
0.810159557849
0.712417763611
1.45944811628
0.788994884429
1.14262374994
0.969756257305
0.526763833687
1.02284937214
0.512378750593
1.11479110855
1.34083484666
1.12460879059
1.22794895961
0.909991087325
1.19241184993
1.32175412536
1.04079524901
1.06492502394
1.08348451263
0.499703750329
0.362110571713
0.446629170261
0.867256584891
0.254721768807
0.550072325095
0.433984004246
1.0644133213
1.05808025137
0.46360016704
1.35504764383
1.4068596592
0.503009077838
0.806729280162
1.00133198904
0.921704366836
0.539826966363
1.02065831642
1.51542215574
1.5411145732
0.738000467996
0.854310329403
1.10545080148
0.350216818477
0.767848138037
0.970036310048
0.386251021344
1.2435283366
0.449627815695
1.05246799473
1.29540598116
0.73120411718
1.18393082378
1.45752176879
0.607053142195
0.985476125965
1.45971815913
1.41292627355
1.36063503564
1.23876732827
0.695178744159
0.642675905406
0.682117567064
0.905773850975
0.624579235343
0.963549544624
1.07259759351
0.95687004564
1.28238778183
0.363809405877
1.29914982632
1.12818569655
0.318057536497
0.934232456105
0.88198428123
1.31145907147
0.446395557213
0.925357259317
1.3288977881
0.885599680315
1.06125309986
0.459827867811
0.667741368699
0.606411887583
1.19755000648
0.310742882139
0.509515317156
1.19288977437
0.480929211133
0.524871246112
1.136005347
0.283014403445
0.72340653132
0.929290307021
1.2288129081
0.660825053394
0.737545034856
1.10847883948
1.08846851328
0.214184157678
0.787686853864
1.2323319199
0.835794671741
1.18938940275
1.09213869766
0.662849413196
0.313780014855
1.54515997951
1.42547086669
0.825699335363
0.836728741439
1.02316992517
1.17750725538
1.29321952416
1.33116326835
0.933530084978
0.285215995471
1.63327521227
0.737144413107
0.546167534575
1.13521830788
0.579009205416
0.772318558977
1.06652466736
1.35505078748
1.08914735961
0.625964758813
0.82964931891
0.976180815191
0.705774961872
1.17946959738
1.36864732243
0.606710367518
0.637310758839
0.826398155713
1.11415517077
0.630003313663
0.97246297919
0.96821418673
1.2372978682
1.26793509833
1.1748392606
1.14330586893
1.20336332102
0.576875193981
1.03195090223
0.814239974084
0.849446352739
1.10561615385
1.163297171
0.364478091641
1.21911144238
1.03106719053
0.284188663461
0.794533692326
0.637022018432
1.33021290011
0.483965403454
0.324439052053
1.06341093967
1.33765259544
0.710741857762
0.471295328616
0.888026391277
0.870354216526
0.778523840894
1.19281361696
1.15115685807
1.54150843403
0.859283955951
0.977208428292
1.05958506337
0.309193720125
1.03008539899
0.867808636685
0.274165722663
1.22001652202
0.693321322311
0.921319989231
1.06607667776
1.20770501487
1.20274201575
0.865610644416
0.539519438197
1.09191402397
0.402675439552
0.580473054909
0.360561665779
0.633372594937
0.707445669865
1.22002995273
0.995084886094
1.12759043491
1.19427840467
1.56844776729
0.987951871393
0.362981683587
0.501199455982
1.22805472756
0.589350780308
1.03100350065
0.998310170913
1.11165787872
0.410947656556
0.851930015487
1.22788939718
0.507594210151
0.823986157492
0.8853618551
0.492491291202
1.0465152727
1.20617893836
0.742272811189
1.13833244979
1.36369405782
0.450386600139
1.55005491891
0.622731486915
0.469261798424
1.26686580069
1.16105507081
0.948778587888
1.73686142963
0.944720739107
0.775401333516
0.625980337083
0.494677934158
0.879875869463
1.04396675608
0.805130317883
0.68012484265
1.06791525556
0.704008434335
1.02604321843
1.28380009329
0.369924261746
1.01254020032
0.495288408035
0.657012858718
0.559734762375
0.738422569333
1.13143590936
0.458178363249
1.08597403553
0.301597478305
1.30579986612
1.24722462819
1.40281971458
1.27035588076
0.7760206229
1.27594459775
0.527863020044
1.07269763426
1.15950802161
0.360480867773
