1.09281009265
0.398109741251
0.369218634138
0.467245125782
1.2445629744
0.764306523324
0.46825315129
1.31578704424
1.42531978331
0.520173656025
0.460352573219
0.922432791253
0.954352119462
0.598032898107
0.485452830518
0.481161413321
0.735360204041
1.16500433428
0.691645150421
1.21997292166
1.15008936181
0.331899705791
0.640302173091
0.430912035259
1.11629449725
1.21823001838
0.414250439361
0.830906353841
0.85770624864
1.15309421633
1.02292288129
1.1616204934
1.31814516695
1.37114208145
0.64936277095
0.999442821711
0.986415451981
0.897269093817
0.542468283763
0.864136214906
0.282606946451
0.809154653966
0.598451205477
0.497308516852
1.23052074707
0.707855190803
1.06932370182
1.06460021104
0.927313785418
0.239604738648
1.23752588908
1.23399916623
0.426785628667
0.292856005956
0.365857301097
0.629828927493
1.30523897836
0.547101172169
1.04706564521
1.27816949901
1.35283577798
0.597475304809
0.713184687782
0.989983325224
0.993258895603
0.617900353518
0.714471751138
1.33575354275
0.483381515845
0.778906885225
0.365837103602
1.46099246279
1.44732544988
1.21868837889
0.550847112424
1.12081285684
1.48701241521
0.997082012074
0.703982010121
1.20931951021
0.53609814729
0.608229182626
0.447907808321
0.556583250361
0.969220454472
1.33773409686
1.49514182395
0.307394188361
0.330669243992
0.425365217179
0.87109293717
0.672558345092
0.49885089556
1.4061327397
0.74457094708
0.983705854031
0.762903143219
1.08547001078
0.187250787674
1.2575614539
1.32048521613
0.447595258556
1.41875046699
1.17680166218
0.841711780069
0.931221863803
1.08303535383
0.398739889197
0.508627858898
1.16018852614
0.378444738339
0.670773757309
0.975693287066
0.779781556261
0.970215514869
0.730354095085
1.20532274522
0.964549977602
0.934178209556
0.986249124272
0.6423449595
1.16461339737
1.19233685798
1.51031581107
0.874885114003
1.19097273565
1.20837906322
0.493524873442
0.800186361579
1.07098225114
0.758220869022
1.428061308
0.424509018688
1.06741723881
1.0734704294
0.89410568089
1.54363485571
0.880258562136
1.10992512819
0.464935058274
0.396595897804
0.486198523504
0.971634719903
1.09254552201
0.940349127034
1.21762917984
1.09872951721
1.1688095585
0.994407802486
0.629351684234
1.09815422462
0.814093724543
1.42152557378
0.942227527709
1.13102472513
0.776400313566
0.506668507721
0.878003257057
0.731566812024
0.267395038692
0.397624688068
1.04641332943
0.682038543885
0.737284829037
0.969471863654
1.06686480474
1.21752810508
0.951091839427
1.52445598445
0.553375948424
1.3536619979
0.414686817428
0.691505992311
0.977948590415
1.15316905449
1.36406114901
0.661299173054
0.493222931515
1.02991186227
1.31681403861
1.01487109413
0.923427840768
1.24999135928
0.520104017281
1.24234469673
1.38935831871
0.957872063774
0.94978878219
0.963096116414
1.13671016336
1.13761797977
1.45796329697
0.459122410532
1.14594122827
1.14614544666
0.484543673881
0.331529275025
0.40336925393
1.22576134776
0.687959190955
0.687953963523
0.602934396453
0.585890840847
1.19350200134
1.10902538332
1.08744248334
1.06307551355
1.48874711621
0.753438667256
0.622929772953
1.03726381234
1.28660285008
1.1365753036
1.16619597671
1.3162706633
1.21196458822
1.05478334053
0.792607186955
0.671434451675
1.30883121516
0.716886619829
0.964334861875
1.16304072125
1.46192104328
1.36933217157
0.888652763071
0.642186777178
0.832940652883
0.553779245302
1.1080820835
0.950079028454
0.90326951758
0.975683899304
1.24063516116
1.03495656347
0.519485552159
1.25347877818
0.302198020401
0.641192286263
1.11456381336
0.927487790651
0.943108261266
1.64802380392
0.48528405091
1.18675306854
0.698542597492
0.522950492141
1.12372267882
1.02742886722
0.420804770206
0.599419719968
0.548295954386
0.522080846565
1.10955021723
0.573368195108
0.322381995999
0.768352399291
1.37949270001
1.51030861775
0.564360096773
1.30874567881
0.859058521155
0.561043181457
0.997740783349
0.442279677939
0.954858541022
1.19282169203
1.28948772716
1.02777633428
0.725357969996
0.678384674963
0.571521804719
0.57751289961
0.44503325585
0.90866230511
1.07269688392
0.35022048009
0.987082740898
1.42790986511
0.361733530135
0.669683775723
0.583534127324
1.19937133301
0.935070922848
0.963622289846
0.353869364399
1.07816317371
1.3763538972
0.553044236818
0.322764596186
0.921168278825
0.78073663248
0.885819277137
0.622923140574
0.314424279241
1.17854140703
0.739970551682
1.26729032988
0.521775644929
1.06214149637
0.584901522534
1.10421727506
0.814605738052
1.30758231252
0.685048207925
1.1464676574
1.01941913869
1.13421435511
1.17307125174
0.534174806816
1.07739661714
0.553492471118
1.22209175006
1.14618209244
1.42932386809
0.65663555825
1.21124853207
0.285429878057
0.180661760384
1.26553451878
0.849040130414
0.616303311617
0.987237641519
1.11217639455
1.42871957531
0.695263849181
1.20768313774
1.30711314764
0.755255981831
0.81043338306
0.329202774451
0.595707565659
1.12131280228
1.38816753934
1.20861833005
1.10408854219
0.555688688431
0.207462336834
0.857057355344
0.580568800836
0.602059515976
1.08779052508
0.104883171177
1.11320975489
1.29899401097
0.682988054415
0.703141947139
0.682893039286
1.32210284389
1.13193722461
0.585808327932
1.57838941108
0.279936739833
1.20986683768
1.29376978126
0.598129422129
0.681357489847
1.04563420349
1.40186667819
1.34407348235
0.94982657169
0.736430367711
0.85233445444
0.629605864452
0.922251351467
0.908050448251
1.39044276539
0.864289517222
0.516947714994
0.460528513821
0.484053724343
0.545555235048
0.617635770888
0.506730731788
0.452234162301
0.370344079881
0.650441099992
0.827684165553
0.608287928545
0.802275270801
0.596451365587
0.854994852825
0.865112392024
0.776635928746
1.11843253051
0.879007880532
0.614449730944
0.731122171167
0.239198230642
0.656129383566
0.251523449055
1.00929405601
0.506584802381
1.0477907155
1.4641992592
1.29054268078
1.04222429371
0.830274950227
0.663913940598
0.931806395596
1.03473384403
1.13841793909
1.05788556502
1.00007550672
1.02349994366
0.563596487714
1.01074297139
0.783403350452
0.875438551937
1.0769107476
0.939012663673
1.37676500163
1.45305069105
0.8015591965
1.30322520911
0.678196573436
0.465816255864
0.424961083884
0.917499256091
1.29571926945
0.48029545544
0.457613399928
1.23122809586
1.08411597289
0.265927068001
1.04215187906
0.840279615223
0.644162697172
0.804896413383
1.2006877942
0.79429022435
1.28407050416
0.729414590654
0.691904253048
0.844247168812
1.20935939529
0.417829819633
0.519064515898
0.7762655879
0.798427013526
0.496762722678
1.22270306308
1.18331463707
1.36542876144
1.20678734987
1.23094477459
0.441241483098
0.867895534417
0.787831291121
1.14892130717
1.03217663705
0.607845171865
1.15748723756
0.413647817186
0.651725858169
0.910152718316
1.29876361098
0.49325016008
0.475813299396
0.640727497142
0.592331824712
0.980379818122
1.46175665363
0.281966881598
0.894559923921
1.20290393238
0.312944010686
0.780445966722
1.36125318177
1.11908731697
0.999542698439
1.52349166431
1.28973412896
1.21937416307
1.31394188713
1.1948591867
0.917013085869
0.622883488866
0.511689279761
1.02225036148
0.417778769607
0.814451070426
0.571433121327
0.456006679133
1.16143513643
0.918244069023
0.98012555744
1.45628696867
1.44593423417
1.22275153006
0.844271094797
1.04840174122
1.4696195377
0.523279521451
0.870662973684
1.21410949384
0.709349100455
1.05491066545
1.06769670988
0.453003535264
0.866632035604
1.55600641761
1.05884573913
1.37393367031
0.518955122679
0.943537881862
0.353340978006
1.23225876123
1.01437889314
1.11345270035
0.322579298476
1.11652340463
0.749693967326
0.549640496866
0.646503482229
1.20367562928
0.96707719449
0.598180779634
1.43342643152
1.38710095766
1.02411286925
0.703222834776
0.552609969944
0.383786457937
0.827164624363
1.16900902578
1.30929151876
0.718995095821
0.765385918685
0.607913659939
1.43284847993
1.03663012985
0.760190304426
1.0085437601
1.67036501625
0.501357112438
0.23837792776
1.62260616771
0.914349371438
0.306315810237
1.30309960817
1.43742831174
1.04562846439
1.48129405949
0.917961421758
0.426492081054
0.697004886639
1.36054120238
1.19829657549
0.324294921927
0.882618355413
0.925152390593
0.335699150259
0.476417454294
0.643923726338
0.520973830971
1.02433957479
1.10096672523
1.30333510195
0.829027714384
1.17277346338
1.27173953246
1.12612253425
1.56378041397
0.370084830589
0.697077626455
0.605742361953
1.33011983827
1.26688055856
0.41370268972
0.68340489739
0.323967806601
1.24398287803
1.5242012656
0.620097282519
1.045915756
1.06917203644
0.642726131118
0.877998829117
0.168062377216
0.499537915498
1.31582420063
1.10972692771
0.577674443009
0.544277254574
0.378511189936
0.6115353663
0.855254307177
1.34028213282
1.5340659731
0.53696700401
0.569863618995
0.600876765246
1.16006087043
0.457206091774
1.62965970508
1.07002014563
0.413716046225
0.517586161693
1.05633226954
1.22386126731
0.43997286151
0.779457099
1.1264364176
0.566823248487
1.09047236125
0.699328358561
1.2096379063
0.619042083674
0.305598151144
0.693060336953
0.278486109512
1.21494859478
1.00713618008
0.885727699945
0.519654160425
0.506919902941
0.73621640143
0.766572738291
1.10427358239
0.373939970137
0.440849600227
0.467618774942
0.709929369931
0.974322321536
0.410411006981
1.07991345403
1.44337535371
0.825004285792
1.20837769401
0.657416260545
1.43446451916
0.270941078608
0.408256662071
0.481139254096
0.73608301216
1.26399449469
1.38168714558
0.968171366264
1.03706370525
1.33243060708
1.10037290035
0.805275353441
0.411293488429
1.52556153001
0.430467686699
0.449500619258
1.10306534049
1.1479198968
1.63576473032
1.43499456777
1.30426553258
1.14485589182
1.25362218777
0.629649913166
0.447244017622
0.86563942846
0.52691602632
0.619092289733
1.07481939233
0.508343341185
0.756393698924
0.411237737275
1.00076468651
1.1822945081
0.274468388195
1.05222836777
0.993630148109
0.401263608358
0.54885060304
1.33843524118
0.627150819954
1.07243754441
1.13379649418
1.34590177731
0.407679614262
1.30352027053
0.29689723438
0.489698286869
1.13554739688
0.349109476651
0.764005436305
0.417852334255
1.20246815768
0.69682378021
1.07754239334
1.32369711633
0.230681860709
0.367917528874
0.494888772254
0.280904566425
1.46430323254
1.14489929718
0.925374372201
1.2136106157
0.688635542963
0.781365619673
1.09069609572
0.834381537786
1.13219966768
0.714803011512
0.369783236026
0.764703562068
0.535525503013
0.654116183597
0.950933656378
0.650521585819
0.470712938568
0.909966550849
1.08505868565
0.444456018097
0.307989518957
0.514066661074
1.23547459412
1.4579944358
0.481531273056
1.20478104456
0.675099190588
0.36926354864
1.29839553312
0.83902871667
0.834588301746
1.08081837337
1.38692736654
0.407706621911
0.902121326113
1.11192827001
0.582693753545
1.13471605471
0.901230430949
1.12058446459
1.1376417735
1.39710046606
0.955364709268
1.15113826346
0.48050109204
0.56756577089
1.21458078983
0.934021841178
0.908646620862
0.431482519126
1.20036662021
1.06215943793
1.34870123884
1.44252084506
0.521086443221
0.443475303927
0.792823507987
0.651784431035
1.21539364921
0.605329376608
1.39879704448
0.892972731735
1.14533856117
0.832769951318
1.02333054323
1.03476408124
0.850015587502
1.25330717879
0.610556576412
1.01540502854
0.615159155329
1.10348498746
0.89479675808
0.567665146112
1.07107991043
0.635255497664
1.24066152847
0.979773080708
1.25771964222
0.459594295512
1.4808945896
1.20920279727
1.09185568668
0.680362941748
0.908925971068
0.36195333488
1.12614013645
1.21654327227
0.9267950859
1.19648777164
0.864529810949
0.618031040127
0.967183428406
0.380709750729
0.876619145127
0.605758887437
1.45138479885
0.576736156166
1.03394532861
1.02785055276
0.552337717476
0.476746216403
0.902242946887
1.24066331486
0.910483245993
1.11877314199
0.424919701118
1.17889119388
0.666561751418
1.03330944642
0.883679621012
1.30685232102
0.388380246139
1.07432091417
1.20378312695
1.08500438061
0.503246674892
0.870454937494
1.21666346447
1.14612601709
1.03417514533
1.05107032801
0.986927622767
1.19483946636
0.761467659497
1.23331603705
0.591283569559
1.2954634474
0.893596629091
1.28779498127
1.25045384304
0.676342357366
0.800058994722
0.94866233336
0.505587972276
0.74434003243
1.03636478822
0.572569542547
1.34443481584
0.861743384614
1.55654070325
0.69434012272
1.05567083737
1.03481494537
0.711982357492
0.626311144311
1.10390185038
1.48595587755
0.845534543127
1.250352979
0.843543262074
1.06695612804
0.838477364994
1.26303879244
0.961129312719
0.546834726143
1.18631388633
0.887159025213
0.860487076179
0.503795464765
1.05418732837
0.70502530069
0.324135204478
0.53333335475
0.751496601616
0.442007063587
1.41833768571
1.48394790045
0.380758178494
1.29332810365
1.1289293973
0.617755212028
1.43766004294
0.660099023617
0.801522343568
0.510258720238
0.993035616036
0.902266199363
0.649944309886
1.01533586578
0.868493772274
0.741736387054
0.61539154492
0.44693852188
0.729771094136
0.856107319954
0.9625671528
0.598468056671
0.64190615459
0.517187253723
0.95399473353
0.562955095449
1.20917659501
1.07401998586
0.702280745581
0.454610423399
0.891738560805
0.732040469073
0.901083878984
1.0101757491
1.13483564
1.28979225212
0.956055665463
0.777164059267
1.20552501748
0.731119851384
1.05262012129
1.14263938137
0.317237665106
0.972657935932
0.96247440052
1.44176706701
1.02890440685
1.08363669482
0.415181821234
1.28946487081
0.392328717148
0.355086464645
0.590250369258
0.754147836674
1.10069472155
1.37046290389
1.12908208052
0.448142923298
0.929559758909
1.03854421684
0.514149327858
0.66714582183
0.753892056236
0.628212171515
0.619735235872
1.16705341094
0.535614448711
0.713844576073
0.652628629207
0.52467149026
1.4649933307
1.25051301871
1.22527830387
1.50815828246
0.704170025669
0.585395275368
1.18058764768
0.375898238056
0.385972818083
0.58451981374
0.39071573212
1.34060874936
1.10025479204
1.17580228966
0.569583452296
0.497132046762
0.592951381174
1.28309973734
0.768589894228
0.829135157251
0.623712474746
0.718286828092
0.514731352275
1.30976477043
0.422902002864
1.09937681076
1.35086704227
1.35725792146
0.719327633047
1.45145669558
1.03554514445
0.784557593076
0.715976074584
0.465049543357
1.3337230047
0.564785967021
0.784353354208
0.953932289468
0.480072429686
1.00354658919
1.28106899059
0.513896480268
0.320727311349
0.695581856648
0.750681296654
1.08388732605
0.643842670993
1.33921658351
1.39546271574
0.768721936259
1.39579521489
0.390944823956
1.44821602321
1.09094614135
1.09982775319
0.809858036747
0.527163897657
1.1560102282
1.15399040474
1.03929745819
1.07290614729
0.748307620732
0.475891670183
0.838010966352
0.651844268047
0.681935971462
1.13751672179
1.58630453932
0.454298510984
1.46595803557
1.12490097411
1.09570778039
1.1356721823
