0.625374742823
0.762657448165
1.15246908895
0.862023202268
0.653992215674
1.067186899
1.13866053914
1.01026764272
0.881040761276
0.679618024234
0.564997521925
0.363733810772
0.454143626683
0.413730970604
0.830895293819
0.243240546547
0.861411049238
0.915440796592
1.36479397913
0.50324957783
0.986978514538
0.651725753171
1.19695773337
0.706442965273
0.669108707491
0.953134357352
0.355105175258
0.84071032804
1.27268405526
0.90365622556
0.383184190092
0.727198270563
1.00112858267
0.707125445159
0.531270173567
1.13986829033
1.3358300899
0.857955974148
0.719308768489
0.892932958246
1.05478329288
0.509481384092
0.416402584626
0.420991003993
1.01687229306
1.0062689345
1.13341309138
1.06814752093
1.07776869663
0.539321247339
1.347698283
0.708989014941
1.2560747988
0.907190523556
0.606725839013
0.896541250438
0.730206491221
0.511412774582
1.47542256734
0.864423797837
0.749918245521
1.10841421861
0.629046301995
0.487123369082
1.18870015816
0.92716119606
1.1405885929
1.15230794454
0.489354853494
0.253167001313
1.03443192454
1.54484978414
1.19170317465
1.14864813312
1.53360369368
0.961615343725
0.40962022617
0.86986897741
0.893407952035
0.672747019084
0.530013051396
1.1210648905
0.924527590258
0.455072732
0.850376721321
0.567338899124
0.48888918297
1.10296142461
1.06466079162
0.800518421222
1.33998346182
0.867041430296
0.818959721321
0.724642885164
1.10450441951
0.855179738264
1.03911581218
0.302422691237
1.09374102856
0.696652706641
0.510760534079
0.926148745854
1.07723585848
0.746406453301
1.02704967284
0.711914688272
1.34209481426
1.4664100992
1.27657367019
0.841666924548
0.988537847897
1.44654972189
0.363662056989
0.555666785724
0.457995288006
1.38314677839
0.410185630233
1.24422408101
0.588373355508
0.680188836019
0.810427740037
1.12946932443
0.589480336204
0.929468550224
0.937346120731
0.905614102748
0.873202145083
0.480842959422
0.91761753475
0.473417802906
0.786008669097
0.3303933143
1.35302203899
0.568615778917
1.10622726506
1.06555612588
0.983044493289
1.12627110132
1.48651966651
0.691160142958
0.648164218653
1.09197742386
1.32369970488
0.928024401019
1.66514092452
1.06499772278
0.721487889225
0.749968731374
0.41966478438
0.535518743734
1.13142223137
1.22228218912
0.481676415006
1.16450762314
0.784268707677
1.32057872589
0.526860210428
0.472885670636
0.768136195029
1.15294355162
0.539094866259
1.47812787819
0.45329315284
0.413544288021
1.074744225
1.39709933953
1.29507245791
1.00154227118
0.78760263658
0.711659086736
0.901203826525
1.45127438634
0.143922927392
0.920462378101
1.01404924115
1.00441791163
0.462622822846
0.879495410503
0.957195311752
1.02206947063
1.00685031634
1.29357434729
0.973668790116
1.24740964865
0.730400372681
0.467303455049
0.492156076454
0.847091992328
0.687257990598
0.91515296569
0.58023445357
0.997613521218
0.416375930672
1.20397152882
1.28181789867
0.586403607081
0.536164039857
1.2711151121
0.719735487317
1.02740873168
0.548222026832
0.288112491557
0.863923274189
0.312973696724
1.13595117108
0.583768391254
1.46945735169
0.696244151315
1.46951247917
0.764275184767
0.540738111431
0.578432623738
1.47988351145
1.16292189568
0.501112719714
0.572092574731
0.49324911031
0.93858527873
0.436498026644
0.644436882722
0.290904110718
0.834602911997
0.786591556375
1.02822534162
0.468309184315
1.11391810107
1.31642592328
1.49540076043
1.23471513019
1.57687825047
1.01246786964
1.18426802771
0.864584271744
1.06261768734
0.531304873176
0.717426134605
1.1452343734
1.32106424896
1.34612142091
1.07002274251
1.30005678717
0.779611761376
0.834283929897
0.997362410838
0.465411152731
1.23308358257
0.8392170024
1.33992272826
0.883782742956
0.701686507203
0.495868272974
1.16999698211
0.650805606507
1.25753568788
0.701117564015
0.727251490703
0.723499801705
0.86543767542
0.834436797142
0.573550313669
0.455472981907
0.915300162704
1.13557850975
0.778443602198
0.941694853023
0.629760587625
0.828410076124
1.17299174942
1.11157935752
0.804287852996
0.700709852537
0.927466300326
0.450289014817
1.30744127451
1.18965743295
1.03683131254
0.45107640796
1.3452534027
0.875784488813
0.571612235037
0.328992845429
0.633571214861
0.808236164167
0.524800291348
1.18802354778
0.419287840342
0.397079216029
0.71372476111
0.807329363142
1.41354217438
0.458338760763
0.971216652742
0.722883237294
0.665971980388
1.24740941622
1.05714113541
0.601272309915
1.01192780016
0.397107958046
0.940980987875
1.23308501552
0.640484272577
0.912782364488
1.27977938351
0.560899341946
1.24835918823
0.445737787554
1.0916071652
0.504782227645
0.88780453328
0.804426292234
1.30788332034
1.25216606464
1.1768764865
0.739969904106
0.733030438709
0.519755103026
0.526524656023
1.14465203601
0.550750221896
0.641262631063
0.678973739438
1.14885847524
0.705535093119
0.660317339807
0.377464767605
0.454579328775
1.46828686035
1.33787364646
0.694536044328
0.852239754716
1.02989523612
0.916112315135
0.455286180721
1.49027416874
0.530638389071
0.221310790884
1.29308041747
1.5213945674
1.02499143495
0.710323031059
1.09733233092
0.66887393663
1.31003000139
0.709125866463
0.871428153851
1.49531424742
0.688164828333
0.42632938732
0.942397642664
1.45025381273
0.368156056484
1.47980993495
0.380685569612
0.276431610708
1.01642871074
1.12973642624
1.29762563415
0.424021976307
0.962244123335
0.6080120367
1.35805845199
0.890403369371
0.549556313317
1.17680040441
1.01878021196
1.12555421838
0.586091621656
0.605365880701
0.561359195225
0.85738706018
0.733401432337
0.957319259017
0.903975457554
0.428653276169
0.889452929857
1.52048997044
1.26017679602
0.950990969563
1.51151270242
0.497428670097
0.862629037528
0.39408095879
0.710453431393
0.767599336993
0.985546900881
0.823656123549
0.850913414024
1.00677869087
0.590236308958
0.741745699636
1.52824045459
0.450159981284
0.648203016982
0.658454514664
0.719430591517
0.534952340686
0.75272959454
0.613103487545
0.960658232998
1.24549021921
0.588843048098
1.57655686004
0.372895456454
0.564424372644
1.29773115696
1.16400547247
1.04848164019
1.04485621414
0.625400868532
0.688144205317
0.541048530388
1.31664407114
0.616207444888
1.11596644836
0.654785951489
1.42611751871
0.442509503717
1.11519958983
1.29784182372
1.00190405182
1.05022591744
0.779554291311
1.47406530448
0.769556881912
1.28744862427
0.932257832354
0.38801563721
0.764000619353
0.620871596601
0.973806356188
0.804386098699
0.949204049669
0.537994623997
0.947896940697
1.02909245302
1.24869694466
0.943880568361
0.733666445472
0.82005211242
0.923761135269
1.12699299309
0.595057502613
1.58797546643
1.66051934819
0.921101370324
1.0330143393
1.3280839096
1.19061973861
0.630733997938
1.29422584503
1.25098058013
0.730914035071
0.884610114388
0.940225833811
0.907567618488
1.03544882489
0.419225539267
0.380462607456
0.585107570805
0.8579620742
0.514504939851
0.908058938232
1.0684540637
0.657607484687
0.672633038783
1.04706384978
1.1821058462
0.658685390753
0.72896084596
1.07594878065
1.18838177992
0.465138185783
0.979102016847
0.966159683652
0.273640464277
1.13291419247
1.15141811284
1.2340341495
1.20164894805
0.981355457214
1.45514546535
1.41603248211
1.18419126448
1.34399794326
0.813220898486
0.542381377383
0.726106600193
0.476960683034
0.892739252937
0.506680270247
0.669596254976
0.832773347948
1.27843104331
1.22018533736
0.416302794996
0.632723629204
1.02954461817
0.486673056674
0.967128552102
1.30159498341
0.437954676665
0.720486613429
0.784773263581
0.73925222565
0.507385313384
1.00612118928
1.14656323549
0.395951506
0.425097130169
1.25487765104
0.914233380224
1.21341564814
1.32197531446
1.04596151577
1.5739000677
1.08316449547
0.542936306784
1.40880332749
1.07211047745
1.0333935842
1.42819774469
0.516979200687
0.685093984932
1.35697880328
0.44519712177
0.552033706063
1.19863590378
1.19518907831
1.23145888432
1.03470834137
1.20061423043
0.753176617208
0.701832771336
1.2041782038
0.431918151847
0.688311297876
1.14915778638
0.530939470015
1.42629871165
0.330394282758
0.717824156174
0.654744559225
0.491453214005
0.35282038374
1.30751725189
0.625643059716
1.16327272171
1.41018151265
1.05162816473
0.602521934974
1.42435844557
1.20026574429
1.18326304199
1.32495313681
0.936256723906
0.626874206534
0.986955934602
1.37946868688
1.19928378604
1.10135197901
1.11734180749
1.28975502041
1.11874299576
0.941214291289
0.290789824548
1.51349138988
1.09610132961
1.38868261631
1.13778295341
0.523968009825
0.419426648363
0.369160915128
0.369736368662
1.1666988922
1.59128163375
0.768847000921
0.90662344579
0.856746921969
0.440164362452
1.20402971015
0.480139268308
0.64455098207
0.701290154554
1.17975743296
0.871543805692
0.836383102348
0.912566289498
0.753612963095
0.538248121915
0.843005880863
0.714857401195
1.26507358351
0.86975247372
0.978880277863
0.966744944741
0.296733167203
1.15231673245
0.564003084739
0.881892136985
1.17630757626
1.15551969495
0.659134410122
0.522784848957
1.32152296071
0.749592922444
0.496936932357
0.43323119182
0.256394993872
0.546701390107
1.18061763016
1.03815205833
1.06916464793
0.298077471862
0.602093351596
0.563466129586
0.724535498449
1.23262138418
1.13852606623
1.06897054393
1.46809322303
0.993868891228
0.730815562071
0.505416179019
1.58146966987
0.694573673953
1.01386274313
0.401704570106
1.19557527813
0.741042562598
0.455089494687
0.739071016617
0.664609774086
0.720742381579
0.157295038789
1.19945537218
0.452130443419
1.20799228795
1.32329956142
0.327651467559
0.60017051182
0.352101365187
0.950415966687
1.27717433205
0.53310702425
1.15109146019
0.66529060617
1.38945186014
1.10374961832
0.597990265187
0.747459129175
0.423889106697
1.14295334475
1.00485179255
0.99002987217
0.874772813584
0.632120442583
0.708959995046
0.508208715418
1.52029328271
0.465089571352
0.429419038687
0.994677336699
1.06635632053
0.836431523631
1.29861109256
1.25160040861
1.50324515127
1.23281251629
1.13574271291
1.38410405344
0.456046331912
0.579192349843
0.752720307397
1.21893009556
0.98907943297
0.885086631426
0.641556817481
1.10177977327
1.12854340982
1.44756553475
0.441120171985
0.578039307317
0.55853924254
0.81271258064
0.987380352288
0.784608269787
0.586971530166
1.36587809882
1.09885044375
0.506543598732
1.01114038373
0.584947465236
1.06545824722
0.337576463461
0.904571814353
0.938499582448
0.97045025456
1.29460669736
1.05441095889
0.90686975272
1.09971555603
0.611496273867
0.603381660204
1.3458323183
0.91231064919
1.38104067649
1.03067356147
0.494401258899
0.691616834371
0.298208304856
0.999840173634
0.60671158884
0.77474851797
0.477024943273
1.18507087454
0.937582804354
0.365723528406
1.23822728178
1.22798310882
1.05660269152
1.2036663967
0.819411433632
1.115590503
1.07385914915
1.30516041387
0.779670317756
1.23360659545
1.33368479528
0.521597442334
1.28322453573
0.974498516481
0.757801356027
1.00255106622
0.442831572511
0.543726953534
1.47365540797
1.46912040975
0.493767508428
0.589937849433
0.484307136399
0.858379369648
0.634066413214
0.92745782277
1.15235786397
1.23213595774
0.491244570743
0.697491937547
0.718236883174
1.02632827142
0.428425693684
0.410486202102
1.06300449679
1.44059864448
0.851752706059
0.51002879593
1.23024702983
0.404502179801
0.502619456642
1.47311349718
0.580908341161
0.811551413087
0.659455442599
0.50561463594
0.96243155067
0.968342479613
0.869495328236
1.7242458016
0.974877651893
0.673798297022
0.39107877992
0.749618868486
0.392310942798
1.47096804456
0.729530351766
0.813263915167
0.520981544432
0.657710335652
0.404552765233
1.33446882263
1.40116627933
1.09104117254
0.848076651663
0.453526947725
0.375503347884
1.44930027637
0.687443123671
0.785673399471
1.15249801844
1.11710930056
0.948443885346
0.967271344459
0.418424403581
1.13429742364
0.931065086013
0.563601157504
1.61660887962
1.18203717963
1.15052174996
1.36083787749
1.29178290814
1.21656534664
1.44887905951
1.44244518256
0.699557879352
0.811256504811
1.15075588333
1.04119583833
1.20309060695
1.43483695986
1.07273914109
0.582088569714
0.930415875753
0.730630367078
1.12422671273
1.16819712642
0.417883993317
1.24901910575
0.906775569475
1.21148450383
1.11442605282
1.06456910835
0.625258419388
0.752621052275
0.495389873824
1.20805586144
0.392271285976
0.993221508844
1.07512523987
1.04086961039
1.25179031401
0.296337623242
0.819361922148
0.353342778237
0.964740377486
1.04991346087
1.19299974563
0.719088758467
1.2054822578
1.32551032317
0.808580378928
0.56265853659
0.461775109421
0.692344634851
1.24853475366
0.441285252374
0.951280547386
0.532546497818
0.622149113481
0.474633297828
1.59743776284
0.661031178177
0.718159952053
0.467355092665
0.624408785744
0.395969004533
1.23107911614
0.454695443158
0.436664855003
0.664783290079
0.55951967151
0.841926533658
0.906553238715
1.1781616835
1.13911659074
0.408950239859
1.56927219405
1.103034232
1.07606512335
1.39223296302
0.918082590971
0.714528045813
0.404610229241
1.01730528241
1.16558820479
1.0570449478
0.999022403835
0.67357609041
0.341348773938
0.46668695597
0.375366122771
0.898957063803
0.583821422194
0.877555877123
1.008057578
0.921033486243
1.0549365148
0.613763742016
0.670230313647
0.665302257997
1.07044948312
1.1873554684
0.615040946938
0.292411481278
1.01457211784
1.2659254718
0.554600345053
0.578494926697
0.656850637047
1.13337552316
1.27808473447
1.23781209808
0.876534486457
1.12268052327
0.43331397581
1.34686436344
1.45875975681
0.60473153327
0.537533711942
0.285946026328
0.673689884612
1.18882790644
1.27348034074
1.18316568429
1.12405587851
0.389722345981
1.32556387961
0.609498086482
0.894944512658
0.663487094407
1.4385814253
1.17243353977
0.881163507922
0.995788788855
0.587997669083
0.778552735952
1.23454164741
1.64443899507
0.959267120927
0.910000128194
0.865843636738
0.510993870108
0.835272500032
0.84594895665
1.21518494841
0.724155517849
0.952466103888
0.798554668098
1.07104315281
1.41411249006
1.4623994308
1.29074669115
1.0139106892
0.600100184057
1.19950198594
1.11449199234
0.361928133364
0.419032165289
0.85927200535
0.324611999322
1.06177082433
1.01336493129
1.46261910236
0.407360743336
1.30892256927
0.67251705998
1.15094732042
0.366217346326
0.531569817741
1.72266369271
1.11815453964
1.19060139471
0.766576466431
0.419404169174
1.05322655029
0.45676592669
1.1568359171
0.864067912949
1.01385576378
0.58857562946
1.24164584355
1.00210218917
0.812778033295
0.59476190843
0.452627207269
1.15438685118
0.412393405121
0.834456785753
1.21397321704
1.11728316042
0.64280252144
0.591758383866
0.547311779634
1.01826318395
1.28737392738
0.667992061283
0.818158746524
0.406965918777
0.466065747568
1.01828091362
0.985788959768
0.699095683085
1.0978172812
0.679090053997
0.682788070085
1.31790866766
1.07790035422
0.309626712551
0.396201186211
0.90537044467
