0.736851562825
1.24885224166
0.465924831773
0.754035341019
1.3027549137
0.47615964404
1.03607860973
1.31558720574
0.717306607167
1.14588323755
1.22928304242
0.417688156554
0.4381755274
0.555733877421
0.623283516184
0.777779583668
0.839610202812
1.22312143071
0.606835770082
1.06077946847
1.21791924906
1.21530051305
1.26006817428
0.982354626861
0.563933470627
0.534783543826
1.31219941601
0.614564034345
0.364577815614
0.46511495642
0.905207079468
1.13274633832
1.00692679587
0.465580228808
0.574538799968
1.05582924968
0.436689297611
0.565920469898
0.651990656606
0.997075573531
0.74035865743
0.684449215719
0.361761734416
0.592821976833
0.482720248913
0.870243394448
0.706431485881
0.424413305965
1.30229313007
1.17687428692
0.561274716085
0.758503118282
1.16481360734
1.10185128927
0.586563568215
1.46874314928
1.50059492532
0.652401091257
1.36455448096
0.158453448887
0.652539942017
0.57727025885
1.36904150628
0.976970510174
0.283070501376
0.718857056697
0.599897269677
0.934495938708
0.496016312093
1.25369614023
0.980045424733
0.73892478777
1.00621063346
1.27767102016
1.25207695867
0.57765754146
0.938162747597
0.365974168705
0.91436496946
0.423599700739
0.561332845111
1.10523890922
1.1682295568
1.27880187762
0.564375026111
1.54428202374
0.941546875229
0.807896298132
0.480709087776
0.644016082535
1.03547820726
0.348302814954
1.48815437347
0.751913445732
1.35992314682
1.1843317192
0.846154367114
1.03837233311
1.07066455593
1.15797625493
1.05610643183
0.863272123521
0.764201574176
1.24855595513
1.22740196197
0.918052014702
0.815166805802
1.1580282855
1.27692828321
0.968081362297
0.913078749392
1.32788649096
1.25840889554
0.609451655285
1.23580978034
1.33562198064
0.229050127117
1.2836969667
0.369666758302
0.740140978593
1.07946741522
0.939402889587
1.34267574018
0.611857397186
0.719125481003
0.330305296409
1.011462042
0.832629775402
0.822681420859
1.10773668633
0.524347632295
1.58432248383
1.25183088782
1.07040604594
1.30998815186
1.14153116377
1.39183666486
0.506289533887
1.08227841917
0.78031836965
1.00471929635
1.08142370063
1.15914641548
1.27444053894
0.450401437744
0.306860670987
1.0623924102
1.15934194264
1.16000590234
0.544472452538
0.26097723078
1.0649134623
1.07669655008
1.06360176689
0.490774480165
0.721851508177
0.8367100686
0.643519886272
1.3516487219
1.14549596621
0.6955850742
0.474077357202
1.26319372688
1.38754385358
0.692870101607
0.858302227907
1.12417644409
0.87542706019
1.17684591425
1.13235079744
0.918200085114
1.00975063465
0.459969585095
1.34659987628
0.428015124451
0.765490215824
0.432806774808
0.979296971876
0.861598250284
1.16688239814
1.18412907576
0.500314212213
0.792886946757
0.754868267682
0.96022637913
0.470286292785
0.895326218907
1.02926661583
1.53160446082
0.351302757208
0.608815444967
0.679330144307
0.669235683019
0.2689532375
0.861575071731
0.663517851472
0.411658308496
0.869367049943
0.463029069004
1.47856565534
1.11844091464
1.24330402854
1.24051858062
0.886752935901
0.3999256744
1.21342934816
0.695942418985
1.03360987727
0.812775664516
1.24875263208
1.18420008842
0.692054089799
0.46523035319
0.575765516681
0.459969481527
0.949621502007
0.968790299345
1.19870751667
0.818261049832
1.56372342996
1.03807741339
0.954798950473
0.534533086925
0.695467493169
1.17643617725
1.16892450314
1.15486285942
0.544937491248
0.907683954261
0.582929396617
0.293742678143
1.2945365033
0.566026695385
0.803160426129
0.580212921838
1.29424012918
0.31064467348
0.46336521362
0.525206301654
0.702128982378
1.16562727327
1.12633397808
0.385548604718
1.00261826991
1.01875725398
1.31610978267
0.875971273153
0.713424400179
1.3743824006
0.435942223246
1.11954303212
1.59622223622
0.624571051286
0.959479716797
0.382362556727
1.20976746056
1.42594494609
1.42779832158
0.824526028076
0.59164954686
0.527371606538
1.23748692876
1.54303497877
0.805642235368
1.4706543134
0.511003744471
0.889640337368
0.849332812259
0.50385227682
1.44148573953
1.08908842308
1.41305745475
1.17192578832
0.816204751838
0.900843983817
0.639224559897
0.434328935708
0.585255917987
0.348700146711
0.642207181669
0.783996475325
0.467145968511
0.534601831207
0.515282008878
1.15432937048
0.993323711482
1.03589312541
0.362187226623
0.379378638508
0.832021767901
1.31598342013
0.828606796715
1.1107640562
0.608276541726
0.974581555332
0.445953839256
0.874939647873
1.33825502548
1.23193716289
0.399363555784
1.42226700228
0.952853552204
1.15274940633
1.42361000378
1.31664212219
1.12433325548
1.00937807298
0.466535348571
1.5457755835
0.73014501573
0.645204523184
0.344103424108
0.689457756911
0.714775809647
0.810626799462
0.995925593491
1.07045800599
0.922527123217
0.893867268577
0.37742884251
0.916444625153
0.709888135566
0.688765967268
0.97613065563
1.43912476655
1.17997190744
1.52402056124
1.05999274187
1.13700977281
0.6538809635
0.681300896107
1.20590775903
0.928243485853
0.973912922914
1.15819808589
1.33118514978
0.608772622689
0.627842152159
1.00466967575
0.410429658293
0.633219048435
1.14092844918
1.05199880623
0.911871789737
1.2120462399
1.38139765843
0.850165087171
1.33463326009
1.08983650215
0.478235014074
1.19003031852
0.494682547197
0.561537807789
0.828056075635
0.73286551174
0.740479901911
1.40343335865
1.45246356398
0.826741747807
1.07224842408
1.09040039484
0.833476679688
0.920543708777
1.13293609919
0.370851254296
0.21003204208
0.579021578676
0.596712012331
1.12482364405
1.33431521984
0.302332892381
1.08838570693
1.1978938164
0.521136050484
0.632688520778
1.02744058189
0.907069086258
0.461828442545
0.950578985784
1.385386713
0.450256731986
1.11095317666
0.586713498203
1.46296370722
0.417707513479
0.651084736396
1.41710978466
1.17737862609
0.960708354482
1.13237335778
0.874712040881
0.573483993174
1.10144154925
0.279166923374
1.09114287816
0.729758854336
1.1485587315
0.394467654045
1.24366873223
0.565693509607
0.767973155966
1.48284026548
0.924161245603
0.519665425977
1.36549443833
0.801063016307
0.609996916219
0.683897717651
0.831167885252
0.611556669659
1.42024245091
0.961441294543
0.634891385411
1.69189114212
1.32768835955
0.816957197753
0.350241532697
0.269843185014
0.510736208718
1.53163870344
0.589479724929
0.558862614474
1.27706227427
1.41243376671
1.30470040528
0.672353103644
0.50518117716
1.20662738052
0.806058753012
1.11876171308
0.673100101458
1.00955080982
0.980496512438
0.983554436732
0.860408834616
0.813813256438
0.705147533073
0.706675034713
0.449302622354
0.680812610441
1.58892719866
0.598730478157
0.554463321921
0.77753012189
0.786235632226
1.32302671219
1.17481545945
0.663734408376
0.847405047645
0.410241741622
0.528391400734
1.32911568569
0.519026290049
0.695408065014
0.956853469413
0.824126381562
1.0257345738
1.01931348714
1.25735582338
1.03158755236
1.39438871182
1.02531191796
0.351939486169
1.1193633962
0.536744006093
1.30620910105
0.609651076544
0.931891331196
0.914005753742
1.13502402564
0.416940708745
1.52959638959
1.27260378311
0.998248365768
0.789989274639
1.27909392668
0.851617016696
1.12401576717
1.00358785857
0.788628862856
0.838552405733
1.53334938415
0.248261527319
0.243124043736
1.06619071905
0.539006168581
1.02599965772
0.563471889005
0.717533134724
1.35394636402
0.253864442993
0.758267972586
0.369231719545
1.25640219479
0.948995300614
1.26684117104
0.35865061642
0.617230753672
0.948562839404
0.737287890462
1.40383810965
1.01629683846
1.5248881774
0.526208089902
0.692706923157
1.18638991702
0.547384270524
0.736314959594
0.620598007151
0.931893472977
0.413889888967
0.785558094211
0.588989215905
0.878825027146
1.34844758615
0.40115274041
1.14713181564
0.856599606389
0.331088367742
0.358117293007
0.736337467159
1.07359923715
0.650828973975
0.581111977541
1.53466861214
0.643549779053
0.86441635707
0.57543468851
0.802537497713
0.631365522114
1.05479570301
0.769130175033
1.17240478599
1.16308804388
0.709604148375
0.276507448868
1.05791947996
1.59312320635
0.986260192575
0.984832256362
1.26916582422
0.801456339886
1.03715368836
1.2951336036
0.358275501409
0.292249473595
0.807267765228
0.952866556152
1.18045390288
0.800296793891
0.45300460409
1.31004926988
0.936287045495
0.832534845523
0.497010458433
0.561543246401
1.28691305919
0.587200229724
0.560735069089
1.1242707176
0.681937237235
0.44086102407
1.27385272277
1.50049827682
0.781427627792
0.376219590448
0.711467300934
0.686160866162
0.618454505281
1.29988919396
0.456671603971
1.09314735554
1.08139498241
0.358671416238
0.941897399276
0.683257337366
0.983371306025
0.43100877389
0.98260499323
0.712609337963
0.509027076746
1.26056702315
0.983632868986
0.673007204938
1.17719217868
0.928196120175
1.48110379141
0.210279723991
0.882300059171
1.32416952534
0.441502873492
0.801591707546
0.769859062732
0.442153901224
0.854418718002
1.24518366583
1.10378809788
0.567945388114
1.26939334134
0.770157289197
1.18383779264
0.795461758905
0.851909855283
0.428841494142
1.31084610187
1.060644066
0.117872475262
1.24092024552
0.402713476229
1.15234400816
1.12685963992
1.2646954721
1.07235403106
0.56398374498
1.05280957608
0.879570603104
0.811150284852
0.3503415114
0.716774320823
0.626462941978
0.82413840584
0.506107544967
1.19968033658
0.580022054641
1.22766583754
0.965685346361
0.907589452743
0.960344022273
0.867005307797
0.894388096164
0.727905781116
0.672519494431
1.47598069307
0.459645810556
0.419674432187
1.18360971798
1.19693504404
0.399013858145
1.24366943884
1.44064181414
0.254023673498
1.303866334
0.888503371284
0.623015462757
0.529173847164
1.04737239551
0.387017312451
0.658473674327
0.791711473487
0.973179483815
0.627475060562
1.2423446335
0.820687112569
1.2381627023
0.716841012868
1.10772999981
1.06519757548
0.592266986416
1.05950992171
0.646980809643
1.39344101554
0.812063352189
1.23044356243
1.11504237839
1.16044839784
0.664503183277
0.800478749992
0.63836261995
0.568036656601
1.17829417633
1.17766465663
0.914620825515
0.348704950712
1.26432939303
1.10683710677
0.351781535084
0.813254750463
0.50166351346
0.879208531887
1.15333351868
1.0924756041
1.05301577548
0.818785066883
0.821616250971
0.272963495664
1.20515386996
0.739571372447
0.714149501868
0.650964223773
1.36115104561
1.48891849097
0.402671467622
0.832995632968
0.482696643669
0.836432922663
0.901802477053
0.926106019142
0.3106219002
0.34557419821
0.211864062633
1.21728039308
0.580218368468
1.27889133202
0.359887146194
0.752588422822
0.373619418563
1.08396985748
1.01505360288
1.10910049334
0.615288344148
1.20182738875
0.97486484232
0.713239714352
0.758770847065
1.38028879481
1.19872886357
0.546390013292
0.511352991911
0.314135520472
0.437428163182
1.54022899687
0.618820986457
0.659166303632
0.782499699811
0.416305057759
1.52394426246
0.750395260754
0.527619998442
1.54559964807
0.890526371404
1.15167158933
0.686036420012
1.37962989753
1.35047667227
0.765349029099
1.28395385344
0.960151886186
0.773361073614
0.615245576828
0.387141130301
1.14425550941
0.903888725285
1.20524211556
1.04810521465
0.691044115217
0.997288514929
0.183809082665
0.498875447621
1.13247507744
0.637279132401
0.572207158531
1.56834553086
0.877172190636
1.08656636097
0.612010266204
0.45969290288
0.750694087051
0.602046142386
1.459885072
0.951103895011
0.464972869285
0.346015786189
0.958993647312
1.52898609679
0.502959869913
1.07412602946
0.48301290813
0.612781984714
0.674151321246
0.991381246587
0.275848631985
0.636150328949
0.950440420027
1.12260840899
0.625152179572
0.850734894334
0.437481131064
1.08306865954
1.0642376715
0.304728571656
1.04574573633
0.860085712334
0.62694868801
1.00422782604
0.923782239183
0.945635622129
1.0935570803
1.2414746091
1.02397025288
1.18865882921
1.13412988445
0.485624101952
1.33983624638
1.01638111072
1.26224344848
0.419274745837
0.633076324432
0.830393581339
0.631939635416
0.526690644876
0.601324724201
1.07036680281
0.949298933901
0.416617775545
1.20565231748
1.52056878741
1.43739291024
0.520012563717
1.03246212514
0.865312344038
1.10067609527
1.14695023993
1.25896270647
1.12597633431
0.427877712064
0.705645678133
0.499183573137
0.970977870484
0.727661552851
1.13172608549
0.423440495661
0.98805112572
0.892263183922
0.453332158509
0.738290481296
1.32319392123
0.614958657674
0.301441215226
1.22532869585
0.704532623156
1.4622913086
0.703470129481
0.936368005646
0.859392451303
1.35896745467
0.514694424613
0.570219983108
0.733552225918
1.50194745775
1.07407319295
0.824921770193
0.842747577227
1.2918998353
1.2310396644
1.25779356389
0.974693110561
0.710162073008
0.675271577194
0.809518945877
0.967903309095
1.13793172266
0.433632921854
1.1726261714
0.783753099251
1.02297721464
0.404681880351
0.658864364772
0.910028150224
0.649349104665
0.869627804332
1.46950328752
0.572066177832
1.26046268392
1.32174995723
0.324407182274
1.04011178487
0.672397631327
0.561643944818
1.45150726824
1.28231642291
1.05715674545
1.09592620844
0.990135250656
1.01167449388
0.583836694693
0.415146037732
1.60456285137
0.939370983366
1.35201061484
1.1095597942
0.812512667503
1.21304145863
0.423430218775
0.456691463104
1.39778409687
1.09439409793
0.721203260573
1.02613188224
0.913622615303
0.5381074617
1.28091532078
0.637887607498
0.826582624188
1.0535842459
0.310020612791
0.621726276664
0.361462317046
1.09903643218
1.24177215714
0.461463464379
0.675546417718
1.23270263879
0.809678682334
0.869595632283
0.331766732513
0.388602963391
1.03536165682
1.00700688762
1.24452729375
1.15668301645
1.27831490368
0.748383554734
0.475484770854
0.61507475071
0.578115711157
0.448902727532
0.600879766855
0.607706897625
0.873601667849
0.895187754824
0.847579230488
0.866369927038
1.0972440023
1.14838999895
1.03370126321
0.465600543348
0.878298617985
1.24376042184
0.552306525037
0.568468791952
0.309246668493
1.0108787506
0.748416533292
1.03376045606
1.1318222195
1.10975952114
0.561857634255
0.570513433659
0.735136077747
0.554001330997
0.878019711837
0.876211844303
1.05184542524
1.02335501323
1.05680166077
1.2481952573
0.358525211689
0.973121108392
0.571260651119
0.602527436532
0.668707699876
0.972538126642
0.404008377498
0.801862516878
1.04456721365
0.927229969638
1.38259302776
1.19147435786
0.484694798325
0.652657912567
1.08104271598
1.19455676462
0.804210759501
1.05348307008
0.618426752436
1.0282918211
0.412572626114
0.680983541465
1.22880602463
0.85066535897
0.925153102446
0.699497313159
1.07327266508
0.551192693229
0.983260353448
0.472109114223
0.436504435266
0.840632373909
1.44569379228
1.23745908697
0.44155161048
1.31461791853
1.37659455993
0.613405523414
0.42477150117
1.2125099405
1.19630722774
1.06240850246
0.627820282781
1.07710283675
0.85062399756
1.20142719854
1.11099717854
0.949376807135
0.359240496323
1.23749861257
0.384949453315
1.05911635197
0.902906745177
1.29500646838
1.09226138683
0.820081415038
1.35883306299
1.24669189206
1.10988005602
0.326128884413
0.720732723997
0.791953735364
0.704202741571
0.402722947137
0.429630942705
0.629238040377
1.26013294417
0.585311633898
0.82526136852
0.704182979266
0.536099584507
1.38841143763
1.36090301674
0.720463401018
1.16351595213
1.20757703046
0.57010665947
0.653718455826
0.474162848682
0.432673491544
1.46804856875
0.863080446097
0.693790726069
1.40459632917
0.552631582765
1.44082431611
0.687103742214
1.31919185047
0.702071495996
0.344881976654
0.806930745679
0.550229776111
1.36454810424
1.37809047846
0.43169848379
1.26308699334
0.442692879831
1.03985790328
0.822845811185
0.52737103073
0.866327287715
0.560324436857
0.780333355604
1.10007971813
0.579632321677
1.35411342056
0.841047273072
1.14723971518
1.24192717116
0.650741778876
0.324821150289
0.649781289905
0.250105729621
0.904218485652
1.1560246298
0.920966618814
0.7351859183
1.20224040049
0.561942319207
0.592986458067
1.09919514696
0.447388470633
0.79826030223
0.700683255272
0.765600697991
0.566066617213
0.964383571346
0.652256839061
1.18778496914
0.7388416185
1.63562839062
0.654687847144
0.610041408847
1.04443044617
1.30028544823
0.24828590732
1.07511388784
1.11896848813
0.758822052437
0.499441376897
0.711637857791
0.958848536186
0.781999905678
0.870300148471
1.19167877842
0.770443417437
0.635159939227
0.363285143309
0.695233165152
0.798376670062
0.866261721658
0.362194873237
0.388069255156
0.880600218811
0.795553900687
0.445628647659
1.36017780752
0.556444185858
0.990907201111
0.664541721779
0.89893295182
1.01365828244
1.13664804261
0.829309737604
0.594397704391
0.576895853773
1.23354116198
0.73665622178
0.667360356838
1.18083175951
1.05943822326
1.00816186554
0.819433130157
0.394938354714
0.820421513571
0.651830449478
0.558946054205
1.59961058374
0.7508926755
1.34863350384
1.30128145056
1.50728122556
0.485889056833
0.415320386536
0.711090429293
1.28103109967
1.06443397259
1.01827641789
1.19834080373
0.82726647782
0.336985129767
0.311390350371
0.355349772234
0.751842317317
1.38612161689
0.385331254299
1.12555027992
0.913738186777
0.406831889136
1.23046432721
0.584805775788
0.828193012361
0.390119067004
0.677550416401
0.702897428712
0.442905360103
0.700184690739
1.32954853206
0.999948815033
0.481025036424
0.813535638684
0.95036221288
0.794323487176
1.03614450088
1.1930856218
0.622484531211
0.405845222711
0.665972827497
0.693385180396
1.31095462179
1.18257103648
0.829825042891
0.449120911998
1.10198228145
0.507206783997
0.689351808218
0.444286345308
0.871910641399
1.06889600976
0.82497035519
0.540273515498
0.88634769541
0.92951147248
1.0707446722
1.08302330391
1.18140399406
0.502758902692
1.1799038252
0.905425615402
0.930795224181
1.45753778253
1.51242630101
1.2471099512
1.12844650468
0.39303066113
0.27586501067
1.44709328838
0.661685269815
0.910435238192
0.571332526157
1.01000203208
1.43441662506
0.810496302111
0.729575632981
1.40573466526
0.280818353913
1.05919324304
0.465652337776
0.690134618796
0.360910554543
0.946353454172
0.322982277823
1.35891827561
1.12906048331
1.05465242218
0.871156585291
0.552306962279
1.22405224339
1.13636362013
1.14053324499
1.11340145184
0.956241993177
1.63946541434
1.2803430641
1.06910251297
0.901590786389
1.22376608476
0.829867004532
0.905697570736
1.35043042829
1.03969310183
0.562928927156
1.17961928783
1.48580239403
1.21468174668
0.782083180463
1.41196854116
0.684501080076
0.518422052269
0.505614995624
0.671859762894
1.04929604887
0.794361489594
0.588175065203
1.0880092479
0.554633419826
0.756693304219
0.979982162834
1.02223394858
0.505518181671
0.816340346242
0.862570881306
1.48010217747
1.17039211379
0.727157639425
1.35457693845
0.500028220554
0.902192706416
1.17660753693
0.468269623346
0.719611407604
0.887753527635
0.4078570061
0.718514804604
0.860659355219
0.720374310813
0.754452290345
1.40137607351
1.07949496606
0.943193090678
0.381911952722
0.495658539625
1.0257728071
1.14888239172
1.48244304855
1.13350599473
0.352935949732
0.711436518012
0.800105606175
1.20650160488
1.22119025117
1.15621646896
0.925032241661
0.451747646832
0.399227594899
0.4352797296
1.34082773259
1.13852580459
1.36489852953
1.17812255111
0.50189313514
0.791297937139
0.986309208266
0.9620801568
0.569771450729
1.4684520039
0.951614625666
1.19028423697
0.785694065553
0.582966534519
0.399001040229
0.560531728931
1.09123187633
1.06650175101
0.877857430108
0.548040440817
0.606104718342
0.218841000908
0.539315923161
1.0310041915
1.20593504004
0.921423845335
1.32332287124
1.28547669502
1.41068526299
1.15958596309
0.776050330441
1.05405281287
0.828680401375
1.26854305984
0.35849925721
1.32789851056
1.33595341496
0.91876639155
0.729905919898
1.06441323477
0.838956485103
0.970791423248
0.388462944085
0.51468953549
0.523027813797
0.836696969806
0.73379417614
0.84560639228
0.502649997483
0.4124063794
0.947813081962
1.0709899108
0.685040845271
0.799041017281
0.981241407905
1.06408178052
0.595215234911
0.342289042631
1.12810140541
0.740612121642
0.653908285904
0.856648053772
1.08081262046
0.855679164041
1.19734916377
0.837125307798
0.873020782746
0.589003331756
0.418970036812
0.764611365483
0.635385583622
0.648206556023
0.947473013008
0.465125089542
1.35036856779
0.525319159978
1.37581688489
1.10265369513
1.44352776538
1.188824212
1.58867435644
1.35252565088
0.873158284396
0.905221520423
0.390495458766
0.566986354373
1.21912427631
0.65778341356
0.727494530372
0.812568035231
0.438059033999
1.14117335927
0.585176929318
0.471862001655
0.612782670105
1.08377271291
1.3981238127
1.14889289745
0.446385896164
1.4277725107
0.897643788142
1.28806288269
1.4770140062
0.545584930701
1.13089505998
0.949666442021
0.780926764417
1.29316200252
0.616601074034
0.444272285491
0.653325906218
0.795381262207
0.987284414047
0.585073886392
0.350942496105
0.533257430681
1.02020346712
1.1174776686
0.941235864325
1.12008433746
0.572691351368
0.317789827457
0.633202847378
0.492604606526
0.978464180273
0.53861493621
1.34740608392
0.571751395572
0.580200692659
0.750148604705
1.28123449603
0.861257920915
0.612466962377
1.04519898105
0.674447277082
1.13062222586
0.752890931024
1.20968884918
1.21253305392
0.950051307248
0.875283220494
1.5099356724
0.542202336707
1.5136403038
0.855593199582
1.3711647318
0.611038968965
1.51459238268
1.32246837003
0.799695805042
0.477884330329
0.974006727946
0.651283283109
0.719112992542
0.587888511835
1.40407612915
0.29593314632
0.530296325155
1.02367010408
0.569916060847
0.457158262776
0.537242291484
0.772248038419
0.708280625366
0.842501716031
1.20052023389
0.612652630941
0.266563989176
0.972255920385
0.809330122309
1.45005081096
0.803478357645
0.909874177237
1.03253612217
1.01632873037
0.570638448953
0.520764745015
0.941807911999
0.541929748349
1.20343946665
1.16994980428
1.21096350657
0.283298299082
0.735631343641
1.46863587137
1.10927298936
0.900238856048
0.81056239012
1.07178643685
0.599566667697
0.736436696751
1.36282415972
1.19631863782
0.276275688537
0.762516404949
1.39898875285
0.558804747341
0.839754676011
1.00686932021
1.4328185656
0.675185982796
0.943120963943
0.30095675954
0.554463927532
1.02146867135
1.19827310844
1.39108446274
1.37623135028
0.89309986245
0.752861408786
1.16566663739
1.31048093888
0.906366940554
1.19137387978
0.779749298924
0.984577884054
0.700467788736
0.423392224149
0.958694027816
0.503601729753
0.95827875018
0.519245691415
1.19121897819
1.17629580348
0.663923398981
0.597463162303
0.878672135269
0.709763322719
1.17190744804
1.20158375628
0.513962622698
1.36392584721
0.653201585507
1.32851798989
1.20976243857
0.626428323708
0.492054642957
1.29793148394
0.853334463243
0.290245383654
0.902628300607
1.18503235394
0.560194171445
1.51430153283
0.459274241312
1.1803130118
0.368183427161
0.293478369527
0.76076362988
1.29302638941
0.80168330959
0.534925337524
0.447192752143
0.775790103624
0.465371248885
0.417748652235
0.861826797762
1.23895081689
0.531848880597
0.586649041406
1.041744522
1.29505164868
0.780713451578
1.00396516669
0.862330893931
1.26234717012
1.03879631285
0.60508743151
0.624682351968
0.738314946157
0.830360357066
1.05394275652
0.351664157696
0.391500861062
1.14060959977
1.68774154172
0.862566912461
1.35251533549
0.978482795517
0.495018715469
1.0984789679
0.388111760468
0.557550475105
0.693031490212
1.19109400068
1.23956329939
0.937771015808
0.737941692256
1.08398150986
0.948214652564
1.17499204001
1.23780053912
0.662989248877
0.485063345912
0.941648150138
0.405477774367
0.961469472707
0.893212932767
1.46202967229
0.667874014284
0.923299628298
1.2575106581
0.555119780481
1.02879991049
1.04632504486
0.636883362397
1.08228742053
0.458198826559
1.42114030677
0.94558693042
0.774333756353
0.680947261062
0.653048795703
1.37996137495
0.45996969854
1.289173393
0.474313902403
0.672161923684
0.98205889694
1.18418363308
0.780403471181
1.42665932051
1.00976409357
1.21515397002
0.833772272032
0.516024227861
1.13784496847
0.425610419696
0.711169974539
1.05911856164
1.2249615696
0.511200356367
0.736913743926
1.23444666233
1.19954047225
1.1481414892
1.32444492491
0.597359299699
0.936530793817
1.12140507503
0.676885485235
0.551560283656
1.12369963047
0.682406437973
0.870368405215
0.843158951688
0.640989628402
1.10028058535
0.807488037973
0.91099648015
0.502187251169
1.20282441336
0.35953611474
0.757115044669
1.13993803709
0.492024386475
1.13653806203
0.286062229622
1.23744062688
0.72867998536
1.01790116823
1.09253586157
1.00748603745
1.20046204574
0.691121511154
0.454405478952
0.74625300197
0.67114731508
0.690089689909
0.719861885392
0.289741178896
0.538351980559
1.40775052201
1.18576413281
1.31126491339
0.914559877227
0.618080989337
0.369759167599
0.946667673837
0.885985372838
0.697321634798
0.782703249643
0.470963061966
0.298789281766
0.681661654126
1.1264682454
1.52830339404
0.298806608026
0.266920954105
0.695360773374
0.54255632987
0.650051715508
1.22617160439
0.750922385845
1.35622462591
1.09436312654
0.888295453295
0.772406653519
0.847631881759
1.04231487468
1.2081920825
1.19932691778
1.30092541217
0.742615054207
0.558270789145
0.737375040431
1.05636154245
0.447692806676
1.43885088104
0.882579588805
0.37920475194
0.901203846562
0.809315957609
0.676924379407
0.374719070552
0.842364261895
0.852930260331
0.17865595717
0.480947354403
0.823974065596
0.43753109544
0.89839414734
0.563481037733
0.475305402859
1.02935128552
0.919838006277
1.30412237288
0.550611908759
0.546979133037
0.583203973013
0.987953252683
0.521816320404
1.19911386617
1.19716586501
1.12832935341
1.41860610116
0.369570599793
0.546086631941
1.05210101202
1.30370350903
1.51596222378
1.06531467977
0.545095722157
0.975311358677
1.1683924568
0.997203965869
0.773293033408
1.21046296541
0.633186099107
0.743106677415
0.824926131842
0.664145952935
0.987102806109
0.661387280177
1.40356691239
0.786255377391
0.293589489717
0.930228829557
1.00125816419
0.272557423613
0.664371985594
1.04593109762
1.08240063018
1.49685726848
0.503192688911
0.666761335209
0.432201656646
0.569370507187
0.944605295504
1.07454419359
1.03782571156
1.55377766557
0.534143181999
0.469009656686
0.60506916736
0.447579824625
0.596382127454
0.716315007814
0.505868978928
0.696583899793
0.649205586442
1.02983088259
1.25427254278
0.429253928862
0.571913466463
1.02327821849
1.23385376957
0.941192910797
1.018219132
0.345323244811
0.415600480078
0.67748334063
0.612479267348
1.24065280344
0.829604669459
0.44606684533
0.46221128184
1.0513206559
1.20422639751
1.05193284572
0.777211911388
1.16124839108
0.324578114555
1.12052553282
1.0017821408
1.34073841816
0.838148642857
0.494886497829
0.836952915933
1.46303056016
0.704797054453
1.17819810924
0.959999616844
0.686298997507
1.50430614572
1.34582434637
1.05193812521
0.656036316053
1.34116174803
1.22925010921
0.552704241642
0.470376783364
1.04408984989
0.344088816082
0.33708817629
0.962771880305
1.14599199234
0.82103220821
0.64072122818
0.62415254867
0.792717119808
1.22043469768
1.38665843725
0.409590762032
1.3524877577
0.365404276407
0.47790812662
0.904119730968
0.774933469153
0.935730122664
1.12410514639
0.66225377734
0.496782538069
0.37484020847
0.843062591529
1.12489584255
0.684331874762
0.830677454024
0.564753359652
1.09973761477
0.981478802787
0.951124469669
0.879134087677
0.868786684636
0.598364868093
0.858354653437
0.927506875642
0.200389221576
0.769490063964
1.06301195605
0.669854569203
1.16443746944
1.48173055936
1.33047385839
1.07025592858
1.2416486154
1.18690492893
0.512349603789
1.43155972328
0.940415054606
1.31758824603
0.587336489722
1.39552931541
1.40643314337
1.34875361028
0.993264771578
0.319394816331
0.970607837023
0.814712345232
1.22314235483
1.19374862729
0.382315922898
0.512561756184
0.543004435639
1.2904655068
0.478853749736
0.477752233587
1.24582895184
1.15830331378
0.935184821836
0.913487512355
1.41716767239
1.08291641655
0.64264470311
1.0046923827
0.33840658902
0.394183501986
0.498711145655
0.670171065385
1.01081399115
0.390483833632
1.21947988324
1.42114805724
0.995246216533
0.668153096139
0.713915819568
1.23498882577
0.472370346534
0.604699892106
0.58564856877
1.17536354376
1.40379087443
0.658622502856
1.48030495785
1.18544273312
0.453818205147
1.13724784047
0.74776950067
0.919764906132
1.00524849096
1.14291894958
0.499943073688
1.14464905419
1.4645198451
1.29647853407
1.05662207136
0.947577007863
0.863394429539
1.40993470599
0.930630978587
1.52439102987
1.03441407125
0.769211043074
1.34530458849
0.776717953272
1.16157943639
0.979284771198
0.284569247603
0.676482734353
1.11635645163
1.06382024148
0.864801646708
0.481836023121
1.20576371531
1.23705097274
0.600724093545
0.5628806746
1.02304836622
1.23018242596
1.26179671482
1.28333682212
0.639546057494
0.668587855535
1.28535918975
0.526195328636
1.1109445725
1.30020957419
0.68690872747
1.1673252591
0.969794490947
0.714425301746
0.909369236366
0.874904065207
1.34675725601
1.32844837925
1.20903565897
0.360624025299
1.44138516525
1.27805033965
1.20591516203
0.393594243576
1.23382882537
0.849761203997
0.577347326791
0.419933420737
1.29594778555
1.12544321659
0.367679994237
1.25651493888
0.688264108031
1.00064352818
1.07318071227
1.01189940834
0.50152503509
1.01039459112
0.629769849829
1.37726257628
1.05872663731
0.602907806244
1.01337568266
1.34839507985
0.502357445589
1.10894026529
0.538352918254
0.466067072454
0.624977142672
0.949940114394
0.31807706489
0.984590625696
0.806992012186
1.22045465336
0.518408777917
0.720161220081
1.38367653406
0.906286560227
0.867542488744
1.22919017534
0.316123507541
1.38110101766
0.482853148691
0.811341077733
0.298058494033
0.45720808102
1.438832651
0.32119635226
0.473475346453
0.85960382978
0.442310810853
