0.477528185305
0.892334544387
0.656450492065
0.535802842142
0.748931807538
0.538838822619
1.50625417484
1.10114352492
0.617630161087
0.351053163634
0.553801025766
0.973002409658
0.782343018844
0.603203308015
0.505020433444
1.02430134693
0.571876067413
1.03135580903
0.700826570924
0.285078703668
0.837012880002
0.696789887181
0.724233606376
0.739668405171
0.59521065805
1.38928852452
0.344362727926
1.15765301678
0.875524927707
1.02696112919
0.965789820911
0.722084228159
0.974120964366
1.07534658247
1.15189438383
0.579498828677
0.579134159156
1.27311168824
1.20116267178
1.34240039748
1.22543781227
0.776641895128
0.539092007531
0.898401249991
0.571302628969
0.613771819263
1.38468807346
1.44063239543
1.46880590867
0.920872462623
0.525097831017
0.992107544847
0.361586874813
1.38222140276
1.36984029986
1.04254273963
0.37846826911
1.21769314348
0.991790347662
0.829186188643
0.835352864296
0.780762976749
0.415716943082
0.551678271074
0.540815336606
0.715198970835
1.24644049117
0.765310549039
0.953933423024
0.822080805908
0.676760410915
1.24718527443
1.15793483141
0.813922784614
0.895440609363
0.651848471944
0.493786852163
1.20176347364
1.01770200147
1.22435210704
1.43833670287
1.28061533273
1.19441202977
0.37602573906
1.15364308481
1.41334497792
0.399480434038
1.205762734
0.51194055589
0.875992162004
1.22355410717
1.04244439187
0.768079722013
1.02659342706
1.407510251
0.714397269034
1.4229791399
1.63402089001
1.49204780403
0.709605977279
1.12529489812
1.12948616868
1.12706069522
1.36125002421
1.13891757488
1.18903832252
1.24168436269
0.817183335945
0.653338015543
0.55466739876
1.02031665111
0.661016406471
1.0190541184
0.856720180181
0.792120675369
1.0732398062
0.641645785629
0.825000438772
0.513821285381
1.23192884352
0.517526590903
0.717035926888
1.12547058692
0.75843180757
0.536864299639
0.351200912323
0.704500636011
1.40022310974
1.3013989517
0.810828158136
0.74925924887
0.867417351348
1.34198942938
1.00054647431
1.10829413247
0.395667484377
0.194711381823
0.468814712366
1.24273421771
0.422876065772
1.00965809586
1.07907170937
0.815865493525
0.809552514784
1.00781822554
0.334608188912
0.535819129667
1.23444483571
0.837309900638
1.10308294292
0.533153149758
1.04510715005
0.526730951516
0.592733481843
1.26121860311
0.461494401019
1.04538302653
0.972637222133
0.91352617071
0.960757301223
1.03616072193
0.496843375357
0.891335935608
1.23068103942
0.425556228349
0.631286693959
1.13879920072
1.00731295064
0.397258315598
0.745945298534
1.15295650708
1.13687462064
1.14910701399
1.13920656949
0.63179529091
1.31094084545
0.908307644933
0.899271181978
1.03725434137
0.627203711457
0.541745170445
0.894081951676
1.36836404042
1.03857916767
1.30960695463
1.0286676782
0.503594278409
0.682362110944
1.41090865278
1.09773678239
1.35078496973
0.728591714155
1.02812760929
1.11450906882
0.507084344429
1.30098219309
1.34974391479
0.328867076385
0.959919076198
0.635201367957
0.587712620906
0.647705661748
0.739369451902
1.01983976386
1.15997559876
0.741088739184
0.916921693537
0.394674021006
0.42750887243
0.472331599874
1.04111882898
1.39851523293
0.567707254453
0.568535565335
0.557633833341
0.495027176075
0.45680098409
0.989079751182
0.659152423148
1.18840375333
0.432071280442
1.00709207851
0.807127133461
1.09980671575
1.09416146069
0.160597171643
1.33350916242
1.10700009784
1.02248787851
1.21065805119
1.03022921594
0.658793502183
0.803885231071
0.519581838732
1.09757257925
0.716922749517
1.08624416814
0.508794015291
0.515941507937
0.703030014148
0.570787191743
1.09272900813
0.791266670963
1.40686207044
1.1532236105
0.36096304783
0.764851697813
1.18958429796
1.32087659399
0.597281032479
0.387132591736
0.901580213232
0.396465921999
0.326622465456
0.637809483279
1.56143955278
0.79280750521
0.773455530618
0.936150873076
0.288255785551
0.347905066327
0.364012194648
0.708011024406
1.01013927846
0.333114005316
0.785740642588
1.09427059429
0.697411893718
1.002234975
0.591875695778
1.22311202144
1.32582491682
0.445199612108
1.15962219793
0.586726591764
0.985107369745
1.07745635632
0.536452573604
0.555430357534
0.739516543541
0.929878500235
1.08707188509
0.847372852301
0.708392777185
1.10729619578
0.379187057461
1.04275711622
1.14603271181
1.10524446129
1.01923743206
1.5165971329
1.18588512483
1.11959455287
1.01511202022
0.471808855393
1.27855806169
1.02559704414
0.263288717001
1.01251597459
0.475423998311
0.600858412156
0.339819753276
0.905800896363
1.07039672337
0.28614838353
0.6377016564
0.931346370425
0.614905693338
0.3438066356
0.836745463251
1.18605120911
0.64872294121
0.944998564105
1.26916088181
1.23363165877
1.29448416381
1.3250558403
1.02402143317
0.750588496775
1.48684448916
1.18170812981
1.11824453172
0.874340129522
1.09828119567
1.18460951239
0.464775144256
0.462122808633
1.17097903488
1.1791008547
0.416789876069
0.542707608514
0.375840318025
0.282616034599
0.686191608393
1.43875266652
0.846641107366
0.460991877162
0.710908913581
1.05802082579
0.481299662206
0.861336896447
1.4966297625
0.740108426578
0.52766056915
1.22439715618
1.13182997446
0.846120500246
0.67639760344
0.737383567976
0.655593541121
0.858065528733
0.940626229625
1.2523096405
0.974541559589
1.14168724606
0.331645177687
1.1727656725
1.29467500278
0.973864840539
0.722214026043
1.06925583737
0.642664426229
0.469840948623
1.01339261461
0.688306491548
0.400108150627
1.04016068487
0.670052931476
1.26461793842
0.330703127293
1.26716329018
0.451764152508
1.19233316678
1.45920691109
0.508007464499
1.28003474485
1.51509727022
0.315890081997
0.922602762426
1.35591304349
0.861883600563
1.04300477991
0.830874048264
0.284689167943
1.32785259613
1.18035022169
0.751645605606
0.812282314899
0.476865650115
0.823312093432
1.0899233811
0.655068258791
0.80090873549
0.3614832939
0.850139692333
0.422933308089
0.892821810509
0.481236918713
0.900432973621
0.751587959043
0.699816740049
0.926110637264
0.535214032378
1.15892008219
1.020408848
0.751353997533
1.12588566555
1.26156229897
0.715047357506
1.0321622557
0.458677936337
0.88683843064
1.07961711981
1.1452315709
0.438963649479
1.23214034085
0.921248232168
0.394765272127
1.27938365183
0.851780187771
0.667052945513
0.566644140794
0.844418789666
0.713117211487
0.569421050931
1.428152963
1.10719041557
0.987304949779
0.342686036342
0.192230642062
1.23289371843
1.14414594796
0.695893536368
0.456921401232
0.890497947976
0.525495815431
1.13040168901
0.563079851918
0.740406366545
1.32436234482
1.40113056852
0.696176459564
1.19722312695
0.841888244039
0.38152420041
0.358249047232
0.40725830261
0.445771723744
0.553848154338
1.32704624062
1.1635947657
0.992883460342
0.482770743474
0.791710267269
0.528372481509
0.90505529103
1.26706174146
0.718915334083
1.34639314241
1.2465111368
1.09883557021
0.777029342027
0.219427743436
0.693035585374
0.573681251108
0.345794384895
0.661879588552
0.471779163178
0.600105765728
0.704753119504
0.523863710901
1.13972031384
0.41307308287
0.768628066468
0.296211815598
1.20257008387
0.641296840382
0.994470387604
1.0150466041
1.21086869302
0.678060912715
0.382328345326
0.765840031122
1.18098389083
0.412527381307
0.514350033282
1.27321689538
1.00387919998
0.799409250318
0.529335963879
1.25853314888
0.907346236612
1.04126686933
1.47276697301
0.483124876644
0.694491585671
0.817587849284
1.48468459284
0.835643613382
1.1150976068
0.726599344438
1.15390853976
1.00390506606
0.608587669654
1.19581996259
0.776118272292
0.441852643361
1.02904716459
0.798354329615
0.882291356729
1.06485752114
1.08937440029
0.999030528908
1.06133542827
0.713830049862
1.32967209631
1.47243526716
1.33013784615
0.943976300392
1.30733751802
0.496856366962
1.25948330479
0.271053578232
0.496060217985
0.913055617587
1.56406227225
1.16331942188
0.570555530471
0.454930173237
1.33099185744
0.497761673869
1.40636050691
0.982036345853
0.562781163613
1.0768366884
1.02554158152
0.726054404128
1.51796395905
0.563354236295
0.478554231401
1.34259207367
1.16788466693
1.40266102286
0.504797237288
0.7533509015
0.850466434618
0.421659347822
0.356175252807
0.786433768066
0.318688240733
1.15997967571
0.464755090378
0.344919263663
1.09473640658
1.11181381901
0.491837138269
0.744753632057
0.866483164484
0.734891649021
0.494489127399
1.16711009191
1.42893939921
1.25112660905
0.228115787816
0.626771559517
0.84220287263
1.15538381039
1.00369078088
0.665243748989
0.936828675913
0.636306125038
1.03104211604
0.870392193022
1.44461089894
1.1883390325
0.442865567935
1.13891186959
1.1169681533
0.869672956879
1.14116470114
0.871684945123
0.979711182149
0.785663417573
0.444124791987
0.721807580676
1.07241640128
1.21120394427
0.608736529055
0.384994726305
1.07916635446
1.54122217783
0.711020921964
0.51805453737
0.664432967113
0.950414740819
0.474962474058
0.982965045198
0.877392652321
0.816785336398
1.24515076515
0.694066213192
0.953428515877
1.00210983743
0.698889964566
0.679049973922
0.754783083729
0.8076380854
0.757115662493
0.611740539671
0.812401074197
1.65380044168
1.05425724243
1.03631622833
0.982201112083
0.392575741872
0.541822934488
0.801589050409
1.30873643193
0.604455730072
0.344678395065
1.19910038866
0.571261998685
0.568562607307
0.734432582366
0.415305718764
1.02445057404
1.07920973026
0.569671461809
1.31605277673
1.0879432239
1.44848303809
0.447778098373
0.559659604267
1.3429313926
1.09539974079
1.21200078046
0.47097660755
0.883593043695
1.02719166679
0.912100710805
0.465229889693
0.474811173044
0.916126004045
0.402553460101
1.16121597237
1.27317644858
0.908150415247
0.925314161765
0.800313624792
1.18121267117
1.12596712604
0.474580027082
0.689105724128
1.24626900061
0.706115667152
1.17195201163
1.46891959257
1.28423662736
1.15468744636
0.905015835789
0.393232657873
0.614730353717
0.804264027864
1.01011721236
1.31443637094
0.746567655837
0.845523639374
1.02409562801
0.487305052431
1.06634382591
0.888464548077
1.19686540491
1.00491775402
1.19672112802
0.353847440446
0.794443474486
0.808543321672
0.731245283877
1.0541367554
0.771823613328
0.558212967789
0.547781903071
0.488970403261
0.617879559952
0.388126162775
0.764123728505
0.50005366445
0.719072559852
0.589167672705
1.19413355697
1.19520225893
1.26250488383
0.346767446165
0.899784148767
1.32625197846
0.501286549807
0.683092313541
1.24323148006
0.89641906643
0.509640223007
0.76638379387
1.37681958002
0.654340131904
0.676981131378
0.784771440433
1.37472694926
0.688731335245
0.92313507668
0.904685603049
0.880711409717
0.325395955508
0.241336747213
0.380718520741
0.545644455049
0.243603877082
1.20866644622
0.377415738769
0.613876460983
0.494751308366
1.13797651402
0.403227680893
0.613838938539
1.21353436523
1.21547386948
1.09280840751
1.08115583443
0.583069401911
1.04143292156
0.823234655812
0.898623430467
0.964597010366
1.55760111103
1.27501801156
1.34604698694
0.538645908494
1.17906521484
0.539352582567
0.450533743814
1.06503816187
0.493597476048
0.389299272827
1.1341313741
0.624687341767
0.536796894851
0.44997440385
0.749096274033
1.03214178115
0.472206307782
1.52481675581
0.79831245512
1.05863590335
0.542294869753
0.395350975227
1.04410718669
0.749358611784
1.26247778372
0.893036102515
0.736461800002
0.98600268883
0.589439807658
0.638733561072
0.672650767186
0.812441225001
0.913062050214
0.928534524511
0.750318054525
0.832376162016
1.28795964096
1.23875578439
1.12363253345
0.400097690197
1.05599235021
0.837305047603
0.677527929633
1.13325825469
0.369218622781
0.354225322187
1.31841515997
0.47209560412
0.973085621251
0.832678947679
1.00771114691
0.49734355003
0.198305656567
1.1764834257
0.244205195226
1.05822036732
0.677604678369
1.11757329822
1.03771468519
0.429427944372
1.23163627797
1.06091093021
0.921642487109
0.595970837595
1.04626624582
0.42866007203
1.14523448557
0.776263947881
0.811729222816
1.17497632866
1.22312381386
1.1477470632
0.99534336392
1.14622620512
1.06535017291
1.36310242497
0.428485214059
0.430237068792
0.370541107021
1.20633336772
0.62838691754
0.708847405307
0.979911388046
1.35852917151
1.23258857042
1.27813264953
1.32882138213
1.19519316133
0.607804716477
0.423887394996
0.893834105971
0.770210813735
1.44346771023
0.295741590016
0.431083490256
0.557918641189
0.379828636965
0.569835511096
0.707491198215
1.35241068481
0.802813823763
1.01420491291
1.00127037047
0.850987514949
0.834085026414
1.04671998332
0.446422982402
1.15677814092
0.64712645212
1.03360964301
1.1571724295
0.39025832474
0.566795747856
0.429318881438
1.10426432423
0.509447121547
0.951281147204
0.665113298935
0.512866445866
0.462018309869
1.25082263736
0.545164037021
1.2204285574
1.22835940639
0.788010198486
0.837399163588
1.05489047606
1.48980562365
1.19809915287
1.08076095177
1.21263524365
0.432533523813
0.883339921438
1.08366791643
1.17887001754
0.596067922079
0.973421386626
0.730333839794
1.44341901519
0.778382349557
0.524798291998
0.645718149162
0.5200165346
1.23377993507
0.930093049905
1.45567164351
0.891845516537
0.499719028371
0.632325055316
0.907700500446
1.55338469087
0.348952916437
1.34921964927
0.547355835293
0.60974990624
0.479587827864
0.676696541654
1.23221996035
0.526396514981
1.10202524319
0.520884030868
1.11722380229
1.19273767625
0.845770300632
1.41568879647
1.34757627025
1.11969261672
1.12429988053
0.359797498603
0.642274067264
0.451959790992
0.838549618532
0.436643253867
1.06439238802
0.782809323502
0.450696317284
0.682626851423
0.924151652537
0.814350929001
1.13371840865
0.823090367042
1.24764530415
0.642908466517
0.425201016187
0.668058034817
0.587238157064
1.11100718461
1.10245794778
0.813685028176
0.555708085299
1.0272044237
1.54172691115
1.08002940283
0.461736708032
0.696584129213
0.355115967995
0.761887847911
0.340050869032
0.780182405129
0.54914940179
1.04394007722
1.15069179968
0.518076856297
1.32227126848
1.13987201062
1.32520587779
0.467659005885
0.965105136672
0.466544117489
1.06915072972
0.418098772248
1.06649450807
1.00412819661
0.483830880509
0.564253480981
0.740659470186
1.16587278261
0.377561530845
1.15768345917
1.09637497924
0.509769079526
1.26061565824
0.922951800052
1.37518545246
0.302519372268
0.77189113568
0.342259411681
1.10884811932
0.60704174061
0.599024048503
1.39299416899
0.28067624554
1.05316197751
0.91341983767
0.617811525485
1.11633867678
0.964754961252
1.28986763537
0.624289179948
0.763696500501
1.12094700675
0.874320059354
0.33618724439
0.317321990406
0.783808995607
1.15130988241
0.42016382643
1.0872903109
0.43176323304
0.936086639136
1.01070997042
1.09465740152
0.987912465291
1.01865777996
1.0413002907
0.53350785507
1.41588983522
1.05311024853
0.40856950446
1.36710185982
1.18927230193
0.853673772088
0.628258076076
0.935955650713
0.920150187491
1.26463378804
1.12592419566
0.91889486094
1.25628127296
0.674638143837
0.595521638564
0.622902704094
0.95151685784
1.44749961417
1.14379908371
1.16868568422
0.483936182963
1.42110836387
1.11923447639
0.38105803831
0.823748592016
0.310462771415
1.40173328402
0.761484965047
0.609927985053
1.24260707456
0.292948683174
1.42018528702
1.39867095428
1.40686679765
0.465616212784
0.666429143864
1.05243115227
1.07529402187
0.841188372438
0.975793063932
1.04932119035
0.704754671994
1.28700602258
1.32838289555
0.366180808457
0.657450916962
0.890412338144
0.731256370578
0.667712644913
0.577078872001
0.669187387985
0.98145132683
0.633728160467
0.823603376533
0.779726573999
1.17146925975
1.48286706656
1.11708606588
1.37899086068
0.423820820593
0.458520367443
1.22319567073
0.872576481472
0.895618077517
1.24498710366
1.45975696298
0.781821002705
1.4679120572
0.715131881491
0.955781016942
0.962531493269
0.57222702196
1.05309255683
0.564204169655
0.932604618674
0.370838058076
1.11674897006
0.872317698919
0.55517859103
0.328650351532
0.999018715972
0.315209817665
0.511284264523
0.92316444031
0.560997656269
1.43560326885
0.91190018453
1.39048981925
1.07009063976
0.204823638394
0.845207987853
1.43603080904
1.10257020973
0.242315992662
1.45212556807
1.65173981311
1.32837209712
0.582408674831
0.987691238001
0.938584584688
0.808001737783
1.29403319063
0.506362093717
0.753480821252
1.37436368384
0.762083450985
0.739070759864
1.28165129034
0.551053103169
1.06406702813
1.13294900044
1.09242070018
0.924031485252
1.29345601836
0.693025178314
0.476355767118
0.543090512231
0.848474429508
0.313401493848
0.572493747363
0.517033521621
0.874421605865
1.20097116159
0.494008896554
0.438044263785
1.07290729489
1.03124088691
0.768172308863
0.560556842151
0.940804415784
0.756246525414
0.56155666316
0.909812649239
1.09272034063
1.22399543378
1.09494236356
1.26151906341
1.43414793599
1.03073362946
1.11601056077
0.807693803564
0.780779296044
0.44267336311
0.286347844589
0.754289532211
1.11298251108
0.996113960661
0.999032581084
0.816828752617
0.585267124055
0.997790539109
0.766604221668
0.5467493887
0.992340923644
0.39659390003
0.77657539436
0.876544149236
1.23693717599
0.639316394713
0.86174286052
1.18210730591
1.51976400028
1.23253022998
1.01424438412
1.24536623215
0.639431180663
0.782921360816
0.867427404975
0.888916169034
0.365643893376
0.806952947072
1.35720626691
0.902217377233
1.24122726941
1.24492061393
0.787270953443
0.521536960633
0.508690139299
1.42874152108
0.841916154057
0.369405609777
0.961648915723
1.15570540841
0.785875809802
0.393107590927
0.675268225375
1.40527581018
0.854835655056
0.406832636007
0.665027410109
0.901087480665
1.65985576051
1.48195069348
0.991346443615
0.348950181896
0.549270986204
1.3933465803
1.44899032406
0.425516254593
0.580870193612
1.03326417168
1.34349370411
1.00164061415
1.36294775219
0.881772637621
1.30449140094
0.979445699325
1.11032164463
1.18280233883
0.315092001856
1.41731207118
0.954553993498
0.592091126003
0.721249192526
0.88697433336
1.54019625128
1.24883418509
1.02342923026
0.958716822153
0.942216723644
0.366362446388
1.2859905913
0.235308659419
1.00305828651
0.734513814938
0.98073973122
1.18748143113
0.533365687664
0.715209185018
0.214875209008
1.15704008649
0.70135227553
0.775395000006
0.576787590265
0.887280307623
0.819749240966
0.705064470115
0.464193147439
0.790655661772
1.00552320856
0.330670586425
0.992723457357
1.001075957
0.536159676238
1.1782368997
0.48250868641
1.37913215677
0.334760997173
0.583696959091
0.883397565288
0.354078503134
1.63426268313
1.08718691266
0.93906714441
0.722057929121
0.497714528306
1.54276578945
1.3245282217
1.00723653705
0.991032292836
1.38971381961
0.765107128062
0.557652659581
0.784725030616
1.01339125316
0.788772966466
0.710904502151
0.968875225921
0.94178562184
0.684599083199
1.27249574253
1.13592724135
0.873511631986
0.364266970096
0.581490893026
0.474903196639
0.293981297432
0.599059884803
1.53323511741
0.694852848505
1.09547928543
0.547674178588
0.51975348883
1.26309808909
1.34058135527
1.26807892745
0.377539198675
0.389851071668
1.27205740889
0.702270841599
0.731501842469
0.308480291838
0.587626059373
0.457992895207
0.647170427412
0.463323113729
0.792643600851
1.0055138094
0.649974221734
0.901797604593
1.44845312266
0.759512235671
0.435108904295
0.980925033256
0.662251443129
1.15093836938
0.955569510402
0.666236049058
0.403668466914
1.44922634227
0.98504165325
0.507189363047
1.0674934786
0.432942261671
0.471464894909
1.19272430234
0.499137013502
1.20202499579
1.32892870435
0.765421597631
0.42609720768
1.01276141963
0.292639885747
0.929866629542
0.510755423726
0.955971772626
1.46101883192
1.5498358749
0.39750002508
0.66283162115
0.452850133447
0.48683703527
0.749330590542
0.300280693821
0.369725421508
0.721789357768
0.590395899061
1.324111896
0.862361754507
0.472974529875
0.468787189881
1.08974279691
0.666307840854
1.02044274757
0.682393366082
0.716051427032
0.461580175498
0.541600863985
0.914445015805
0.742838682074
1.11177253304
0.827828742058
1.06250755137
1.05103530166
0.379057420469
0.844385741211
0.652975557753
0.56004652989
0.817850199468
0.611256044195
0.598910093748
0.399334896283
0.387017077349
1.4376215169
1.55840287455
0.684318807251
0.507860147622
1.42628060941
1.09457990143
0.772561450065
0.612251357869
1.00420541714
0.205054712868
0.445528484929
0.630326522911
1.21473452653
1.46990609846
0.700301602491
0.764167824396
0.586943835575
1.18362302048
1.38798455612
0.769442388153
1.00144346554
1.01876396914
0.768883468561
1.04336866853
0.54002215434
0.820708603532
0.633857223355
0.986157801048
1.0207608809
0.719384687884
1.12891671531
0.847810152273
1.19562563045
1.18055774389
0.843935762093
0.96474321293
0.86938528144
1.27832650883
0.341996726397
1.15319643352
0.741505238681
1.20269972305
0.630581139755
0.547326395289
1.12790082778
0.583005095717
0.408831289054
1.1345262299
0.909100062811
1.2441987756
1.01871083757
1.27671538382
0.777282480888
1.45541302984
1.5720600563
0.999660026821
1.19324865051
0.69512394609
0.446512326693
0.620369021796
0.605594504831
0.486745194454
0.389909386606
1.06800206174
1.36082187367
0.923532809181
0.640129829005
1.30553265549
0.591574815517
1.25059113694
1.20299357794
1.16059311954
0.926533852252
0.868389860583
0.797522015112
0.80772519545
0.59037900983
0.739068495453
0.651006344155
1.30165057537
1.30094854323
1.05033701824
1.17425690869
0.631422966461
0.849795505902
1.07854327045
0.5880101186
1.36788018318
0.760190778795
0.99532551933
0.645319618341
0.538870692108
0.455509661807
1.31509270978
1.37262073428
1.58614206556
1.3909963985
0.637895872947
1.28327853218
1.04262314693
0.67115579157
0.529262356506
1.00208564446
1.34320262051
0.813899762706
1.01714871653
1.1267022718
0.49200470055
0.636977941041
0.35790647026
1.47332790237
1.44417712303
0.637692785146
0.70427013693
1.07332536904
1.15817273765
0.661709266625
1.02408690184
1.05981552372
1.34133685859
0.550946550767
0.835548059546
0.742950175187
0.542764256466
1.17980789503
1.17884268718
1.34374863616
1.0606609278
0.596823665233
1.31063584305
0.592922063411
0.844504380881
0.980336124921
1.06700148544
0.735128902447
1.42389497824
1.10667293489
1.09239803248
0.629104323882
0.695860050368
1.48737942318
0.653438660168
0.649137676652
1.06837710096
1.12491679352
0.762233294445
0.849238501638
1.07217577737
1.05462334199
1.24342594124
1.21008634758
0.799661827029
0.841131776173
1.21535238899
0.384284025473
0.923523077111
0.762539205667
0.595785736667
1.25681827477
0.536007399856
0.899900017288
0.588022992158
0.653241214561
1.33729848544
0.748608069636
1.15631348005
0.727513613541
0.621745605255
1.12227496797
0.877242784958
0.468742054152
1.28231518633
1.08716486929
0.913970105167
0.326938640365
1.58499958749
0.189488513555
0.954991475301
0.578244461949
1.31690876187
0.727950215647
1.02814865256
1.06258463258
0.955522353727
0.997558124442
1.31769844762
0.888097316095
0.686255067225
0.665824319941
0.730342388132
0.716462253215
1.20360973589
1.09463076179
0.320438444934
0.966410065393
0.194781144069
0.365346023444
1.17842409882
0.647450512225
0.920366752514
1.14872008474
0.772520646982
1.12194596921
1.00733073117
1.3398081
0.995536804767
0.529460336826
0.261455130039
1.46168890454
0.46248665683
0.995434906718
0.531842938625
0.437322812535
0.512223596562
0.908282532286
0.390409977639
0.173636259527
1.40749579117
0.798975330127
0.466035010719
1.221472902
0.574010596657
0.3401148848
1.26449802562
1.1425005769
1.2807307003
0.414304527978
1.07224634277
1.18142593504
1.12537566933
0.45089412799
1.12448978788
1.22781467138
0.930349200337
1.05710544317
0.799676035586
1.02915206915
1.04967388986
1.39070855198
0.642148005168
0.77566392696
0.676772381306
0.504490135773
0.608270157056
0.945841763475
1.40172132277
0.310570056056
1.0300685393
0.599127067273
0.494957677358
0.459710410949
0.330274911581
0.417051240277
0.87954424692
0.976398140129
0.384847547128
1.23190974325
1.0346392815
1.27580312266
0.363089210765
0.679456856032
0.937731760156
1.00392575155
0.58421994351
0.515518895413
0.709408180734
1.19159249112
1.18509448219
1.46776900843
1.33334045253
1.3706464245
1.14668253814
0.72163121606
0.37787788792
0.146565763609
0.712545864831
0.449567185919
0.585804857379
0.697977736328
0.891140720169
0.580363227626
0.437039249916
0.697522668281
1.25655244206
1.49817828196
1.47532802697
1.03641799059
0.706049680633
0.419886544786
1.06135165654
0.418008626009
0.986123024163
0.782941731642
0.834884672153
0.79686172917
1.43883894339
0.635128930306
1.38741354896
1.24314261411
0.9493377618
0.591543452745
0.673399162575
1.11611247464
1.10127489032
0.695923216094
0.521339082326
0.984748403135
1.1607562067
0.445158539153
1.02693446833
0.60602144138
0.792841528233
1.22835011632
1.17360216199
0.78095568317
1.18187504346
1.3102346751
1.09923543706
0.965673636387
1.08609622876
0.910409290739
1.57949830145
1.46289495623
0.84268825311
0.61624120845
0.464547400254
1.17344593851
0.565978792616
0.859502513351
0.684222283821
0.73419101077
0.895229856377
1.15056122801
0.553798828735
0.80045410314
1.10151769729
0.447821847242
0.630143117939
0.397425494162
1.21948121827
1.40943206093
1.23994747805
0.958848017047
1.20992814067
1.33089890889
1.36273683476
1.12316926574
0.753205378546
1.19016926371
1.48508140468
1.07091248067
1.29393335968
0.579347208532
0.595219094547
0.525382572674
0.864505710438
0.609792046979
0.44503641557
0.268373231898
1.40430700547
1.12346352298
1.20718488165
0.856153806003
0.504598936687
1.44229723669
0.800954710864
0.415144187903
0.424255579727
0.370120158349
0.7167311562
1.32102015384
0.82928956706
0.71298974244
0.900601519407
0.466656369427
0.643370299621
0.829454361697
0.950653589206
0.507957393902
1.00701275859
1.22862178415
0.70784782847
0.982625114448
0.600752718473
1.020704808
0.659085165723
0.514723799845
0.967194707064
1.00607812617
0.447689064383
0.53945719984
0.334391615447
0.558888432868
0.821255434549
0.903446441573
0.897950588074
1.07233975583
0.933156322637
0.53052120773
0.818338671816
0.818806953864
0.448541774264
0.898854300272
0.433593888407
0.264384405412
1.38874057689
1.05788604398
0.942650915553
0.462626919339
1.05441344915
0.629515488995
1.17552602936
1.01030697303
0.724177643795
0.444140191087
1.15608232407
0.83230412347
1.27460685712
1.10852968435
1.05918505036
0.401111447264
0.849068984185
0.628677083144
0.987657770919
0.550224274332
1.32616341765
0.438621387905
0.915929108993
1.18388902059
1.46736966509
1.67013107457
1.24891058831
0.746062036829
0.826962809575
1.29707536973
1.36108435383
0.628842523581
1.26904489862
0.793091194196
1.26293079332
0.402543086287
1.46602627264
0.338203958632
0.765569782756
1.06297651219
1.17732840697
1.0686123985
0.873129669949
0.44477700784
1.15192613342
1.03638964931
1.25051801127
0.564215254157
1.42598581892
0.950257929858
0.998777343215
1.08762018419
0.905509093526
0.847307165617
0.575355452192
0.725153160219
0.740727632102
0.746983021372
0.796447571773
1.30501149416
0.481445196722
1.07034909945
0.728623911055
1.45000417603
0.664480955473
0.676430800393
0.622804326221
0.992701411545
0.704319820366
1.04283116034
0.341700669665
1.13873987013
0.506910895749
0.513525813107
0.865033339282
0.844042538162
0.683766274367
1.01279061141
0.495793913351
1.25615419444
0.666795546769
1.3686030473
1.18219115178
1.11340026529
1.44897644512
0.542327160438
0.776567150908
1.27640865803
0.888837489096
0.427814963965
0.593175254227
0.595471643621
0.95059561927
1.04119623106
1.1959838792
0.714076490854
0.251460459304
0.52711943072
1.29955909574
1.01866101635
0.902894991143
0.584053156085
1.05037591395
1.17396570854
0.572555741054
0.52494888617
0.601581009326
1.06864772163
0.600677908776
0.564550811694
1.0372514313
0.782670146872
0.474204187897
0.256403126568
0.472964030221
0.26937315102
1.41932748139
1.22129468855
0.65594541316
1.07230169737
0.440868667701
0.905385028566
1.11021359859
1.1562188135
0.375261005879
0.680371582663
0.440248522509
0.524559053721
0.918726763058
0.728925921344
1.03306143477
1.09117711723
0.958151672469
0.574183506245
1.39094076079
1.07731312876
1.46107115242
0.825804600718
1.03089688733
1.03845589133
0.72289317411
0.650751429136
1.41520884493
1.21826884006
0.95515984038
0.490418666452
0.882853874615
1.01177664462
1.61989465024
0.959066094373
0.617357997923
0.80933909808
1.01275414253
0.390304650784
0.375595837959
0.692845775416
0.904611457715
0.95537708299
1.08840177661
1.20194767862
1.31036956123
0.510863485644
0.385342258079
1.05852962055
0.768909545281
1.20874540741
1.11088834404
1.23745476748
1.2914411523
1.34029293615
1.17477651426
1.26331108931
1.54699310139
0.613906424911
0.926278917946
0.437751296003
0.691223737198
1.3581369904
1.02155609284
0.408265116836
1.18545990555
1.16814044757
0.918711836761
0.664132130201
1.09898383657
0.935723077582
1.19924840685
0.634482505919
1.2295564348
0.849095366855
1.10499911002
0.744995970642
1.18902666424
0.685047801749
0.677053953519
1.3579903727
0.510022739485
0.848766160881
0.508768134276
0.933947967725
1.27553365785
1.30369702432
0.339364894369
1.02503169716
1.04522768096
1.27007637695
0.747090787414
0.90386718524
0.452602689809
1.64476167911
1.15567032474
0.530905953884
0.869160481485
0.511315313331
0.419114698928
0.584039052934
0.741887361776
0.750318204247
1.29488293171
0.36333410962
1.08053423589
0.886242770508
1.16458288113
1.12252593303
0.950228024849
0.629563667027
1.19753948206
0.960983022047
0.886265319212
1.21117395833
1.1293257537
0.691008647354
0.437088204136
1.17600014071
1.27337650248
1.07169758434
1.16690812797
0.566832081876
1.1636628372
1.29499672848
0.521249947496
1.02814564348
0.726256347191
0.908878287836
0.748490143197
