1.1256219886
1.18337697031
0.91485969688
0.45660069459
0.700987846363
1.28711844266
0.322861829663
0.787285631957
0.643693220768
0.894545879859
1.00680111523
0.762296236934
1.13334732935
1.20934223813
1.46522659899
0.955274623484
1.01701986043
0.425118784061
1.22684024869
0.760274534555
0.334007170151
0.750340196194
0.921580546897
1.13479456011
0.53316968497
0.573983045896
0.213964838858
0.520489986161
0.342573259824
0.727747241377
1.12465176604
0.392313299518
1.09832757578
0.599928224568
1.27772128284
0.667962922817
0.552110853654
1.43091882537
0.434428792592
0.965933998261
1.22194186505
0.472285468602
0.632071252037
1.13299197343
1.2257609243
1.15315613582
1.23634722523
0.351325823417
0.795225877318
1.33113866433
0.545130859178
1.28584676479
1.05063937558
0.564187053458
0.79812346146
0.706026484977
1.21037452635
0.562386654966
0.858180008058
1.34591266791
0.665015762801
0.962065717098
1.22040219619
1.04603314096
0.72128333989
1.22398880332
0.831777510438
0.677063167104
0.373192414258
1.41816459353
0.63662480506
1.13029295806
1.39531364641
0.401526752976
0.792273781765
0.896622586061
1.17101467999
0.565365335816
1.21319470158
1.46479231971
0.258795014063
1.26656239935
1.36870712782
0.895480492725
1.20396479165
0.656181324079
1.08446170926
1.6565320064
1.10209099375
0.67343017549
0.366417306302
0.815060196759
0.680405884389
0.740139504309
0.896243766561
1.09146446765
1.46070591195
1.02495671445
1.31434296414
0.425522751105
1.18207153932
1.11635442693
1.00813901798
0.608090554939
0.845303430221
1.37283603377
1.31326876404
0.7598769231
0.900113160581
0.872618658441
0.746157989998
0.620209127171
0.561595650719
1.05899263716
0.899689062892
1.18474789589
1.62503833738
1.03184631888
1.15184597885
0.616005434442
0.813463720294
1.16388276844
0.552568450867
0.705842175047
0.571282082837
0.986268976431
0.271244342162
1.17221452896
1.09652821219
0.70656378867
0.651294712961
1.06334102817
0.485692090585
1.14498695823
1.46614357593
1.42202300233
0.554608233887
0.514197587746
0.320274890046
0.714355079696
0.906417581047
0.725688343265
0.996144995896
1.33996819659
0.545659003509
0.666236887336
0.938996860904
0.312279976555
0.685938548073
0.259161751644
0.529800362765
0.550480167978
1.30795008479
1.22911647474
0.787523067326
0.92243311399
0.884594411793
0.471104835115
1.13089878369
0.505344022246
0.41465535225
1.20626941153
1.08145024859
1.2452660633
0.67806187074
0.524413931205
0.874871029667
0.45098157499
1.38783749385
1.10861268121
0.863199931694
0.75636640327
1.05472207224
1.22305530581
0.3310443666
0.843125567933
1.36950659162
0.476223313904
0.995270224691
1.04264711179
0.577796322323
0.484934029614
0.935501658768
1.30071853584
1.3617585965
0.984447788918
0.841494518701
0.669623408651
0.685284897988
0.661668709591
0.590877751908
0.933412673301
0.553420633885
0.85409969558
1.18225419249
1.23783058991
1.2568376254
1.31490015097
0.722563505207
1.06524026592
1.18769692931
1.22304528681
0.820933636244
0.895609937806
0.521500149556
0.819468240537
0.896352806898
0.383021697114
1.138603764
0.298424225225
0.701302795547
0.908766741258
0.845548838591
1.09682532552
0.305406512806
1.27017191347
0.406566572625
1.35836107761
0.627412780202
0.753905645619
1.31551985249
0.616153849071
1.40933904498
1.44778553886
0.513756635554
0.472899674077
1.38972639045
1.12495114369
0.2829317494
0.825530734134
1.22027417599
0.564293177952
0.449618570573
0.878889795039
0.458997461267
0.929722682334
0.224086170213
0.857815347219
0.953502921723
0.0808785708742
0.957973206448
1.12681805942
0.872306836703
0.62313994601
1.3749759575
0.626437729546
0.470477290299
0.742203803888
0.649508076457
0.860966601431
0.65290587934
0.944903147708
0.761090995004
0.772417393304
0.614652450138
0.518002523294
0.953622397394
0.629631434899
1.55034157025
1.06494265437
0.600149422821
0.825958540797
0.885234299697
1.34268562142
0.811479908114
0.862458906136
1.35334151453
0.805761573133
0.910054885997
1.3504091132
0.952623446171
0.365349874679
0.427865455451
1.07479600837
0.449632605483
0.418972157833
0.371902769756
0.873065190052
0.588351130718
0.839518123758
0.271985604276
0.80169413907
1.26736671611
1.05100566949
0.351029940883
1.07302792947
0.821519554395
0.810828847124
0.486535355838
1.31967754751
0.65475610687
0.614424029678
0.639396944516
0.852938803321
1.13438911482
0.572808285839
0.679536128201
0.392449820739
1.23520318807
1.10743143696
1.05683605878
1.07404969556
1.04518544618
0.526032315683
0.43680124126
0.440667693484
0.728309134024
0.497419175497
0.712395254893
1.09138894904
0.85949553407
1.38448880519
0.720901160753
1.41785584074
0.635706294772
1.27635467524
1.30189204914
0.311161618495
1.21286473877
0.616593697989
1.04180021382
0.654374186466
0.40314499169
0.420337695284
1.14765883377
0.795729571767
1.19534631684
1.13462486609
1.10575794404
0.897530503295
1.18776795124
0.37035147146
1.21203953151
0.663547469388
0.695291752936
0.769713184921
0.799155755958
1.36384424033
0.596110479928
0.638993894219
1.07613933029
0.415145181556
0.829990733021
1.33061261727
1.12624322971
1.20340968859
0.379830111421
0.92122366069
0.475933073415
1.01605814298
1.09037885758
0.979113226659
0.634599303222
0.983581167128
0.315771190454
0.670227146153
1.03853832763
0.869429335497
1.29010664465
1.07562040734
1.20365002479
0.816913749964
0.469924871795
1.23861719502
1.11338751154
0.491130395006
1.32464145401
0.501508222447
0.817103646823
0.668725547025
1.46833252408
0.55369112334
0.709633451095
0.900677713112
1.60949666348
0.817705638377
0.859370050249
0.957819423374
0.558017320759
1.07348889983
0.937221612622
0.357837020414
0.671878408642
0.428614430239
0.927626159388
0.516071537134
1.08536116453
1.19671319261
0.838555504081
1.41581745895
0.991257283282
0.669859020095
0.39511060337
0.452880493396
0.639512911725
1.38914027315
0.993153550804
0.43367513029
0.430662199243
1.24312161817
0.884747452642
0.963253791985
1.20103692852
1.23833410016
1.3909399524
0.977581915775
0.581320826961
0.480929803774
0.870664850259
0.599930555589
0.705356688841
0.962553581248
0.866477807826
0.484677346199
1.24540100446
1.36737157066
1.52275723817
1.12549859114
0.426840592795
0.480343815449
0.889731651769
0.608921790702
0.602428328615
0.790821731957
0.723589163613
1.24122884905
0.405041701864
0.323492923622
0.919497062054
0.428137090402
1.04184736826
1.1668936634
1.17097966736
1.47922083917
1.10320219523
1.16823128338
0.926118457199
1.32236081927
1.03931699947
0.43756014696
1.28966863337
0.9370884292
1.2586336285
1.37210440206
1.300049059
0.789746958014
1.08283669935
1.47800254467
0.425844463231
1.62385295263
0.534589086209
1.03665559246
0.879374824234
0.964335590046
0.86457289879
1.44586749559
0.580378753437
0.912415471821
1.10624035488
1.20677226552
1.09328589767
0.852661735714
0.801744499145
0.688542054665
0.81589606429
0.587426585596
0.611877862988
0.430808750375
1.08907076052
0.359559523684
1.16889062576
0.813178893116
0.912881691832
0.746057091528
0.696929712056
0.799284213279
1.02988595112
0.800876307173
0.462876815235
0.621307945162
1.20126150233
1.32618582666
0.976209780256
1.16099805697
0.193676624762
1.01955287361
1.50017078578
1.03121753179
0.567226891955
0.635453100085
1.32151181247
1.02143703686
1.19670608959
0.94613799355
0.312068602702
0.925753523719
0.814685305516
0.617483426953
0.247425367966
0.926013158527
0.786758315774
0.331089274075
1.06404461291
0.904053079634
1.04622254114
0.594420772537
0.582234822407
1.05216137634
0.457808764748
1.06493301374
1.35829941646
0.416601151255
0.676177326607
0.872388832089
1.07024428899
1.03385345814
1.24332844914
1.05066578935
1.50933181811
0.675662118339
0.857562165428
0.416062671432
0.455902973891
1.2002945528
0.943056957388
1.04216577995
0.785379867028
0.321884805079
0.650876398133
1.37768300106
0.740452708059
0.731303257187
0.623390073334
0.376510764554
0.987913070132
1.21603608505
0.561325840097
1.1578151373
1.01754391123
0.756150177135
0.91117981726
1.07070982904
0.479879670989
0.341148681261
1.26668545784
0.569589414243
1.12936819204
0.704330458375
0.689864216009
1.15263432619
1.04581814964
0.873629329042
0.946375784069
0.926649596036
1.62017327272
1.27177203343
0.722929562985
1.32992521633
0.476894894308
0.863439038596
1.17644712929
0.599876700003
0.630571177288
0.838070665006
0.734779466473
0.71109584653
1.21751709098
0.678026211365
0.586736705364
1.12046485784
0.677386256654
0.995613675656
0.706124248645
0.598730718958
0.799564142931
0.852054709976
0.577173294138
0.925084172584
1.08176173012
1.2124949722
1.1884092389
0.39382119244
0.232944238459
0.782160322112
0.79125916021
0.717989798709
0.773566541733
0.574389697344
0.979884313395
1.00550103859
1.50201166604
1.04178362722
1.19179512472
1.39317836086
1.22259780784
0.87036158652
1.26148735139
1.14443482664
1.04872479347
0.648855193496
1.25633571396
0.538436604877
0.671989917996
0.774413154071
0.867048416982
0.477689706097
1.10431625681
0.707527196184
0.799343411618
0.532348457046
1.6328169512
0.464275841112
1.19919984624
1.47079130879
1.15427977211
0.420101947443
0.901933178003
0.914066658014
1.08010228899
0.987396128213
1.30845183259
1.072307864
1.15358040754
1.37424279183
1.33554206858
0.798187809113
1.19857442503
0.811106153046
1.12078127664
0.941313020997
0.366737438174
1.0784083717
0.743453275724
0.794806172064
0.760340639178
0.473446406727
0.826194362503
0.617662870892
0.470872879675
0.331996613251
0.981206180663
1.01176342759
0.952809703516
0.305686394698
0.752442256972
0.453182545364
0.711243301847
0.910024336705
0.676326841801
0.484853578371
0.670926803025
1.21216586912
0.76822802378
0.629044021892
0.386874177158
0.433975030227
0.808805837421
0.784264705755
0.359125284281
1.21020136325
0.955488338452
1.25322944335
1.13776628409
0.689831650738
0.505202780322
1.01991842298
0.379140979673
1.44728501313
0.902502807871
1.17314898428
1.01431899738
0.940365440501
0.320903068855
1.13194639387
0.736890253877
1.08186759196
0.956476817754
1.05047021267
0.680471204246
0.774991873143
1.00951621795
1.17948845293
0.874447109552
1.50222544913
0.613374514743
0.872341929295
0.616949689682
0.875878119043
0.349216966755
0.674645032423
1.11630100957
0.944205689399
0.458175168261
0.826509715438
0.381715897718
0.537013322301
0.468461237199
1.33602997584
0.735500182756
0.6425656008
0.596453010432
1.23219886638
1.64862700982
0.817297782123
1.09447080774
0.70300655067
0.65230773319
0.232171910115
0.431548292225
1.52480879883
0.409432785182
0.439049835632
0.703048833577
0.622643576391
0.436415355527
0.303122149452
0.7117380551
0.875868005314
0.380483054312
0.843077499809
0.635456576767
0.439243072608
1.02556603702
0.981365038652
1.26978835001
1.30784332371
0.731319338761
0.945274318008
0.738169993896
0.855697001281
1.11361229947
1.05499929879
0.865933009869
1.55945201365
1.30825503114
0.731260491312
0.671589842215
0.46730464167
0.871224064481
1.15892878863
1.0465544938
0.697159392507
1.23596259314
0.422381999272
0.47767247247
0.345259275357
1.04730572348
0.551847369787
0.571018273488
0.421430678915
0.509228560394
0.512344787639
1.09411269396
1.06615030819
0.428940721456
1.01693478964
0.382976707585
0.476439067262
1.00979284969
0.141752350902
0.866680904856
1.18177784783
0.652715833915
0.846986695184
0.568309303643
1.20567063365
0.385810742963
0.654711865858
0.384303235837
0.830808216156
1.07629112172
1.25386305997
1.33904999909
0.916875942895
0.29121413546
0.848941980948
1.61466925099
1.19435124518
0.616482507433
1.18373943971
1.1151534881
0.694839765025
0.491217737019
0.579891115335
0.609708429092
0.643142758603
1.28156069639
0.702406151611
1.09321610165
1.2029464152
0.60014309037
1.24549931634
0.56106633697
1.32767788768
0.502503091792
0.93915406203
0.850570872926
0.70625071697
0.641265262285
0.929439307029
0.908384196004
0.666345703863
1.1429322107
1.33618319371
1.0392731812
0.860939724726
1.01838768056
0.295128333795
1.33013692663
1.22539185337
0.607537439395
0.518457107447
0.88065417818
0.539589915004
0.339767897468
0.374372300089
1.20302436276
0.656023791692
1.18407952853
0.819176941679
1.07610033905
1.32299102683
0.435690554085
0.605153195923
1.29251667331
0.644798481596
0.75880578935
0.651518741529
0.976924427327
1.01382468937
0.692812300658
1.39454709195
0.991644541888
0.801765736832
1.27710921309
0.430964815362
0.567900339169
1.12314202357
0.473601880677
0.895364928292
0.430844928996
0.967290849049
1.41830566948
0.671327976631
0.549949981072
0.852735587312
0.451544136331
1.47857174835
1.09808537342
0.983219175061
1.00118826261
0.488989589429
0.6685035042
1.2755644149
0.754417336489
0.574207979364
0.82881666989
1.14578981194
1.31911341345
1.14721303333
1.21256193058
1.29564133979
0.535235595281
0.959888891463
1.09603341308
0.902499336206
0.965179800314
0.823140320086
0.859785906744
0.846152663008
1.11294824275
0.925298869992
1.51569898482
1.41769188356
1.12384394952
0.501878032902
1.42645408304
0.780870576965
0.795377060916
0.985350556173
1.19529334112
0.698560677256
0.942929588378
0.691138228783
0.434844957996
0.794649082
0.787118126966
1.29690204603
0.300649274524
1.16963531857
0.813823268703
1.05092029154
0.403569368207
0.790504051293
0.671582951044
1.10891285644
0.916954176214
0.66617516879
0.625450594591
1.31598348359
0.944269338791
0.534759326942
0.967274082061
0.706612581603
0.868166424876
1.0805636347
1.18465196949
1.2357742906
1.32259742522
0.75575057042
0.778681711005
0.731642918465
0.56799081997
1.1755322375
1.24147178599
1.19463564676
1.19996243449
0.89210012915
1.6149022315
0.364433745574
0.630859219944
0.428014600802
0.294959636607
0.922530745955
0.637091718481
0.539916934109
0.915499380895
1.30225337206
1.18263306748
0.748294248417
1.05891853434
1.32022024429
1.22247576202
0.596260154286
0.917506332703
0.426785098303
0.599340048441
1.35630347772
1.27822007652
0.996905416806
1.4484152117
0.857268659703
1.24018177509
0.527236058182
0.969721138433
0.682713866939
0.849166128573
0.560503006423
1.03682811825
0.505757176235
1.49556768047
1.18483781101
0.510051906493
0.950525265774
0.743528231134
0.567792728813
0.421809255387
0.616732307154
0.912404962325
0.743019870772
0.831216420286
1.36615980908
1.31922968862
0.51851578163
1.02266645673
0.750580506133
0.632998200027
0.984229201484
1.40708739608
0.3777029687
0.747870864538
1.17110861763
1.20353585216
0.442693047011
1.11462615818
1.51362252124
1.06817314064
0.336988437095
0.367626677145
0.639821185513
1.36146459942
0.635800577104
0.599724977473
1.36854467975
0.746626231013
0.336490201871
0.31446433657
0.684211924534
1.38486845449
1.18733357831
0.826927975124
1.04018021632
1.06976290831
1.11358454513
1.2241661945
1.05225045831
1.12122071894
0.169356469252
0.732388661812
1.01577842875
