0.790733958303
1.05574619336
1.06136021375
1.02273897453
0.556005974116
1.02406043567
0.848416925735
0.473733142637
1.08699300663
0.637390341679
1.27880655029
1.11003399128
0.544550152772
0.800790215031
1.06899109764
1.16736212594
0.443273208675
0.87718620804
1.21692622629
0.411560901792
0.655132050842
0.371788373517
0.882635225799
1.34723172691
0.82755761721
0.75360990963
0.975524364555
0.506371137625
0.624892713111
0.783562745805
0.452556532656
1.20505817304
1.45788131908
0.48242195079
0.69062185397
1.28485955027
1.27911158045
0.530752422372
1.47629172128
1.42586948232
0.976997037959
1.09115764614
1.09780837496
1.04141336584
0.525826521973
0.423645861056
1.60216940976
1.654782477
1.66380128964
0.429727423965
0.752246986071
0.764286582211
0.947488917112
1.72646983056
0.839103445824
1.09141969201
1.28981024702
1.05490042077
0.829417512765
1.17298202359
1.24562779513
0.697005275964
1.11722116895
0.847372298017
0.702050615187
0.908690580983
0.736968516672
0.671703843177
0.882423137654
0.399004477091
0.5741821202
0.540644552989
1.02088814879
0.426741916975
1.16943082956
0.907679726166
1.0378062673
0.345921609325
1.14004983822
0.433447451336
1.1350562425
0.563100948337
0.666627142181
1.08218140827
1.32189672581
0.831183342557
1.25651009018
1.05521155467
0.59091692565
1.13970061553
0.457515418556
0.627713718476
0.304748052909
1.22635134033
1.16222344403
1.24006705066
0.716598125876
1.01483021345
0.464580452347
1.49619867183
0.574619884944
1.11222845471
0.492445803958
0.947377260823
0.525908207104
1.16136940361
0.430668277125
1.33687674656
1.3414367214
1.03243096456
0.779049470949
1.3552540234
1.28763016007
0.517318357696
0.724528623162
0.331773000944
0.421636231811
0.406846863479
1.42138266632
0.494010466243
1.24893676026
0.411790338577
1.06186656039
1.21226636193
1.1193449133
1.05233526012
1.10676137126
1.37768872903
0.703140607588
0.955970859234
0.876032489927
0.715851168786
1.09935896057
1.22656794637
0.517458073507
0.357486884494
1.07204003443
1.22112292657
1.422112468
1.13654568791
0.548901091477
0.867607316359
0.936523806419
1.15402856126
1.47053202468
0.549224919868
1.24703800739
1.0333301176
0.376442615287
1.12601782806
0.568155321376
0.565812077366
1.16192838401
0.158172145088
0.934973213824
0.422700627417
1.24205544296
0.614061021172
1.13738805199
0.675374332007
1.2891484539
1.17618957974
1.13690394874
1.27123259229
0.720413497549
1.01788203043
0.402290812651
0.514747179451
0.8613991936
1.46123598825
0.863030327534
1.2575966036
1.24064520437
1.21860655499
1.17018636487
0.754153247842
0.438150961273
0.410823499372
0.78491893374
1.62389008405
0.915991423886
0.329954760317
1.21425753804
1.09925095152
1.15202696539
0.587220450109
0.829283163883
0.749853393867
1.08519699973
1.40918866428
0.246225794294
1.52763254594
1.52874047316
0.566282391025
0.675058537512
1.189244783
0.536224172542
1.01922745322
1.2302758107
0.592560779305
0.408389258803
1.0856175015
1.39936123141
0.401091283809
0.881604254462
1.00130487094
0.884847567223
0.413252995128
0.917283126695
1.21036651345
0.603085381989
1.43549217137
0.894982483093
1.22062910285
0.634304825053
0.634175455235
1.13455162994
1.55263820204
1.21187074944
1.15338256021
0.63305605541
0.771380482282
0.755723922292
0.649319037665
0.586571045891
0.705923496998
0.272767031825
1.13764329416
0.464876451931
0.465030872186
0.896418632286
0.510623685382
1.12600413566
1.40726378215
0.896841514728
1.12939405799
0.666851015812
1.14510946315
0.951224448032
0.569200147172
1.23210709249
0.727392419506
0.603799399711
0.326161930672
1.43076765128
1.18764449208
0.69355475315
1.22983180152
0.451942971109
0.863872286362
0.80729983947
0.467300372491
0.607217962391
1.31556876416
0.707910033188
0.437347671481
1.41439080644
0.886897790446
1.2773828778
0.52665594008
0.792140063831
0.680771374168
1.14018225844
0.929725667115
0.661494587777
1.38444324343
0.337510878831
0.918590632868
0.546205606799
0.814208730671
0.892813875435
0.491141017103
0.619402876887
0.918629435961
1.32090050683
1.34478365069
0.656886703867
0.63619175119
0.356030396792
1.18972224023
0.773954248541
1.2363761336
1.29828514359
1.23674166764
0.864730395997
0.826067234993
0.732367586978
0.502002822843
0.872562973917
1.45178863149
0.935369835599
0.399051709379
1.16850169385
0.788193608807
1.16093358146
0.650279118598
1.11551077966
0.499603547235
0.462994937246
1.04402412723
0.254410901364
0.352833152996
1.29912268865
0.803633131517
1.22773749459
1.0487205077
1.1782253002
1.26823925962
0.72540955882
0.969294471201
0.987775371494
0.689590433674
0.314824019352
0.907734058798
0.928278021074
0.734780458528
0.485376286461
0.610898380869
0.516864060071
1.25999654913
0.39204173073
0.528164087554
0.855780596052
1.35747766899
0.232218486555
0.577716186135
1.15730322089
1.16608015711
0.495664185563
0.780099602387
0.710755265958
0.964356814481
0.558975637219
0.501381456769
1.14731284534
0.596989709327
0.967592468275
0.320674208852
1.433983132
1.16354669767
0.4741805052
0.483852411195
0.537182479672
1.1714288905
0.495164274607
0.469280570121
0.638572791374
0.784586634015
1.06021126242
0.724296660075
0.679484904722
0.449913485317
1.31859324396
0.608095089142
1.03955615054
1.05508585945
0.531769863569
0.332723824783
0.771723493356
0.192508013041
0.436780777201
0.84271698092
0.791193460303
0.732176658312
1.01056743186
0.814488530779
0.6066559442
0.96907661693
0.545446347857
1.21861801268
0.504242269638
0.547804364446
0.790732823025
0.494845472038
0.952610858215
0.476851246011
0.714651635515
0.645556688138
0.96360149709
0.938675905226
1.21136355268
0.723772850021
0.387868445142
1.12893665451
0.657470506348
1.11218593905
0.398056987199
0.262600397422
1.06672233151
1.24788330206
1.06026663139
0.893218916663
0.815061867742
1.04558644689
0.857783200638
0.905479374208
1.24362688986
0.37251073345
0.795381674526
0.52474997271
1.39512029161
0.609663259908
0.513554351695
1.03450567832
0.943635708553
1.17564551425
0.768631635824
0.761057060788
1.32538552491
1.35398705177
1.03913082816
0.497621503591
0.777613220568
0.410475786609
1.12826753864
0.850720353121
1.57603487811
0.662642497126
0.933114982372
1.25312563753
0.945256622329
1.17940988223
1.40145264154
0.570983087485
0.895752699036
1.15667871822
1.3931316011
0.406279690885
1.19758776149
0.471439521291
0.972987825416
0.972889164904
1.07249210422
0.908375864935
0.764054732059
0.559040712507
1.16751996065
1.03113844682
0.55365770445
0.523519253054
0.618065417382
1.16843012169
1.28187711688
0.512523720812
0.938964960228
0.945953398086
1.18536928847
0.838706217204
1.27232358432
0.632919271769
1.1643092493
0.850044466543
1.16454040053
0.690611531887
0.442086542625
0.45008552592
0.699025652806
1.06089034997
1.35740425885
1.41951058653
0.645397402506
1.12101539967
1.07586237887
1.10508880371
1.14787686369
1.26000407306
0.525963487462
0.346695928982
0.356598205096
0.670393786507
1.11393807571
0.593964233247
1.03401221832
0.421064820708
1.14269462235
0.825305773132
0.949706015667
0.867845277871
0.889235555709
0.569055800084
1.29625012918
1.39548412934
0.954972436365
0.386062330735
0.339464407708
0.415419323133
0.592625034326
0.726030061419
0.533862247224
0.653430862226
1.06099091311
0.946488410764
0.695693853231
1.13370285477
0.70721518003
0.707884264415
1.08158051582
0.680767192764
0.669662310693
1.02238355255
0.633748091467
1.20985160285
0.635151409937
0.550648101866
1.40298406038
0.898336046656
1.36012264896
0.99878066436
0.677570624707
1.34373894307
1.32307974872
0.71872832376
0.761972891815
0.948303799559
1.25950821432
0.709246382903
0.500360209869
0.721606236315
1.28395544691
0.990809080307
0.411283824289
1.47563359715
1.03676177703
1.04317253742
0.556194298976
1.26032298912
0.553503270984
1.42376702599
0.583561502097
0.514310022884
1.00070405858
0.610840118264
0.509973179775
0.955608871717
1.25593598373
1.0364323216
0.744962317074
1.16324641676
1.12614689725
0.552439063698
0.960991758549
1.13957094196
1.138510788
1.26808036086
0.438139002502
0.677408025032
0.854889419274
1.17548778928
0.404295098028
1.1291781124
1.36711829659
0.566498152286
0.457933003532
0.474027091345
1.23295116541
0.918874804353
0.315784160618
1.0383816556
1.05977176477
1.36461257304
1.01289167189
1.43835795526
1.12096951036
1.2054387636
1.03230435223
0.427074938908
0.519023592144
1.08792863102
0.546026514689
0.516750979601
0.771460161613
1.46917104325
0.785861968506
0.591221021062
1.30576148319
0.70421863777
1.40911669778
0.386135831548
0.8528154243
0.248040934076
0.650367144038
1.25993697409
1.08231545868
1.4744592519
1.46985046315
0.631217965701
1.02728966263
1.08901940592
1.09126073439
1.0667582409
1.54735646956
0.950697246253
0.977978829519
0.726730212299
0.933323493967
0.730638020987
0.48292538128
0.978171362046
0.730675441551
0.815885059435
0.467162116649
0.921411879996
1.17982472229
0.61277719291
0.801584306148
0.921558052334
0.467373648778
0.72997018402
0.475337064507
0.686978754869
0.603201114589
0.676706904261
0.58958894751
1.07500291356
1.13642070966
1.4528371248
0.272947500464
0.821978773801
0.390045184804
0.607394561211
0.723599172727
1.11306167331
0.656140231012
0.537633060638
0.95500456136
0.965122206185
1.33073143935
0.752191171564
0.721091329398
1.06923756585
1.09276890556
1.22162931544
1.53409333897
0.974960266555
0.537786509739
0.517663548167
0.933082801334
0.760672753175
0.284640752373
1.16244662446
1.55059868635
0.279716657947
0.599124987385
1.21306812417
1.3926135907
0.898932582587
1.11349576093
0.24227968
1.71800526863
0.717612732579
0.904161026806
0.650949894299
1.23213250526
0.858413899201
0.796878978618
1.58397703616
1.37944248223
0.473070917627
0.499756812917
1.18910672589
1.21548584085
0.467080418189
0.599856242487
1.12987683804
0.903367187621
0.475151311625
0.984554299367
1.08982610646
1.05866865503
0.589031423567
1.28181060703
0.528057623375
1.18633297177
0.894037175944
0.966659166705
0.458694399075
0.457666013443
0.397875949994
0.489037636528
0.691339154328
1.07682416633
0.713068592814
1.14939966567
0.94708412993
0.719612109966
1.34945806694
0.503664793544
0.33512893831
1.17079056134
1.30818143731
0.334683576301
1.09734109943
0.873641338067
1.16481272715
1.513485236
0.761484557703
0.894581694324
1.10375688471
0.397143918832
0.718795115108
1.57206130464
0.401790235591
0.690851208282
0.7299035653
0.933654966827
1.13863610492
0.404880134146
0.469022064258
0.435123204207
0.71601875633
1.57263675281
1.179540732
0.645888815635
0.608731195783
1.09317650456
1.14238727362
0.911259402406
0.376069342265
1.51731447688
1.03079298908
0.534852301283
0.560164133563
1.1036708127
1.27764716992
1.08571784048
0.555527409473
0.741447428881
0.485604485514
0.82767586588
1.34633234192
1.16977008884
0.708549218433
0.894630923443
0.915826936267
0.472535867489
0.921028753986
1.23257824629
1.32072202221
0.625562073617
0.554265380754
1.14452945337
1.06558005636
0.310617688585
1.4079711492
1.13361566434
0.957267579554
0.83070688477
1.12475905309
0.422187647968
0.367591286034
0.375215306348
1.19498055808
1.36434892117
0.918273255098
1.18598626156
1.30070541203
0.787682243934
0.937216185525
1.3960659087
0.880911411333
1.30419838637
1.01999146117
0.595330540006
0.707902295607
0.413730046647
0.431700815684
0.270905957132
1.02281542452
0.790113536701
0.542420620344
1.11600000879
1.18379728687
1.25282449332
0.942053887216
1.24893286109
1.10667566087
0.808468928613
0.463045832101
1.33499415208
0.751842626948
0.571111037707
0.280849131106
0.729257310653
1.03190202345
1.50641891844
0.886018612273
0.517923723814
1.15590587581
1.04023512042
0.409917697988
1.12603318815
0.601120865433
0.964584048851
0.632664469883
0.359028199503
0.677044580715
1.16702658136
1.4076988213
0.594500346806
1.50460990779
0.589718028726
1.17177476651
0.991047375502
1.10357379238
1.01811365005
1.40363627076
0.441651394262
1.25047649999
0.762767724243
0.487147091093
0.857687516264
1.07950283579
0.912858711952
1.2999155571
0.701744046813
1.20612064333
0.745974401156
1.28907595111
0.933359658852
0.967545901262
0.745255754398
0.259664805124
1.13018814453
1.28876887631
1.1363312156
0.252376585423
0.797387134107
1.18870460842
0.319950129186
0.836954401085
0.391385047116
0.842260372654
1.18654473272
1.01189371622
0.929423993704
0.390599513259
0.803574855311
1.12640588355
0.467367026378
0.621402551188
0.750711985294
0.941430376643
0.916502561707
1.29191878406
0.902411407969
1.34282616675
0.907450978237
0.670306800481
0.996630683096
0.878133933822
0.708978641479
0.697456554218
0.666728407984
1.08950988387
1.177047262
0.558229622308
1.06860334083
0.988559883825
0.38419490928
1.20324769506
0.774715616849
0.343685939025
0.542979045913
1.40852814339
1.32419281768
0.960319997021
1.36970629509
0.535918877301
0.621262535852
0.528592334267
0.461636834879
0.44897412407
0.697434869357
1.23785460529
0.316795456626
0.467654626636
1.26261503366
0.672861949685
1.25404686213
0.605229268286
1.0972358751
0.531129768852
1.21298473896
1.15107032105
1.1280087788
0.523306191466
0.718273966302
0.451816261317
1.42649458321
0.451172818148
0.383936021107
1.05343815313
1.46594238467
1.4303163717
0.696894207725
0.80398473464
0.397736499101
0.975067220577
0.981759673642
1.29705827218
1.19527100983
0.649822648157
0.661903425382
0.8729098906
1.24299014051
1.0522931384
0.509663942232
0.470235098119
0.540785830696
1.45691431259
0.846830510263
0.535940699809
0.85019736935
0.687789888565
0.407318168778
0.335372830682
1.03500367495
1.32510216646
0.437853177208
0.730204509394
0.973530213771
0.31162153759
1.29554126899
1.18451538645
1.44486137206
0.725695977737
0.267828159559
1.18783461318
1.32949925262
0.955458244912
1.21034158583
0.5856497401
1.45533577904
0.499576423549
0.834526714675
1.11575255188
1.30963545495
1.0530674341
0.770356527859
0.650165133421
0.662530774023
1.30784591187
0.524839020612
1.43005991318
1.32964678375
1.01261180768
1.26229410563
0.78184149907
1.05196836053
0.777022899509
0.863012949817
0.830186186105
0.796400029545
0.528516451061
1.04194492434
0.738630845343
1.346668279
0.752902876961
1.12027223599
0.745779727177
0.408786184199
0.602840997617
1.51822864711
0.577282471665
1.20886548297
0.345913130941
1.06440724624
0.751184875047
0.511660176273
0.464171519628
1.16683304187
0.573235352379
1.02467807349
0.924941779957
0.741338114346
0.618136970656
1.35103307312
0.512436460904
1.1175663106
1.01184923742
0.767235269764
0.841779470605
1.15295780178
1.2035141608
0.529668309806
1.26393587029
0.735177323246
1.01295328881
0.920216866975
0.886307672712
1.30362976425
0.651965477977
1.01079407651
1.01390740138
0.657100112681
0.460762969028
1.22905578497
1.50584420943
1.07640004726
1.41831300595
0.764911930951
1.31627898628
0.366050284125
1.26593750605
1.3201765457
0.881684617642
0.639446632813
0.888787425867
0.661242082925
1.21639859413
0.518636228478
0.547143836927
0.632127464684
1.21516752318
1.27798423897
0.566659944362
0.915461317385
1.25612415881
0.511350295099
0.884030162625
1.14729198231
0.7134615819
1.04397008324
0.911675232278
1.48726664114
0.885598034798
0.904810750271
1.13542448825
1.56825048181
1.16749470218
0.770362933172
0.41418541761
1.27410962771
0.766833207754
1.18024800616
0.792070435383
0.597153817264
1.19861897983
0.539751738072
0.722113995866
0.772778469076
0.275635491076
1.15447057332
0.532274318257
1.24162365206
0.454161261057
0.53303132994
0.66050888172
1.07276019125
0.543370072283
0.684305223877
1.09524690677
0.99246779349
1.02357137695
0.764727044873
1.09683182696
1.23326300699
0.824053928084
0.618674487263
0.85844666137
0.623548850564
0.504842995753
1.19667390886
0.500970675828
1.22416092347
0.496059137628
1.11743757606
1.41322888695
0.182525675467
0.795100753092
0.836773795949
1.02037662103
1.47575653734
1.01560155888
1.24857948875
0.385176183209
1.00111344427
0.661979223704
1.2309044954
1.1387927337
0.681305666557
0.541481269848
0.444159915167
1.21658031273
0.795993752409
0.87865970015
0.965829592211
0.630575781993
1.08244857258
1.08348348025
1.0559384724
0.555928068693
0.833116772302
1.05772576478
1.16997223133
0.89718387799
1.17005628791
0.63375020575
1.29764265735
1.39185670758
0.675300455025
1.55373643014
1.29043616965
0.599454614883
1.17807234154
1.31315057905
0.389900452421
1.08033810582
0.311791445442
0.811683562896
0.794176074983
0.602517491244
1.26357851342
0.56349914531
0.687316329181
0.493578701145
0.692395602445
0.555168787816
1.08501772425
1.55624690322
0.782781634909
0.50178685292
0.502171141699
0.271334306647
1.00569779572
1.24921822619
0.990987629031
1.09200822547
0.986990460191
1.41488566932
1.28938687493
0.476431495046
0.899924082276
1.22134237987
0.656843699357
1.12865576613
0.994637534758
0.677569845791
1.01917547838
1.08101461431
1.08819719289
0.74071496559
1.37743147314
0.66908130547
0.439953459026
0.397193637836
0.792496801551
1.29946746732
1.28194068062
0.921808536353
1.14168520179
0.706668004761
1.20869859548
0.945552352811
0.549573833784
1.27183586667
1.0214337561
1.12599569217
1.32429403055
1.42570680472
1.0231486631
0.401552337298
1.30983728616
1.32421284722
1.33934921776
1.09955718505
0.97703321236
1.07315395769
0.990381682442
0.662333736477
0.934900003748
0.673232093511
0.682327448469
0.639566235673
0.892056037902
1.51733976692
0.759441442718
1.2064284122
0.644300546148
0.620393036904
1.1774582154
1.29370805402
0.416709457166
0.598716642691
0.687129468655
0.906074572399
1.07975923301
0.205128988678
0.446609032099
1.06335756024
0.479297555266
0.888603762649
0.552090982744
0.765704733516
1.16232646068
0.792145377169
0.827193877306
1.0196212117
0.35358406741
1.50745395355
1.01161595686
0.966773916303
0.571269492572
0.466189043847
1.46214799717
0.817414283354
0.85063120176
0.349682252925
0.431512936161
0.953327349534
0.738653768451
0.882758889976
1.11817908613
1.28114345396
1.30866562144
0.569434871037
0.292503265267
1.00351433898
0.49594389475
1.09683608615
0.624230822398
0.853433080511
0.676744430111
1.02195430398
0.792005408705
1.31724121017
0.787795496214
0.815263790102
1.41869793815
0.475094968396
1.04769942679
0.501223568547
0.799388374213
0.786309197093
1.26769851458
0.587982478862
0.801365632208
1.15018140834
0.6720385353
1.33009726242
1.08361128182
1.30539519544
0.809063001829
1.24961582587
1.14343060801
0.783811495262
1.21363334053
1.36162043911
0.404400082102
1.00171396452
0.947398144754
1.05619667503
1.35620023746
1.15126668564
1.15249447847
1.42227375482
1.11802656116
0.6000431659
1.20595895081
1.21392743295
1.23363061176
0.904072266543
0.457328900455
0.341298467004
0.829440202377
0.15491622372
0.490446254377
1.09792365794
1.29629562104
1.34328018676
0.936145976568
1.09314078627
1.15049940383
1.10607420642
1.15594599476
0.821101445334
0.765242419745
0.508105503538
1.27523569317
0.673081007232
1.02248406922
0.535714964479
0.566333275028
1.35536952231
1.18304478353
0.843360672109
1.16019855049
1.16106068816
0.660602369749
0.909912321042
1.19098532583
0.398386233494
0.984603781083
0.579909078696
0.838714156172
0.592219754445
0.792193862301
0.859756359776
1.2199244571
0.172968567834
1.05756668407
0.417696206953
1.08580519412
1.31039868916
1.62168747074
1.03756787367
1.01432578609
0.418262319967
0.332045337338
1.32574168759
0.301053408986
0.808952957325
0.323074755692
0.723245506293
0.578566705366
1.17083676831
0.482861840372
0.893443423273
0.543043089522
1.25227245847
1.34567239213
0.772354267028
0.779758758954
1.07052875197
0.469528240362
0.656969211127
1.29643241422
0.699490046087
0.343806871048
0.428046847997
0.69919799542
0.593739827977
1.03995541447
0.651302487706
0.526824227845
1.01692402782
0.79789329475
0.68154383754
0.922891682118
0.474213878039
0.759914884574
0.420910323876
0.631749323826
0.349091007197
0.910857797195
0.465874326639
1.2193994863
1.19944768881
1.19628536202
0.385254017221
1.10208747846
0.840973788952
1.29174482168
0.904750653541
0.608006239656
1.36651925641
0.79080543214
1.16727576586
0.472686230863
1.00506758223
0.829124797973
0.497944082451
0.317266188998
0.742799463732
1.21277886448
0.504335475614
1.39653781656
1.05902691698
0.837527544241
0.477569962236
0.259045290423
0.382345304545
0.998094543946
0.590260909937
1.53111091787
1.17572754933
0.982693308184
0.903668468423
0.424087721324
0.799930377043
0.999178814897
0.733930205532
0.421851873329
0.518451494186
0.283096783596
1.01354262316
1.09657248634
1.10589812066
0.292547818477
0.921525468183
0.648815295288
1.05382735128
1.29521490261
0.938603845037
0.930857467676
0.75337702159
1.11827940002
0.436804840842
0.780998309852
0.242382553568
1.36308015218
1.25954481343
0.958367731196
0.54613606363
0.927593633441
0.501121656899
0.929986343569
0.680954006597
1.31736527878
0.474451223072
1.02024932401
0.847559260344
0.37234584054
1.18911800538
0.906245970153
0.899680018553
0.537700037744
1.09353142222
0.113664162494
0.94282507619
1.43175992309
1.54009731647
1.40669219922
0.979444991308
0.638107693837
0.794828435604
0.798826681883
1.11804012509
1.13351899023
1.30369557186
0.648566022738
0.91966236793
0.742217483773
1.13849830859
0.852051433971
1.32028391384
0.474927709914
0.341870303484
0.785814362548
0.46380741193
0.94942630294
0.860517985298
0.421090052934
1.43354872157
0.466849655584
0.86250403078
1.42054272297
1.35431736353
1.01015703088
0.542717731131
0.678590257692
0.593970739413
0.711642583079
1.03721346038
0.436959610921
1.24198862201
0.869394211263
1.13255621715
0.581957037847
1.07443224517
0.75501999467
0.549301134705
0.986661785562
1.18676665925
0.55302159813
0.501880583142
0.674089733707
0.844815502864
0.594929729858
1.09312281123
1.45945593144
0.537419433276
0.589099670966
1.33302794021
1.07149389507
0.659128914905
0.243014868579
1.4161035369
0.494510808961
0.945387564457
0.497378530755
0.81945682055
0.840737309743
1.36245223992
1.27475420884
1.29857123582
1.40635367028
0.511305311884
1.06389957946
0.746523681969
1.33478158351
0.930979564139
1.15750204039
1.46878031165
1.19391206389
0.67144253273
1.17685899231
1.18508014609
1.51920430893
1.53818343516
0.726151834837
0.541202257986
1.03101260535
0.512322219809
1.25372734563
0.702029662034
0.485404828333
0.199786014147
1.07122110571
1.37172575508
0.731481955388
0.672625675855
1.17518513821
0.556637145567
1.24618307374
1.19322239166
0.374718466651
0.966459984473
0.599052116999
1.03244674658
0.398688763799
1.02751221441
1.43628472543
0.753234970924
0.975209172635
0.448864926883
1.14204979625
0.990747196995
0.923320645221
1.61218533317
0.982389674234
0.76974401281
0.221376725228
0.710462344716
0.744765099578
1.05501060017
1.19254563658
1.3053217305
1.27698576937
0.82896328942
1.02748910309
0.546538495011
0.427455557573
0.679460979554
0.790405845692
0.468174656671
1.19057262884
0.517351724575
0.761368832827
1.24554029216
0.666400783377
0.434758169156
1.27073511612
0.306043768631
1.23383649695
1.14620627064
1.20720018625
0.691111759982
0.683970404726
1.21877006774
1.24972772385
0.540630423689
0.599788528099
1.11063050651
0.715383182606
0.561313497717
0.827236194966
0.597958951119
0.798729452104
0.9511153821
1.0798930876
1.28947753654
0.878866721543
0.449918281242
0.456485925386
1.54789406117
1.12581314586
0.295157247619
0.355143904933
0.407825816331
0.770979034029
0.37333857438
0.305840413179
1.31868699317
0.594397536363
0.5751269191
0.849181557109
0.796933874525
0.70301467902
0.74838058393
1.35141089777
1.068574429
0.680869376017
1.38679286889
0.393949607009
1.0055006011
0.803975338794
0.685909956117
0.662090424436
1.50630395224
1.34249060525
0.338211039479
0.277377925108
1.58873358471
0.584054931709
1.16941188862
0.974606324464
0.623621731248
0.690444995577
1.07128188112
0.855608627732
1.38794961416
0.752408276237
0.546760972978
0.979377266498
1.13318559986
0.811476032136
1.08805852917
1.16676722788
0.803401737768
0.724811304615
0.814783444831
0.97229630987
0.552795137554
0.776365296443
1.24378410323
1.58220297522
1.16535599148
1.4583448604
1.00489174811
0.499899631119
1.00200087447
1.05150917817
1.30203702645
1.27764334859
1.20765592312
1.15560858131
1.01525160858
0.534931092618
1.44164528569
1.23327451694
1.23512052906
0.483525116685
1.19452836379
0.704952085842
0.874554392769
0.86790838366
0.532946608904
0.92107283677
0.200228186972
0.336812424012
0.925536862884
0.603935608691
1.34757709571
0.664266286875
1.30998091008
0.332296690671
0.516568508107
0.836861296271
0.966428336795
1.33625652199
0.550988695248
1.24741713487
0.503472360499
1.20492803292
1.43554698296
1.1920429067
1.01203144111
0.818061850825
0.908119755241
0.399844396302
0.469750372891
1.17003855969
0.487440916311
0.890469178277
0.989945222018
0.611726965857
1.06985095767
0.989913304059
1.24222373018
0.626178516596
0.433699994965
1.4489966359
1.25622080931
0.538304277955
0.791075683328
0.940233630346
1.12903776745
0.709714742544
1.19080890214
1.13174552678
1.12135295839
1.29553489291
1.32105966849
1.19888940472
1.07245808673
1.43450740153
1.46481676088
1.01478550055
1.20907842173
0.733868353924
1.46450056111
1.23732545097
0.944599182328
0.574523872018
0.782299220301
0.638631431682
1.16223028903
1.20536290245
0.871482444941
1.22401561769
0.933302841296
0.988126173913
1.18572113124
0.629669074833
0.874567849947
0.498902944665
0.695184464289
0.943276635617
1.00717459472
0.420269648974
0.569033462748
0.385170222479
1.44381760143
1.19651637071
0.922431901897
0.86587919889
0.783590198743
0.607233074536
0.816231739015
0.574555761346
1.28311020604
0.843320251464
1.02209455165
1.06465800395
1.06355467544
0.71259699375
0.606808342458
1.12349049561
0.458541706697
1.22313898042
0.785440311165
1.20739122773
0.515307953865
0.53736573361
0.592768104344
1.4687827961
0.432993578391
0.518741278217
1.44279278857
0.371563169246
0.759909867062
1.20660039038
0.98184177715
0.8528497686
0.499845950939
1.00723118864
0.904875015665
0.68934680345
0.451213480622
0.405829050843
0.810958737654
0.810703887587
1.25665982838
0.659611598045
1.0690160425
0.521831806847
1.08462111573
0.438142363604
0.264156167588
1.24707631427
1.12978040294
0.763306762282
0.697271739001
1.35833473808
0.798119609702
1.37018121157
1.00689052353
0.718092311666
0.891253818096
0.924698822983
1.44145817672
0.916253341362
0.942870002034
0.733011380088
0.281143160884
0.640600363633
0.58822545008
1.33681207766
0.977250878479
0.802850682634
1.49894510967
0.754172976425
1.15025674474
0.374779042492
1.00041420096
1.08363858681
0.924662648493
0.773869797914
1.5113407085
1.58526169194
0.666769508385
1.11602605259
1.27384007068
1.03608480962
1.47319205435
0.596682120268
0.592766461779
0.506213354208
0.719400036211
0.376475448019
1.34350828077
1.68105819186
0.916699248441
1.03309004268
1.10866303817
0.340841506433
0.483608384134
0.433399912566
1.19090024036
0.669023670677
0.857802432248
1.13142193372
1.39833672422
1.51765402483
0.900045373095
0.553063855907
0.640704414037
0.92365279217
0.538269965354
0.541055769174
0.585044842914
0.790288300778
0.881375533782
1.19296438012
0.894542473588
0.588935510427
0.707778688006
1.20558121378
0.702086730517
0.933351681674
1.61698112909
0.907266836486
0.434332598519
0.406907609065
0.639047243964
1.1978209852
1.08782173351
0.998418833362
0.826929392538
0.654501168141
1.37909869277
1.31895892232
0.417535021155
0.752426870961
1.09146953393
0.537733377125
0.622109646884
1.25006322646
0.677337654706
0.961153041421
1.32979132866
0.694369394262
1.28146852001
0.883380389921
1.4015244324
0.479364907002
0.832869956526
1.11277650094
0.445507868002
0.495324148284
0.638060530212
0.617050164599
0.505131881152
0.932490338842
0.765177896403
1.01957195857
0.717627324804
0.438202937535
0.616697095073
0.929850705154
1.23828925825
0.984101867717
0.587232008286
0.308133232935
0.825633746751
1.08830198876
0.787522471503
1.04404442633
1.12374025246
0.875122919775
1.0964548924
1.10007234606
0.636142240866
1.12251410789
1.34801885119
0.902100381113
0.861667291247
1.2717978854
0.680335376516
0.668535972846
0.419413763558
0.305461987338
0.840953592554
1.11025278041
0.761795667431
0.370507253451
1.39983585595
0.416258426721
0.991034924729
0.322366700175
1.07393449702
0.578197782154
0.518304005857
0.825078137557
0.237601793619
0.460997422678
0.380568484991
0.818885161789
0.566228539034
0.575945110902
1.09863507449
0.485842233365
0.727218179181
0.276374183015
0.92178096526
0.803361420036
0.33761672079
0.216972397039
0.580023675517
1.33649879484
1.00141193135
1.2593582537
0.909260454107
0.618581426538
0.948320430726
0.829078460071
1.39976250581
1.11305686164
1.34058054521
0.999238629431
0.786881693468
0.501386755139
0.657768723386
1.21927260807
1.36787384756
1.01026599025
0.616059708456
1.3909235987
0.383315613953
0.280983778021
1.20502521919
0.586647647449
1.33328271239
0.799341974473
0.582382803198
1.08098566318
0.641005499176
0.813250863942
0.467299391159
0.708428829603
1.51304170085
1.23264262627
1.10650524702
0.58037644549
0.769127108426
1.23717832073
1.27808799603
1.25803825736
0.877227624167
1.14823246741
1.08677268694
0.399892414236
0.852175089835
1.51981701275
0.906147519774
0.66311547127
0.956209565499
0.514312891431
0.642836287478
1.01744113587
0.728948458264
1.10766739928
1.02103515577
0.850335363338
1.39200497117
0.389760999923
0.774740071745
0.882108180786
1.52829496976
0.87263569653
0.666479145255
0.608028742654
1.24958953142
0.86290045478
0.774873489346
1.2052294077
0.633871662991
0.809165554513
0.430535782689
