607428.4412514261
366701.46823214425
347930.83165332297
1780944.296810168
723963.3112508144
503743.3251171047
424874.7856542781
140082.09263862894
2571908.4186266284
688258.8670275524
861272.4187835965
288046.8677594133
220608.65927469646
1481920.4202531148
494896.4459162377
359163.4075374325
2273745.6638136893
213234.34152871484
1338389.1672134865
685953.3109206968
1230928.0971398966
167608.04391527473
1563936.4245993544
297129.5818097991
91336.88995841473
1771933.2419360764
719432.0799787935
12314317.884515297
1549679.0179535816
286985.5676641291
538577.7334716645
7485296.000746731
1121936.04780466
145705.95325933798
1218593.718147815
1076360.6385917766
673576.0922036567
154682.73635346294
179144.1327598476
477567.47426339233
386768.02812718385
156008.43111490487
291479.23845002486
134838.33721391502
560969.2355309147
354718.5480745198
390911.6247970048
508540.5088634637
852894.1802103054
458006.076943267
510665.44576630247
702249.8884744927
319610.3116598213
2459325.621435782
832839.9096909104
2171192.5549570587
10106462.314034691
857756.7919002373
1569328.1718011973
778812.2660161713
974132.938555032
2408603.3870849595
558555.8444800222
596529.582497498
1635537.6158112471
1284741.7152796413
749338.6217896462
1527242.2529122035
1180343.4691783346
3031747.429983825
337935.5881888723
647475.8815915883
447608.8324233981
1809044.560035954
1557841.0673694054
475172.69036576466
1109850.0526724383
2467985.3040203154
692196.4002930784
1103837.7785454392
242277.42488318266
1038176.1637454648
649573.2106716761
1073145.4955974189
1046580.5388782254
109994.23926456807
1836182.4439859055
850901.1377333994
847208.6996215752
819271.4004404292
1789701.7751304654
942455.7746574616
2868170.6474595917
2595919.435379106
810805.059160052
2582925.584257361
2077555.3015857225
1391899.87820706
2182161.2554444037
1627989.1697286665
1581668.6089362025
760854.3725829762
1123743.970742806
496987.2841289074
838420.065137672
1350623.1541228371
210047.9314407941
231360.1320657876
1960773.3458999577
1286410.3009305487
229821.96957753142
780728.9758922423
235281.3083454202
367366.04651084327
1378295.0200990383
162701.55396159744
294827.05477440526
156085.3695300323
1167736.473754699
359184.00522337214
523301.86645556614
104088.41536322332
718016.2054326915
274743.87825877575
206234.59010519838
380675.26724420214
115842.33771834253
1226123.989801625
1036347.4700315811
720785.3825629863
260393.34930178005
796866.310832051
459530.82497219276
19325631.706525613
229479.68450235826
553126.2771573571
418484.05068436306
635669.513027732
359130.2608411515
333501.71992812067
188312.35317035255
134716.3089064576
153987.17500095547
1199488.0662653286
818476.8317235734
142342.12612865996
784748.0344525375
1740172.129486567
1835781.7411039707
553902.4118107461
231997.2756115335
545167.7813437602
386788.0199988311
554952.1148895768
370130.46367169847
357915.4300952081
353586.1080723349
107688.33697811687
180677.3621888661
315898.4874906423
534247.805634499
840585.1588736031
641843.9722952809
618307.9139479991
196800.5037652542
275679.1689812528
445945.7856460206
2192865.1285410966
383317.74264249875
328938.1208639089
243746.09181761727
105304.54428265028
365730.26137662126
647216.1603499714
148846.49455083857
498936.1887073714
814256.1235488273
633946.3175456148
412865.0365779928
236204.22314735368
150476.39463193508
288979.90831451875
683937.6802251764
941255.3969096355
104319.57678820122
5748871.265382793
1632479.9845328983
207143.571178408
444285.33521561034
239939.50098413622
395201.82852557255
335534.8326932202
131315.6136488456
201849.36007763186
267739.9726801118
748386.6279016803
281683.7406122493
333924.14557968086
378745.66217819415
574226.8755045255
319842.0788990916
335704.2010603792
441730.2701652088
377760.00232455385
1695553.041406595
1069795.3425607681
1586846.5902377479
142203.9139251071
708942.0593272973
1428441.7308721363
1614449.2202948243
259962.26916032936
681746.9691991691
110551.32877882592
1221357.9622188723
379300.67461487825
1194110.1662473103
1422921.8972199121
1168238.4341683537
125044.22409452192
243408.99943637848
311050.06916413095
98626.9129728619
349661.5565416449
1507302.3082042637
1245909.0191405236
1083546.461547941
554125.0052907323
200271.30039098003
1445417.5127925463
1156458.8079782594
628817.1475670524
2134926.7805194925
1414526.176577042
1457495.718883866
677376.0190799221
839779.858589283
385833.429763898
574386.4642981081
260162.0147870044
180123.21520117103
4054969.500647324
564160.578678073
224628.49673908186
864144.7574333873
480949.99509223405
731578.4834504512
379424.260730516
259791.1698951922
796294.595229878
324798.4187145387
2331509.1911395034
175653.776986969
977078.926913792
1146893.0003021804
588052.3365598584
2271633.9682803834
407478.65515988175
1780944.296810168
833643.5656221515
723963.3112508144
102706.37987259356
494896.4459162377
607428.4412514261
1230928.0971398966
115787.64134223395
950025.8569647685
688258.8670275524
347930.83165332297
1121936.04780466
1771933.2419360764
481127.4121349913
357838.40513518185
1312657.6378707574
210176.53716056843
1481920.4202531148
173924.00409253497
289181.7310187675
1405381.8425586352
1076360.6385917766
4968637.845581686
477567.47426339233
105624.41422900683
267739.9726801118
119693.75880945691
179144.1327598476
210915.5440523267
390911.6247970048
172662.26601138455
681746.9691991691
1133707.8849538527
241897.40623208642
822826.4052527907
459236.5723159124
1177644.1337814569
686631.2171138276
549366.9398386788
1356167.2203467549
4436635.101169707
367366.04651084327
463800.6906495176
740600.3564369063
212415.4536952664
286807.71789687726
425071.93493398593
571003.4241998729
1635537.6158112471
988456.9847729625
205885.2948932138
1569328.1718011973
877186.208249531
3031747.429983825
355606.84491689084
819271.4004404292
596529.582497498
1284741.7152796413
1133900.880078413
414278.2282322287
371378.87383841735
647475.8815915883
207395.07065462883
150456.40276028778
673576.0922036567
1038176.1637454648
1255952.5546585636
810805.059160052
1073145.4955974189
2868170.6474595917
730050.2736255694
1789701.7751304654
1836182.4439859055
2467985.3040203154
752560.2556514217
582135.9541808472
1627989.1697286665
1581668.6089362025
595088.9561103089
598950.762589292
526837.3986656736
662253.6827144828
301276.46718577854
2016053.0346271698
838420.065137672
448211.87727897504
1350623.1541228371
496987.2841289074
101153.59129642228
193925.2225889005
200271.30039098003
132396.81907087812
386768.02812718385
354718.5480745198
116255.58961061863
605762.4519474858
153987.17500095547
371384.41271194734
474318.83839315816
553902.4118107461
2192865.1285410966
2571908.4186266284
7485296.000746731
641843.9722952809
12314317.884515297
19325631.706525613
1160239.954611462
484348.0940028789
732807.1613802196
205680.78929709896
840585.1588736031
357915.4300952081
275679.1689812528
353586.1080723349
814256.1235488273
337772.4510544345
301971.42272399366
699459.8540235613
385833.429763898
148846.49455083857
815480.0415091556
114079.0719480319
143043.2263546974
177253.99216774074
888322.8058407538
230354.56688539893
683937.6802251764
809335.3536868304
769327.1181858727
351857.20062688994
346703.1922623415
101795.49481160802
281773.6607622126
448162.63323149754
113791.742883664
255237.00422496122
933904.2731965606
677818.0038786349
567871.1046737685
1208993.2925121735
145671.94111406794
333924.14557968086
278328.56797146186
319842.0788990916
91371.16173838152
257357.44079305689
838190.8942453689
358424.6602803709
715598.9198613482
1695553.041406595
441730.2701652088
956160.159399225
1586846.5902377479
1438721.5339641897
1147896.9211294898
939576.4258708593
281282.8646405167
2756299.249337753
1071598.938253969
1146893.0003021804
311050.06916413095
248399.09176239892
171712.26265609346
337935.5881888723
7563977.430138122
532241.7814227571
636599.5245113758
641829.173117568
98145.20406555117
333199.76477583766
336223.7300885119
539854.3572754269
381245.51158309367
581122.599959557
1167736.473754699
131017.29338231665
560969.2355309147
303023.4625150949
190409.42261574356
219154.0991587835
380675.26724420214
166223.58516747557
1226123.989801625
4968324.553047647
736300.9789490545
1740172.129486567
818476.8317235734
545167.7813437602
128224.74912931705
675393.0158112891
279390.90660553286
131095.87615052328
273921.1824497754
226269.9072917329
260162.0147870044
238955.4854835751
2841213.642348354
677657.0303666699
564160.578678073
868171.6915794831
462893.7866538817
270897.390226899
498856.7404901758
1213124.9459859454
3106832.9188256734
1754748.021360314
506504.36702690244
371237.02674911043
1140049.8951456838
1753416.0953661508
440399.1230751357
462382.21975644835
7485296.000746731
861272.4187835965
494896.4459162377
297129.5818097991
434903.0027252119
1121936.04780466
323048.04813416506
719432.0799787935
1312657.6378707574
211121.43436682402
1338389.1672134865
950025.8569647685
1218593.718147815
383317.74264249875
833643.5656221515
848763.9114549159
1208993.2925121735
1405381.8425586352
1992865.9253122772
4477884.99633527
91371.16173838152
89157.08358966956
108290.25675000805
115842.33771834253
145671.94111406794
282953.18118940236
560969.2355309147
718016.2054326915
274743.87825877575
206234.59010519838
554506.322115312
1255116.530935132
459236.5723159124
1201727.8482490156
4436635.101169707
134745.82071698454
822826.4052527907
595088.9561103089
170797.9157991517
698193.0097933755
706476.7413370613
1960773.3458999577
2016053.0346271698
162039.4854849666
366334.43131588394
1201655.1505339346
2756299.249337753
425071.93493398593
857756.7919002373
1284741.7152796413
506814.3708547837
608928.7836188603
544943.6300555937
371378.87383841735
150456.40276028778
243408.99943637848
164047.50022938335
337935.5881888723
647475.8815915883
109452.12201782096
1809044.560035954
302253.38600462937
615969.2976897615
1073145.4955974189
649573.2106716761
1167736.473754699
789359.9255703388
364544.769351407
681747.4019236636
439530.21229011955
117896.04816938167
344561.9849185084
1354654.4155138782
184903.9554167379
210984.26070205803
380675.26724420214
303023.4625150949
124662.21491075089
155199.06322033604
359130.2608411515
250705.68640804137
153987.17500095547
474318.83839315816
840585.1588736031
1740172.129486567
255332.72288315123
1854285.0404900713
333501.71992812067
1835781.7411039707
2192865.1285410966
177537.25362186003
3391609.7741248226
647216.1603499714
243746.09181761727
365730.26137662126
148846.49455083857
4867907.372296016
412865.0365779928
208188.68737759677
133229.38099835376
181665.6183894736
127127.44635608801
522923.1459779535
120093.33660770587
202443.923533116
2841213.642348354
1245689.1950973023
455964.22314337804
2848537.071693779
564160.578678073
100971.15464952846
429196.75136074435
677818.0038786349
1771933.2419360764
1296508.3597348996
1780944.296810168
192783.7819172294
318213.9097159732
641294.9314566214
2326461.8926353063
1252905.3087680838
748386.6279016803
170180.59103525526
201849.36007763186
1147896.9211294898
1163532.988014835
517173.10289463954
464676.09230195166
511838.30223627645
302828.6499476575
116113.39634171608
201511.92151679742
2205464.334923831
268814.60068982746
1255952.5546585636
381245.51158309367
1002205.5074131681
838420.065137672
189883.7488997886
208450.48569678736
282158.9586521421
321618.6725838337
1083546.461547941
333199.76477583766
432988.4564716136
535204.7325817025
360042.53062051954
249551.86981582668
3516788.3159024464
4968324.553047647
1226123.989801625
171651.7677717582
12314317.884515297
605518.5684223687
1457495.718883866
697452.7912730325
548207.670917833
4054969.500647324
273532.85548838426
683937.6802251764
2784810.600833342
96996.23398767524
19325631.706525613
698581.942569059
469824.90797256574
1361803.024163513
2154808.7401451655
210915.5440523267
267739.9726801118
477567.47426339233
523301.86645556614
1140049.8951456838
761284.2410958422
1507302.3082042637
420832.1868814804
494896.4459162377
503743.3251171047
538577.7334716645
102706.37987259356
291312.8126094286
393367.9421177546
353481.04256506293
173924.00409253497
1403100.5190234731
462382.21975644835
585960.1136288062
719432.0799787935
114718.20602645262
519909.9987776425
288046.8677594133
1076360.6385917766
253621.1244174875
2154808.7401451655
1252905.3087680838
4477884.99633527
4968324.553047647
1017831.1889106445
718016.2054326915
356604.2748767824
291479.23845002486
113567.93777509312
477567.47426339233
281683.7406122493
274743.87825877575
113364.29762796732
883748.9079335723
2192372.6880663214
211897.65556511184
696135.9240912789
260815.42877374458
822826.4052527907
178447.35977875543
1147896.9211294898
539650.8036732
4436635.101169707
1349697.123704543
1133707.8849538527
392343.9428738989
974132.938555032
651252.0086206545
1358675.2915170505
633119.8137610626
396795.98556342087
1635537.6158112471
1284741.7152796413
407553.42995253653
2582925.584257361
368470.7056004794
1527242.2529122035
447608.8324233981
116113.39634171608
242231.81572145916
302828.6499476575
10106462.314034691
2868170.6474595917
847208.6996215752
1380916.4650869009
1109850.0526724383
2408603.3870849595
752560.2556514217
2595919.435379106
162701.55396159744
1350623.1541228371
594429.1378010497
1581668.6089362025
838420.065137672
334525.7191719764
314108.4793465697
686631.2171138276
598950.762589292
567939.7347786009
1177644.1337814569
135696.68952126463
360042.53062051954
104088.41536322332
193925.2225889005
184903.9554167379
380675.26724420214
560969.2355309147
386768.02812718385
101153.59129642228
736808.1320566435
1965514.2754620279
505389.8418187911
1338389.1672134865
260393.34930178005
164265.8530093232
1923778.8634136033
474318.83839315816
1835781.7411039707
2134926.7805194925
371384.41271194734
7485296.000746731
635669.513027732
534247.805634499
2571908.4186266284
357838.40513518185
211121.43436682402
386788.0199988311
283430.7359415656
86635.25178044791
112044.48791965097
699459.8540235613
243746.09181761727
545285.742040969
647216.1603499714
633946.3175456148
4867907.372296016
412865.0365779928
1033923.3474132243
1055894.500898488
431419.3109095491
563970.3529902776
340433.1008815014
148896.86368200183
403858.3954937453
1907241.8641306467
222491.70318509298
1372317.3639316016
397760.4419168292
1780944.296810168
677897.105916235
677818.0038786349
685953.3109206968
1593505.3547595749
2326461.8926353063
201849.36007763186
748386.6279016803
506504.36702690244
91371.16173838152
278328.56797146186
319842.0788990916
126312.45304309031
267739.9726801118
423008.96417876385
627385.3487595518
838190.8942453689
1438721.5339641897
1614449.2202948243
687744.8768729498
1695553.041406595
578962.3527379646
380964.7599310427
956160.159399225
588052.3365598584
932375.0248328918
2171192.5549570587
637412.7869263954
98626.9129728619
647475.8815915883
267036.18956220825
141402.161981642
150456.40276028778
201511.92151679742
532241.7814227571
1753416.0953661508
518253.0101431884
1245909.0191405236
1378295.0200990383
1002205.5074131681
1286410.3009305487
295449.13950774155
539854.3572754269
639673.1665960221
1800574.4107800247
535204.7325817025
166223.58516747557
249551.86981582668
1789708.6987223777
1596803.580856882
157793.41965484092
590861.5839783469
796866.310832051
308725.81935911166
466064.2724804038
297126.2065587418
12314317.884515297
846407.1207679079
3391609.7741248226
94143.8872095316
337772.4510544345
362182.18015617237
697452.7912730325
255289.8831581928
677657.0303666699
683937.6802251764
2841213.642348354
271765.00283843157
2273745.6638136893
429196.75136074435
748648.9454902645
1361803.024163513
523301.86645556614
2152342.210526345
577725.1068632045
1121936.04780466
96540.31546023847
94792.62777173091
833643.5656221515
178178.37823295564
1403100.5190234731
291312.8126094286
19325631.706525613
12314317.884515297
104871.81978812032
105542.62929954067
345507.8341186519
118937.52948281639
2192865.1285410966
1230928.0971398966
1093121.7891628996
145671.94111406794
105624.41422900683
89157.08358966956
113364.29762796732
210984.26070205803
115842.33771834253
356604.2748767824
421261.36303515517
257357.44079305689
576202.7820914482
785956.2877861641
334977.13736467
1201727.8482490156
214406.3325496998
225982.4051375672
706476.7413370613
288081.1395393801
149477.40686386326
883748.9079335723
2171192.5549570587
1133900.880078413
571003.4241998729
778812.2660161713
1201655.1505339346
2137495.4331190223
1358675.2915170505
549386.8451654272
174199.64959555055
544943.6300555937
116113.39634171608
92285.76823002001
171712.26265609346
311050.06916413095
201511.92151679742
150456.40276028778
752560.2556514217
850901.1377333994
2595919.435379106
910871.2138017205
1809044.560035954
1391899.87820706
1527242.2529122035
1569328.1718011973
327783.6984574019
282480.90567607235
789912.5147498536
2182161.2554444037
1581668.6089362025
650655.88735699
1286410.3009305487
598950.762589292
406959.9915807382
521781.09949199
645219.3098975136
401849.34221054165
264394.14688840625
1378295.0200990383
780728.9758922423
2192372.6880663214
165607.99130155728
121573.68710349282
166223.58516747557
354718.5480745198
184903.9554167379
249551.86981582668
135696.68952126463
560969.2355309147
736808.1320566435
3516788.3159024464
2016151.6958119227
1036347.4700315811
720785.3825629863
1017831.1889106445
1512102.9537465787
618307.9139479991
1312657.6378707574
418484.05068436306
1199488.0662653286
231997.2756115335
2571908.4186266284
250705.68640804137
275679.1689812528
1160239.954611462
370130.46367169847
1835781.7411039707
950025.8569647685
171760.72779948084
243746.09181761727
814256.1235488273
548207.670917833
633946.3175456148
498936.1887073714
908832.2159834953
351857.20062688994
273532.85548838426
150476.39463193508
133229.38099835376
208188.68737759677
230354.56688539893
341999.390461902
181665.6183894736
1765337.655190451
564160.578678073
444285.33521561034
166468.24759668284
381650.1955303781
395201.82852557255
254269.60534499006
734364.2772013362
1296508.3597348996
723963.3112508144
167608.04391527473
190888.5351760871
1563936.4245993544
1771933.2419360764
677818.0038786349
103041.39517625865
113791.742883664
181385.4725517149
764054.1105853284
950764.9504014256
1076360.6385917766
929910.2261120493
641294.9314566214
1142345.0658646706
523301.86645556614
210915.5440523267
282953.18118940236
87776.0866378267
291479.23845002486
96572.51016263152
687744.8768729498
791756.8730904391
1586846.5902377479
1133707.8849538527
1333143.6808907944
110246.60418977794
423008.96417876385
1614449.2202948243
380964.7599310427
583977.7161744656
1071598.938253969
1649384.7996362054
1459364.2232512466
167073.88879922693
447608.8324233981
204559.16740727733
109452.12201782096
646578.9302593267
636599.5245113758
1083546.461547941
381245.51158309367
1665536.6741190304
432143.1724439988
208450.48569678736
838420.065137672
282158.9586521421
310058.78389206174
94759.48107544992
816437.0550012582
1854285.0404900713
1414526.176577042
603329.6748392384
2134926.7805194925
675393.0158112891
255115.14900730154
545167.7813437602
356247.9695279865
720565.3854299673
554925.1128811181
96866.41663931624
1450351.4374791768
193879.78651697488
888322.8058407538
238955.4854835751
2784810.600833342
809335.3536868304
868171.6915794831
1593505.3547595749
1920400.1505603134
1825833.404974727
131315.6136488456
102795.60766336562
319842.0788990916
1150837.7167943153
2924479.355034796
1952330.0255626894
2271633.9682803834
3572904.0283530904
607428.4412514261
1121936.04780466
833643.5656221515
91336.88995841473
1230928.0971398966
140082.09263862894
723963.3112508144
323048.04813416506
1338389.1672134865
585960.1136288062
719432.0799787935
19325631.706525613
1160239.954611462
345507.8341186519
1021737.8256472609
753136.6446781356
641294.9314566214
1405381.8425586352
282953.18118940236
278328.56797146186
380675.26724420214
156008.43111490487
523301.86645556614
154682.73635346294
477567.47426339233
354718.5480745198
578962.3527379646
335632.10915959056
1275208.7946651464
1147896.9211294898
583995.8040583369
706476.7413370613
134745.82071698454
1177644.1337814569
822826.4052527907
602424.7613762773
482745.195930241
149477.40686386326
1201727.8482490156
905234.5445359732
558555.8444800222
974132.938555032
749338.6217896462
2756299.249337753
608928.7836188603
1201655.1505339346
744967.844760197
150456.40276028778
506504.36702690244
141402.161981642
201511.92151679742
647475.8815915883
544943.6300555937
116113.39634171608
161847.87507878873
92285.76823002001
1241373.2009888606
849555.6241901078
2595919.435379106
1521766.5571584217
1046580.5388782254
231360.1320657876
330854.48456038424
594429.1378010497
344561.9849185084
2016053.0346271698
760854.3725829762
190508.25689029423
560969.2355309147
210984.26070205803
184903.9554167379
193925.2225889005
303023.4625150949
350627.5707032336
274743.87825877575
1209042.62310455
4968324.553047647
1992865.9253122772
605762.4519474858
649689.0077464123
316632.90750275855
840585.1588736031
353586.1080723349
176465.9143183028
386788.0199988311
357915.4300952081
641843.9722952809
12314317.884515297
315898.4874906423
950025.8569647685
426911.27367043495
445945.7856460206
90292.03339392271
2571908.4186266284
279390.90660553286
498936.1887073714
196814.7836735737
243746.09181761727
255043.23019631073
128450.8044052595
814256.1235488273
647216.1603499714
3604297.3249822496
807261.7379090429
2612684.9131951747
740021.630697922
4867907.372296016
133229.38099835376
412865.0365779928
143043.2263546974
89400.62093519102
341999.390461902
873842.9788047925
322732.7650674505
150672.24573815934
100971.15464952846
340730.815333738
1771933.2419360764
734364.2772013362
414127.9862877279
1549679.0179535816
309611.8660341112
2273745.6638136893
429196.75136074435
291479.23845002486
108290.25675000805
673576.0922036567
267739.9726801118
718016.2054326915
379300.67461487825
1728575.1130331643
1168238.4341683537
848023.7794794717
708942.0593272973
791756.8730904391
349320.22346035973
2152342.210526345
988456.9847729625
1071989.2557480352
334478.20602247695
936695.3461862787
1249007.326521358
414278.2282322287
125044.22409452192
1202839.9501999575
532241.7814227571
577975.3081659417
1091872.946271686
356397.77874799265
3572904.0283530904
1286410.3009305487
535204.7325817025
89650.12987873699
843423.6584679218
720785.3825629863
816437.0550012582
153987.17500095547
1854285.0404900713
2192865.1285410966
1199488.0662653286
379700.3389580262
635669.513027732
191062.7500575849
605518.5684223687
208570.09074707542
196852.2576148
545285.742040969
146636.3974674763
351292.1489819327
397920.11725531076
1428868.397223743
2848537.071693779
157001.18765025548
279898.7520723132
315734.22527251876
1382637.843126141
748386.6279016803
493894.9483460975
1293306.198475378
726382.4142650346
1772762.3420675958
483804.3324030525
1823252.6360893506
1372317.3639316016
723963.3112508144
734364.2772013362
1549679.0179535816
688258.8670275524
12314317.884515297
503743.3251171047
1481920.4202531148
426954.6326647868
719432.0799787935
1312657.6378707574
538577.7334716645
136249.97105997065
359163.4075374325
102706.37987259356
277850.0612254106
253621.1244174875
848763.9114549159
353332.18533894466
1405381.8425586352
282953.18118940236
356604.2748767824
119693.75880945691
105624.41422900683
154682.73635346294
718016.2054326915
354718.5480745198
1201727.8482490156
785956.2877861641
554506.322115312
849522.9102183214
178447.35977875543
686631.2171138276
2016053.0346271698
988456.9847729625
508540.5088634637
905234.5445359732
1911107.8247647774
1133900.880078413
877186.208249531
161847.87507878873
207395.07065462883
414278.2282322287
311050.06916413095
98626.9129728619
647475.8815915883
267036.18956220825
544943.6300555937
174199.64959555055
371378.87383841735
1809044.560035954
497243.630119467
942455.7746574616
1091872.946271686
475172.69036576466
2182161.2554444037
1103837.7785454392
1789701.7751304654
847208.6996215752
1002205.5074131681
401849.34221054165
406959.9915807382
496987.2841289074
598950.762589292
1286410.3009305487
454485.43045577133
789359.9255703388
193925.2225889005
386768.02812718385
295699.51390027656
184903.9554167379
303023.4625150949
113364.29762796732
249551.86981582668
560969.2355309147
360042.53062051954
179465.1277898899
1067852.4095803287
328751.183882272
4968637.845581686
1992865.9253122772
4968324.553047647
171883.62155592733
1923778.8634136033
1835781.7411039707
217575.17402314264
2571908.4186266284
275679.1689812528
1854285.0404900713
267198.54779255594
1740172.129486567
264838.38185449067
433100.1859361012
142342.12612865996
279390.90660553286
697452.7912730325
192492.55833241076
296482.2259659823
815480.0415091556
740021.630697922
563970.3529902776
681825.4654224768
1608944.0992754144
868171.6915794831
166381.1834283834
274557.8932710267
232980.42566310553
309611.8660341112
1296508.3597348996
327858.0405255622
296635.49698194483
683141.9864246348
393367.9421177546
414127.9862877279
242435.02314409043
950025.8569647685
504112.179476242
764054.1105853284
607428.4412514261
861272.4187835965
1252905.3087680838
615481.8768191229
2326461.8926353063
1965514.2754620279
145671.94111406794
748386.6279016803
291479.23845002486
179144.1327598476
281683.7406122493
1333143.6808907944
1221357.9622188723
687744.8768729498
1194110.1662473103
257357.44079305689
335632.10915959056
2171192.5549570587
464676.09230195166
311006.79671467794
1146893.0003021804
610941.3852429191
243408.99943637848
141402.161981642
109452.12201782096
835304.0160525618
98145.20406555117
1665536.6741190304
275803.44745608175
246890.26799487192
838420.065137672
554125.0052907323
892128.1850456502
677376.0190799221
194762.80412051268
157793.41965484092
2732262.269115603
333501.71992812067
94143.8872095316
814256.1235488273
329428.65735090803
270056.17380953283
287357.2780049303
97193.55635718089
618274.074892527
677657.0303666699
19325631.706525613
173831.8337752001
459814.6056957055
187733.800521166
527356.4084244128
673576.0922036567
150889.04070991886
477567.47426339233
1048676.6563297284
606531.83609876
558302.5275609244
315076.8302204288
2004621.3189306776
1880577.3807777108
134839.20266290408
1121936.04780466
462382.21975644835
1481920.4202531148
144610.20829428927
407478.65515988175
12314317.884515297
424874.7856542781
368647.776463641
3516788.3159024464
1017831.1889106445
1252905.3087680838
1067852.4095803287
356604.2748767824
333924.14557968086
523301.86645556614
105624.41422900683
134838.33721391502
560969.2355309147
170180.59103525526
282953.18118940236
116255.58961061863
179144.1327598476
395620.10002198524
696135.9240912789
966135.3244471295
1960773.3458999577
454485.43045577133
849522.9102183214
784836.3967943205
615315.7971581223
1071598.938253969
744967.844760197
1911107.8247647774
403419.69940119085
2756299.249337753
1180343.4691783346
574867.1346666319
852894.1802103054
1133900.880078413
134893.0335900236
2137495.4331190223
558555.8444800222
1391899.87820706
857756.7919002373
1358675.2915170505
1284741.7152796413
407553.42995253653
657362.5977528108
116745.86646292107
302828.6499476575
164047.50022938335
414278.2282322287
267036.18956220825
647475.8815915883
204559.16740727733
92285.76823002001
98626.9129728619
673576.0922036567
1836182.4439859055
2595919.435379106
532241.7814227571
850901.1377333994
1557841.0673694054
760854.3725829762
327783.6984574019
10106462.314034691
702249.8884744927
1000684.0480904006
606872.5633657529
1380916.4650869009
206895.27386344672
367366.04651084327
264394.14688840625
496987.2841289074
789359.9255703388
334977.13736467
1167736.473754699
301276.46718577854
706476.7413370613
303023.4625150949
132396.81907087812
210984.26070205803
124662.21491075089
380675.26724420214
193925.2225889005
718016.2054326915
605762.4519474858
832361.8356693538
248090.81883249583
1036347.4700315811
553126.2771573571
137531.7875576672
2571908.4186266284
1199488.0662653286
554952.1148895768
7485296.000746731
167592.72546816833
505389.8418187911
3391609.7741248226
190583.72404214027
699459.8540235613
385833.429763898
255043.23019631073
196814.7836735737
633946.3175456148
323043.1150749274
89354.66559387195
1632479.9845328983
740021.630697922
373678.45834724844
809335.3536868304
125177.41669393827
113870.32565187066
335534.8326932202
340730.815333738
395201.82852557255
117093.60386672535
861272.4187835965
677818.0038786349
1771933.2419360764
719432.0799787935
414127.9862877279
420832.1868814804
723963.3112508144
879244.2459455153
933904.2731965606
315734.22527251876
390911.6247970048
278328.56797146186
335704.2010603792
748386.6279016803
319842.0788990916
1221357.9622188723
441730.2701652088
638937.4484104222
4436635.101169707
708942.0593272973
211897.65556511184
1614449.2202948243
206681.33487335112
2788308.745647122
970529.2089645866
1459364.2232512466
633119.8137610626
371378.87383841735
447608.8324233981
92399.66131698029
201511.92151679742
1521766.5571584217
483804.3324030525
586689.427491887
320801.77528306004
438124.80967678525
1800574.4107800247
110661.76006982996
554125.0052907323
1354654.4155138782
386768.02812718385
2016151.6958119227
3810604.7858923264
816437.0550012582
338689.2211685457
194762.80412051268
1854285.0404900713
230904.30008324978
545285.742040969
226269.9072917329
362182.18015617237
98015.8194416867
1185790.6051154775
192598.66237846948
271765.00283843157
2273745.6638136893
864144.7574333873
380784.8330862171
316697.98926673585
19325631.706525613
217497.71633862174
1563936.4245993544
480949.99509223405
731578.4834504512
378745.66217819415
132865.02697395952
715598.9198613482
1140049.8951456838
1819995.951543518
337935.5881888723
538577.7334716645
414127.9862877279
2273745.6638136893
359163.4075374325
7485296.000746731
407478.65515988175
211121.43436682402
420832.1868814804
833643.5656221515
12314317.884515297
118937.52948281639
1230928.0971398966
2154808.7401451655
2313094.1675502867
2326461.8926353063
277850.0612254106
4968324.553047647
87776.0866378267
356604.2748767824
102988.60278792598
523301.86645556614
278328.56797146186
718016.2054326915
560969.2355309147
116255.58961061863
733306.8716265028
1333143.6808907944
438259.3004496851
2192372.6880663214
1177644.1337814569
1255116.530935132
508795.64322543854
182348.45764184184
426803.3521814992
686631.2171138276
602424.7613762773
974132.938555032
508540.5088634637
1071598.938253969
1249007.326521358
1113791.3073686173
1201655.1505339346
495104.06712871307
304764.7458810834
558555.8444800222
319610.3116598213
904386.4045266947
1284741.7152796413
647475.8815915883
207395.07065462883
337935.5881888723
414278.2282322287
371378.87383841735
201511.92151679742
267036.18956220825
248399.09176239892
1091872.946271686
549386.8451654272
752560.2556514217
850901.1377333994
1809044.560035954
162140.3102921921
2582925.584257361
1073145.4955974189
1103837.7785454392
692196.4002930784
264394.14688840625
615969.2976897615
301276.46718577854
760854.3725829762
592989.4634077485
1167736.473754699
655202.5236210161
96160.12371934447
249551.86981582668
193925.2225889005
274743.87825877575
494179.3348839026
505389.8418187911
1338389.1672134865
818476.8317235734
167592.72546816833
950025.8569647685
2571908.4186266284
445945.7856460206
1403100.5190234731
112044.48791965097
498936.1887073714
243746.09181761727
196814.7836735737
699459.8540235613
86635.25178044791
337772.4510544345
367672.934722364
633946.3175456148
2612684.9131951747
121946.86870757546
150476.39463193508
161179.48882453778
373678.45834724844
1055894.500898488
89400.62093519102
888322.8058407538
809335.3536868304
4054969.500647324
1907241.8641306467
336524.8197918058
19325631.706525613
1771933.2419360764
764054.1105853284
312654.09232045454
1549679.0179535816
222491.70318509298
434903.0027252119
1891715.7092669122
673576.0922036567
378745.66217819415
156008.43111490487
477567.47426339233
291479.23845002486
323741.79204379546
325386.4913026049
838190.8942453689
883748.9079335723
540429.8808531517
432800.82713078544
206681.33487335112
161902.6579997962
1221357.9622188723
588052.3365598584
167073.88879922693
839130.2525780945
637412.7869263954
1146893.0003021804
2171192.5549570587
2459325.621435782
544943.6300555937
116113.39634171608
150456.40276028778
125044.22409452192
2182161.2554444037
326207.80239322275
709223.4167936406
333199.76477583766
1000684.0480904006
321618.6725838337
789359.9255703388
822621.0342076867
641829.173117568
535204.7325817025
380675.26724420214
200271.30039098003
386768.02812718385
554125.0052907323
219154.0991587835
3810604.7858923264
330209.378883939
2732262.269115603
2134926.7805194925
421107.2265702036
1923778.8634136033
260912.01288092372
736300.9789490545
545167.7813437602
348619.5559588168
160578.9537710291
255289.8831581928
146636.3974674763
177253.99216774074
490221.9828365273
157001.18765025548
1085839.9013689496
379424.260730516
480949.99509223405
301974.71143015206
1563412.827960973
1441498.759770083
335704.2010603792
319842.0788990916
1075483.9387658588
243408.99943637848
420832.1868814804
213479.60977221443
2571908.4186266284
1160239.954611462
327858.0405255622
146920.178190989
1372317.3639316016
1230928.0971398966
424874.7856542781
178178.37823295564
12314317.884515297
503743.3251171047
1218593.718147815
1312657.6378707574
426954.6326647868
267188.5085842828
170200.92908649816
199390.18677521814
481127.4121349913
407478.65515988175
1549679.0179535816
840585.1588736031
2313094.1675502867
1965514.2754620279
1021737.8256472609
4968324.553047647
3516788.3159024464
1992865.9253122772
291479.23845002486
116255.58961061863
523301.86645556614
87165.1661964493
102988.60278792598
1147896.9211294898
258072.21511312143
1695553.041406595
1275208.7946651464
966135.3244471295
133173.04026916597
454485.43045577133
335992.7417533318
482745.195930241
425071.93493398593
778812.2660161713
1569328.1718011973
368470.7056004794
974132.938555032
340585.5064484749
857756.7919002373
549386.8451654272
371378.87383841735
506504.36702690244
161847.87507878873
302828.6499476575
201511.92151679742
109452.12201782096
92399.66131698029
116113.39634171608
544943.6300555937
141402.161981642
150456.40276028778
337935.5881888723
132967.75576896095
830068.2227585473
1557841.0673694054
458006.076943267
497243.630119467
1239631.052173883
10106462.314034691
847208.6996215752
2595919.435379106
1286410.3009305487
706476.7413370613
1193658.4018750212
126315.48211455203
696135.9240912789
159009.11584977337
549366.9398386788
367366.04651084327
655202.5236210161
789359.9255703388
1326915.0445165304
314108.4793465697
288081.1395393801
153018.13176790508
560969.2355309147
718016.2054326915
249551.86981582668
386768.02812718385
206234.59010519838
354718.5480745198
1209042.62310455
720785.3825629863
1093121.7891628996
137531.7875576672
315898.4874906423
371384.41271194734
618307.9139479991
353586.1080723349
250705.68640804137
201825.0409610393
433100.1859361012
585960.1136288062
1854285.0404900713
426911.27367043495
633946.3175456148
545285.742040969
699459.8540235613
498936.1887073714
908832.2159834953
412865.0365779928
1055894.500898488
403858.3954937453
321606.21011839126
202443.923533116
769327.1181858727
104319.57678820122
101795.49481160802
564160.578678073
335534.8326932202
631547.119858143
478283.80639163725
114995.75551724415
1604961.3030277607
2273745.6638136893
1780944.296810168
683141.9864246348
869258.6955097424
289941.4221413643
620296.542635061
296635.49698194483
19325631.706525613
1252905.3087680838
929910.2261120493
712549.8565279912
1142345.0658646706
641294.9314566214
126312.45304309031
170180.59103525526
379300.67461487825
1163532.988014835
2459325.621435782
1071598.938253969
203386.91675159568
311021.3362576942
1071989.2557480352
204559.16740727733
92285.76823002001
647475.8815915883
207395.07065462883
414278.2282322287
242231.81572145916
507144.97236860456
483804.3324030525
1753416.0953661508
651754.7479383993
821524.7699732446
581122.599959557
441336.4043302876
738023.6551617782
126196.13669896065
1354654.4155138782
110661.76006982996
1143678.7227568119
635669.513027732
191062.7500575849
2192865.1285410966
296482.2259659823
574386.4642981081
807261.7379090429
2612684.9131951747
224628.49673908186
380784.8330862171
1670793.4112785803
298904.7042312599
677897.105916235
1361803.024163513
748386.6279016803
1150837.7167943153
1772762.3420675958
2057867.2025335988
1218593.718147815
1481920.4202531148
347930.83165332297
320081.6351792633
1549679.0179535816
265967.619695416
359163.4075374325
357838.40513518185
433100.1859361012
2192865.1285410966
341198.3308776282
1512102.9537465787
1093121.7891628996
1155145.0564128666
353332.18533894466
291479.23845002486
477567.47426339233
523301.86645556614
105624.41422900683
206234.59010519838
113567.93777509312
560969.2355309147
87165.1661964493
104088.41536322332
939576.4258708593
760996.9985763732
1201727.8482490156
681746.9691991691
1177644.1337814569
1193658.4018750212
1255116.530935132
370609.74932183983
367366.04651084327
698193.0097933755
392343.9428738989
822826.4052527907
182348.45764184184
4436635.101169707
686631.2171138276
610941.3852429191
615315.7971581223
596529.582497498
109811.0237135841
784836.3967943205
2756299.249337753
1357212.6827255392
2137495.4331190223
385436.8810371108
1911107.8247647774
407553.42995253653
3031747.429983825
447608.8324233981
164047.50022938335
242231.81572145916
2408603.3870849595
730050.2736255694
1557841.0673694054
7563977.430138122
368470.7056004794
1627989.1697286665
1239631.052173883
645219.3098975136
224545.15400143544
1960773.3458999577
190218.41802385807
406959.9915807382
662253.6827144828
1123743.970742806
250480.15040149237
496987.2841289074
789359.9255703388
321618.6725838337
2192372.6880663214
210984.26070205803
350627.5707032336
1217427.0929105622
605762.4519474858
2016151.6958119227
248090.81883249583
128359.84571650931
7485296.000746731
217575.17402314264
445945.7856460206
1403100.5190234731
371384.41271194734
418484.05068436306
255332.72288315123
229479.68450235826
196800.5037652542
618307.9139479991
250705.68640804137
2732262.269115603
554952.1148895768
122536.75873851868
89182.44124504903
167592.72546816833
840585.1588736031
345507.8341186519
316632.90750275855
12314317.884515297
273921.1824497754
633946.3175456148
697452.7912730325
173840.8344446863
908832.2159834953
1205039.0560811588
412865.0365779928
1033923.3474132243
161179.48882453778
321606.21011839126
140784.14485855435
154418.1685975073
341999.390461902
769327.1181858727
403858.3954937453
322732.7650674505
202443.923533116
166468.24759668284
335534.8326932202
318213.9097159732
287861.66167575447
366701.46823214425
393367.9421177546
1780944.296810168
420832.1868814804
202138.5065848768
19325631.706525613
538577.7334716645
1593505.3547595749
869258.6955097424
586724.478175944
222491.70318509298
929910.2261120493
154682.73635346294
278328.56797146186
748386.6279016803
108290.25675000805
708942.0593272973
638937.4484104222
733306.8716265028
956160.159399225
2924479.355034796
1163532.988014835
1438721.5339641897
511838.30223627645
334478.20602247695
291260.02022109594
936695.3461862787
544944.3224147848
311050.06916413095
647475.8815915883
337935.5881888723
92399.66131698029
371378.87383841735
709223.4167936406
279560.96733188315
738023.6551617782
279496.40483729925
460694.59422778164
249551.86981582668
1825012.0938841093
1740172.129486567
1156458.8079782594
2134926.7805194925
1445417.5127925463
356247.9695279865
736300.9789490545
379700.3389580262
1835781.7411039707
230904.30008324978
545285.742040969
385833.429763898
193879.78651697488
255289.8831581928
2841213.642348354
564160.578678073
490221.9828365273
669957.5634354984
1604961.3030277607
133401.69189207559
674262.5663417791
720565.9046993608
271752.7134627869
116745.86646292107
94792.62777173091
494896.4459162377
366701.46823214425
1481920.4202531148
1780944.296810168
732807.1613802196
347930.83165332297
607428.4412514261
861272.4187835965
331320.96156548755
1338389.1672134865
359163.4075374325
254269.60534499006
869258.6955097424
363198.9096285199
114718.20602645262
118937.52948281639
383317.74264249875
426954.6326647868
1230928.0971398966
7485296.000746731
1771933.2419360764
1965514.2754620279
4477884.99633527
368647.776463641
848763.9114549159
1067852.4095803287
4968637.845581686
523301.86645556614
560969.2355309147
477567.47426339233
179144.1327598476
356604.2748767824
179465.1277898899
319842.0788990916
156008.43111490487
87165.1661964493
282953.18118940236
748386.6279016803
105624.41422900683
386768.02812718385
459236.5723159124
395620.10002198524
883748.9079335723
1201727.8482490156
288081.1395393801
696135.9240912789
454485.43045577133
789568.4987767023
1325806.4043615444
1349697.123704543
698193.0097933755
1960773.3458999577
1177644.1337814569
367366.04651084327
351043.07276288123
10106462.314034691
2868170.6474595917
744967.844760197
571003.4241998729
407553.42995253653
784836.3967943205
749338.6217896462
366334.43131588394
832839.9096909104
544943.6300555937
447608.8324233981
243408.99943637848
141402.161981642
311050.06916413095
109452.12201782096
201511.92151679742
302828.6499476575
116113.39634171608
847208.6996215752
810805.059160052
850901.1377333994
2408603.3870849595
669234.4808051388
1046580.5388782254
819271.4004404292
830068.2227585473
1789701.7751304654
2182161.2554444037
635915.9928998163
838420.065137672
250480.15040149237
822621.0342076867
264394.14688840625
598950.762589292
116255.58961061863
210984.26070205803
380675.26724420214
718016.2054326915
164265.8530093232
177537.25362186003
2134926.7805194925
2732262.269115603
505389.8418187911
196800.5037652542
12314317.884515297
134716.3089064576
2571908.4186266284
337772.4510544345
3391609.7741248226
176618.31988527626
105407.09998785389
273921.1824497754
498936.1887073714
406270.14219155855
88532.92177875957
301971.42272399366
908832.2159834953
1765337.655190451
91784.1539959609
121946.86870757546
114079.0719480319
1055894.500898488
113364.81689736075
620728.5747703997
328448.0171014043
1033923.3474132243
113870.32565187066
2841213.642348354
340433.1008815014
202443.923533116
340730.815333738
346703.1922623415
444285.33521561034
239939.50098413622
117093.60386672535
197679.62684834126
631547.119858143
734364.2772013362
274557.8932710267
1563936.4245993544
677818.0038786349
567871.1046737685
723963.3112508144
19325631.706525613
1549679.0179535816
181385.4725517149
151268.88627121723
1208993.2925121735
3988293.579632171
201849.36007763186
574226.8755045255
87776.0866378267
145671.94111406794
390911.6247970048
259962.26916032936
120084.16284842184
2924479.355034796
1133707.8849538527
2756299.249337753
839130.2525780945
932375.0248328918
181128.0880223685
1357212.6827255392
657362.5977528108
1201655.1505339346
371378.87383841735
248399.09176239892
204559.16740727733
267036.18956220825
647475.8815915883
834776.5248937298
368029.7593405534
646578.9302593267
1186102.166751539
141206.65705501338
406959.9915807382
1378295.0200990383
219154.0991587835
350627.5707032336
150773.50326987935
1825012.0938841093
338689.2211685457
1835781.7411039707
1854285.0404900713
603329.6748392384
545167.7813437602
577536.0928039938
144186.48446924554
339623.38680733694
4867907.372296016
887910.8521219613
2784810.600833342
437554.5653378936
480949.99509223405
798782.5014387285
337935.5881888723
159653.0964425328
761284.2410958422
1952330.0255626894
601997.921934873
1549679.0179535816
407478.65515988175
494896.4459162377
420832.1868814804
1160239.954611462
136249.97105997065
359163.4075374325
414127.9862877279
1563936.4245993544
2571908.4186266284
7485296.000746731
585960.1136288062
2273745.6638136893
171883.36192123062
519909.9987776425
950025.8569647685
12314317.884515297
1481920.4202531148
94792.62777173091
503743.3251171047
2154808.7401451655
848763.9114549159
1021737.8256472609
364211.1387661244
4968324.553047647
1405381.8425586352
170180.59103525526
206234.59010519838
523301.86645556614
356604.2748767824
748386.6279016803
333924.14557968086
718016.2054326915
1333143.6808907944
258072.21511312143
1695553.041406595
822826.4052527907
1255116.530935132
966135.3244471295
686631.2171138276
482745.195930241
459236.5723159124
368470.7056004794
1249007.326521358
152529.41272378297
403419.69940119085
988456.9847729625
1133900.880078413
516671.05593608576
832839.9096909104
447608.8324233981
116113.39634171608
201511.92151679742
877186.208249531
2182161.2554444037
810805.059160052
1789701.7751304654
730050.2736255694
830068.2227585473
7563977.430138122
615969.2976897615
438124.80967678525
327783.6984574019
282158.9586521421
355606.84491689084
1378295.0200990383
226626.5588201245
681747.4019236636
314108.4793465697
153018.13176790508
359184.00522337214
515148.81770922843
598950.762589292
1581668.6089362025
635915.9928998163
2016053.0346271698
696135.9240912789
780728.9758922423
594429.1378010497
567939.7347786009
210984.26070205803
360042.53062051954
249551.86981582668
184903.9554167379
303023.4625150949
354718.5480745198
372592.7525904728
732442.1149966341
4968637.845581686
1217427.0929105622
1155145.0564128666
146414.84252627697
2732262.269115603
142342.12612865996
91204.82244268419
90292.03339392271
426911.27367043495
2134926.7805194925
418484.05068436306
231997.2756115335
151510.51962896273
1923778.8634136033
534247.805634499
264838.38185449067
170200.92908649816
445945.7856460206
294914.55166719924
647216.1603499714
699459.8540235613
273921.1824497754
498936.1887073714
362182.18015617237
814256.1235488273
365730.26137662126
301971.42272399366
176618.31988527626
4054969.500647324
807261.7379090429
2612684.9131951747
1033923.3474132243
320066.57636685367
2841213.642348354
888322.8058407538
1632479.9845328983
2009614.0941485642
476635.7318817704
631547.119858143
166468.24759668284
737062.0547900338
444285.33521561034
538577.7334716645
255237.00422496122
1769661.4383397943
1771933.2419360764
869258.6955097424
336524.8197918058
558209.924519095
142427.5459438802
274557.8932710267
504112.179476242
688258.8670275524
723963.3112508144
1780944.296810168
153165.51773074202
1328335.2463075775
3988293.579632171
950764.9504014256
254845.21546761383
132865.02697395952
104571.50898891654
267739.9726801118
477567.47426339233
291479.23845002486
673576.0922036567
278328.56797146186
506504.36702690244
282953.18118940236
1043326.4506793601
939576.4258708593
358424.6602803709
1438721.5339641897
1147896.9211294898
380964.7599310427
578962.3527379646
211897.65556511184
311006.79671467794
136993.6513762698
1146893.0003021804
2459325.621435782
615315.7971581223
633119.8137610626
92399.66131698029
141402.161981642
544943.6300555937
302828.6499476575
1685915.4014644236
1255952.5546585636
911470.10450215
518253.0101431884
228481.38909347766
1507302.3082042637
1800574.4107800247
822621.0342076867
138583.308079375
554125.0052907323
560969.2355309147
150773.50326987935
380675.26724420214
535204.7325817025
386768.02812718385
1354654.4155138782
2016151.6958119227
2192865.1285410966
102091.99763525992
172372.51368984728
19325631.706525613
379700.3389580262
1835781.7411039707
892128.1850456502
554925.1128811181
254047.44458949837
1185790.6051154775
348619.5559588168
210562.78704438586
4867907.372296016
440028.10509352566
201808.16470575266
681825.4654224768
564160.578678073
620296.542635061
798782.5014387285
802670.7041118778
1728575.1130331643
1048676.6563297284
1665536.6741190304
538577.7334716645
267188.5085842828
1218593.718147815
376410.248081216
1549679.0179535816
341198.3308776282
105542.62929954067
1403100.5190234731
209372.70813952957
1338389.1672134865
753136.6446781356
353332.18533894466
1067852.4095803287
1405381.8425586352
4968324.553047647
3516788.3159024464
291479.23845002486
145671.94111406794
108290.25675000805
278328.56797146186
477567.47426339233
748386.6279016803
523301.86645556614
356604.2748767824
718016.2054326915
119693.75880945691
354718.5480745198
134838.33721391502
282953.18118940236
1163532.988014835
1255116.530935132
1438721.5339641897
395620.10002198524
459236.5723159124
576202.7820914482
1201727.8482490156
822826.4052527907
1177644.1337814569
1193658.4018750212
974132.938555032
508540.5088634637
281306.40485301916
1113791.3073686173
608928.7836188603
1527242.2529122035
749338.6217896462
407553.42995253653
1391899.87820706
243408.99943637848
207395.07065462883
371378.87383841735
414278.2282322287
148993.36124428202
302828.6499476575
647475.8815915883
141402.161981642
1073145.4955974189
532241.7814227571
2408603.3870849595
1284741.7152796413
582135.9541808472
910871.2138017205
1789701.7751304654
181839.05436688117
1109850.0526724383
1627989.1697286665
645219.3098975136
789912.5147498536
327783.6984574019
231360.1320657876
1123743.970742806
334977.13736467
822621.0342076867
526837.3986656736
1350623.1541228371
448211.87727897504
360042.53062051954
135696.68952126463
1354654.4155138782
274743.87825877575
386768.02812718385
380675.26724420214
560969.2355309147
184903.9554167379
193925.2225889005
303023.4625150949
720785.3825629863
1155145.0564128666
1209042.62310455
294914.55166719924
134716.3089064576
1199488.0662653286
267198.54779255594
353586.1080723349
545167.7813437602
1923778.8634136033
7485296.000746731
151510.51962896273
1312657.6378707574
1835781.7411039707
357915.4300952081
122536.75873851868
88532.92177875957
633946.3175456148
337772.4510544345
815480.0415091556
4054969.500647324
236204.22314735368
161179.48882453778
2841213.642348354
873842.9788047925
809335.3536868304
213983.1279940495
403858.3954937453
5748871.265382793
1632479.9845328983
1245689.1950973023
164814.63421328607
381650.1955303781
207143.571178408
620296.542635061
315734.22527251876
222491.70318509298
96540.31546023847
933904.2731965606
146920.178190989
723963.3112508144
1780944.296810168
677818.0038786349
1481920.4202531148
929910.2261120493
2313094.1675502867
399549.5846119128
1965514.2754620279
104571.50898891654
131315.6136488456
333924.14557968086
335704.2010603792
281683.7406122493
319842.0788990916
1695553.041406595
1194110.1662473103
708942.0593272973
325386.4913026049
661373.261457912
1146893.0003021804
88535.60467062565
1635537.6158112471
195606.18416035155
311050.06916413095
2271633.9682803834
457556.73582814715
1581668.6089362025
635915.9928998163
333199.76477583766
438124.80967678525
838420.065137672
1000684.0480904006
126196.13669896065
476460.4784614858
150773.50326987935
233606.92418628605
877245.9242297761
2016151.6958119227
338294.31679483765
180940.11250194468
2732262.269115603
1854285.0404900713
19325631.706525613
720565.3854299673
534247.805634499
892128.1850456502
796866.310832051
226269.9072917329
296482.2259659823
232665.2291412899
272420.84008234116
201808.16470575266
564160.578678073
429196.75136074435
560740.670452904
92040.41344162151
210915.5440523267
271061.9120797193
379974.77283245703
1422921.8972199121
724646.4101378793
1570534.6076919471
1952330.0255626894
2565642.5679458347
396820.30468001345
267036.18956220825
666390.2692474924
858832.6315385377
1780944.296810168
96540.31546023847
1481920.4202531148
2273745.6638136893
230024.5711858704
1403100.5190234731
1771933.2419360764
685953.3109206968
1563936.4245993544
1312657.6378707574
359163.4075374325
298550.9952294311
265967.619695416
357915.4300952081
2154808.7401451655
368647.776463641
1405381.8425586352
1965514.2754620279
4968324.553047647
1017831.1889106445
108290.25675000805
278328.56797146186
105624.41422900683
87165.1661964493
560969.2355309147
477567.47426339233
303023.4625150949
89157.08358966956
698193.0097933755
627385.3487595518
789568.4987767023
459236.5723159124
706476.7413370613
421261.36303515517
1255116.530935132
334977.13736467
696135.9240912789
1177644.1337814569
260815.42877374458
822826.4052527907
1635537.6158112471
365612.3006794124
905234.5445359732
574867.1346666319
2595919.435379106
744967.844760197
1042526.7758134687
289755.61024341313
877186.208249531
105837.83394970899
174199.64959555055
544943.6300555937
161847.87507878873
371378.87383841735
447608.8324233981
267036.18956220825
647475.8815915883
150456.40276028778
506504.36702690244
302828.6499476575
1380916.4650869009
1284741.7152796413
636599.5245113758
942455.7746574616
2408603.3870849595
1581668.6089362025
655202.5236210161
330854.48456038424
1193658.4018750212
595088.9561103089
567939.7347786009
838420.065137672
364544.769351407
598950.762589292
602424.7613762773
359184.00522337214
249551.86981582668
101153.59129642228
274743.87825877575
166223.58516747557
124662.21491075089
386768.02812718385
718016.2054326915
113364.29762796732
210984.26070205803
380675.26724420214
1226123.989801625
2016151.6958119227
4968637.845581686
3810604.7858923264
12314317.884515297
294914.55166719924
267198.54779255594
784748.0344525375
1854285.0404900713
635669.513027732
892128.1850456502
840585.1588736031
2571908.4186266284
316632.90750275855
1338389.1672134865
1740172.129486567
1923778.8634136033
554952.1148895768
144610.20829428927
217575.17402314264
814256.1235488273
337772.4510544345
173840.8344446863
362182.18015617237
283268.8969806114
190583.72404214027
255043.23019631073
124267.7432615374
647216.1603499714
908832.2159834953
3604297.3249822496
121160.78139081235
113364.81689736075
127297.50708243829
321606.21011839126
873842.9788047925
230354.56688539893
403858.3954937453
1245689.1950973023
737062.0547900338
346703.1922623415
414127.9862877279
366701.46823214425
567871.1046737685
607428.4412514261
1604961.3030277607
620296.542635061
861272.4187835965
186777.99865764822
297129.5818097991
167608.04391527473
677818.0038786349
1549679.0179535816
399549.5846119128
1208993.2925121735
1252905.3087680838
510535.5418730446
218004.00399722176
939484.688278019
1021737.8256472609
356604.2748767824
748386.6279016803
523301.86645556614
154682.73635346294
638937.4484104222
323741.79204379546
1221357.9622188723
708942.0593272973
2924479.355034796
1357212.6827255392
661373.261457912
1249007.326521358
207395.07065462883
248399.09176239892
204559.16740727733
171712.26265609346
1255952.5546585636
1186102.166751539
10106462.314034691
1202839.9501999575
1880577.3807777108
777988.7913030809
320801.77528306004
1326915.0445165304
228783.5173355585
246890.26799487192
635915.9928998163
840719.3034669075
150773.50326987935
736808.1320566435
589253.4066668758
553126.2771573571
19325631.706525613
2192865.1285410966
846407.1207679079
1075251.1329878017
815480.0415091556
620728.5747703997
106876.37273658087
192598.66237846948
766609.089090831
2848537.071693779
104273.96762647775
379424.260730516
798782.5014387285
91393.23068760254
1670793.4112785803
555601.893990563
387303.04869222065
1193304.4332384956
3106832.9188256734
291479.23845002486
333924.14557968086
1075483.9387658588
761284.2410958422
923139.8186706336
558302.5275609244
1459364.2232512466
311050.06916413095
129420.79963219784
7485296.000746731
341198.3308776282
1771933.2419360764
734364.2772013362
359163.4075374325
723963.3112508144
298550.9952294311
1780944.296810168
407478.65515988175
732807.1613802196
538577.7334716645
1312657.6378707574
297129.5818097991
267188.5085842828
1549679.0179535816
2192865.1285410966
1076360.6385917766
1155145.0564128666
1405381.8425586352
477567.47426339233
356604.2748767824
718016.2054326915
523301.86645556614
278328.56797146186
132396.81907087812
748386.6279016803
113364.29762796732
354718.5480745198
89157.08358966956
274743.87825877575
2192372.6880663214
1201727.8482490156
1325806.4043615444
708942.0593272973
698193.0097933755
966135.3244471295
1133707.8849538527
454485.43045577133
1123743.970742806
822826.4052527907
1275208.7946651464
706476.7413370613
1356167.2203467549
4436635.101169707
988456.9847729625
2756299.249337753
2137495.4331190223
620674.5707534824
852894.1802103054
366334.43131588394
407553.42995253653
1527242.2529122035
278491.2723814051
385436.8810371108
647475.8815915883
447608.8324233981
116113.39634171608
204559.16740727733
355606.84491689084
2868170.6474595917
1046580.5388782254
2077555.3015857225
1391899.87820706
615969.2976897615
830068.2227585473
2582925.584257361
1286410.3009305487
2595919.435379106
650655.88735699
1167736.473754699
567939.7347786009
327783.6984574019
838420.065137672
190508.25689029423
549366.9398386788
370609.74932183983
380675.26724420214
88240.1403857606
360042.53062051954
560969.2355309147
503030.454784816
832361.8356693538
736808.1320566435
605762.4519474858
276815.936228383
1403100.5190234731
2571908.4186266284
1338389.1672134865
333501.71992812067
338420.93198193714
371384.41271194734
356247.9695279865
2134926.7805194925
2732262.269115603
618307.9139479991
498936.1887073714
1765337.655190451
114079.0719480319
107764.58303405304
170326.24610011405
161179.48882453778
97193.55635718089
2841213.642348354
320066.57636685367
888322.8058407538
321606.21011839126
476635.7318817704
5748871.265382793
631547.119858143
132143.4156068814
166468.24759668284
150672.24573815934
737062.0547900338
207143.571178408
117093.60386672535
381650.1955303781
1481920.4202531148
146920.178190989
567871.1046737685
1769661.4383397943
607428.4412514261
188129.05107446964
232980.42566310553
698581.942569059
138894.43699094205
685953.3109206968
181385.4725517149
2154808.7401451655
4477884.99633527
615481.8768191229
3988293.579632171
170180.59103525526
210915.5440523267
179144.1327598476
104571.50898891654
1428441.7308721363
791756.8730904391
423008.96417876385
380964.7599310427
2152342.210526345
186859.09122792314
337141.45219651103
936695.3461862787
1113791.3073686173
414278.2282322287
302828.6499476575
243408.99943637848
1819981.238910704
834776.5248937298
849555.6241901078
1241373.2009888606
1239631.052173883
835304.0160525618
186484.95762995255
586689.427491887
592989.4634077485
3572904.0283530904
744849.4513384936
1960773.3458999577
681747.4019236636
219154.0991587835
295699.51390027656
372592.7525904728
2016151.6958119227
545167.7813437602
590861.5839783469
677376.0190799221
839779.858589283
892128.1850456502
822972.2334074473
180940.11250194468
846407.1207679079
12314317.884515297
19325631.706525613
3391609.7741248226
131095.87615052328
161062.393576318
337772.4510544345
367672.934722364
814256.1235488273
807261.7379090429
273532.85548838426
340433.1008815014
173406.20596238045
1296508.3597348996
1593505.3547595749
551150.4571153334
1651718.0501107108
126312.45304309031
219512.4815851532
506504.36702690244
1753416.0953661508
1800574.4107800247
1563936.4245993544
503743.3251171047
288046.8677594133
1160239.954611462
538577.7334716645
115787.64134223395
331320.96156548755
1593505.3547595749
118937.52948281639
426954.6326647868
833643.5656221515
1481920.4202531148
732807.1613802196
519909.9987776425
126086.31122224894
1992865.9253122772
282953.18118940236
278328.56797146186
560969.2355309147
718016.2054326915
105624.41422900683
386768.02812718385
838190.8942453689
421261.36303515517
554506.322115312
785956.2877861641
487349.8172765343
1275208.7946651464
822826.4052527907
505056.1246886096
1255116.530935132
966135.3244471295
1123743.970742806
258072.21511312143
1356167.2203467549
723078.7358390961
425071.93493398593
932375.0248328918
510665.44576630247
366334.43131588394
10106462.314034691
2171192.5549570587
2408603.3870849595
2137495.4331190223
988456.9847729625
1358675.2915170505
1113791.3073686173
1635537.6158112471
2868170.6474595917
877186.208249531
544943.6300555937
248399.09176239892
302828.6499476575
414278.2282322287
116113.39634171608
311050.06916413095
532241.7814227571
1109850.0526724383
1627989.1697286665
475172.69036576466
458006.076943267
1557841.0673694054
741363.4228105603
1391899.87820706
730050.2736255694
904386.4045266947
702249.8884744927
838420.065137672
706476.7413370613
650655.88735699
655202.5236210161
662253.6827144828
635915.9928998163
760854.3725829762
549366.9398386788
228783.5173355585
181523.85784506556
1378295.0200990383
4436635.101169707
200271.30039098003
193925.2225889005
354718.5480745198
135696.68952126463
93605.66448323528
184903.9554167379
274743.87825877575
210984.26070205803
115842.33771834253
1217427.0929105622
458513.05696105835
1017831.1889106445
840585.1588736031
2134926.7805194925
2571908.4186266284
255332.72288315123
1312657.6378707574
459530.82497219276
445945.7856460206
1835781.7411039707
1854285.0404900713
554952.1148895768
7485296.000746731
267198.54779255594
363198.9096285199
534247.805634499
86635.25178044791
385833.429763898
127501.92613365424
814256.1235488273
498936.1887073714
337772.4510544345
365730.26137662126
243746.09181761727
323043.1150749274
4867907.372296016
1205039.0560811588
272420.84008234116
373678.45834724844
1033923.3474132243
97193.55635718089
150476.39463193508
154418.1685975073
460978.8942206878
140784.14485855435
888322.8058407538
476635.7318817704
1428868.397223743
1632479.9845328983
132143.4156068814
166381.1834283834
737062.0547900338
111311.71226061396
220608.65927469646
101034.67860532545
688258.8670275524
1780944.296810168
12314317.884515297
366701.46823214425
1549679.0179535816
504112.179476242
19325631.706525613
723963.3112508144
1252905.3087680838
929910.2261120493
3988293.579632171
291479.23845002486
748386.6279016803
91749.5360363985
356604.2748767824
673576.0922036567
335704.2010603792
126312.45304309031
333924.14557968086
170180.59103525526
1728575.1130331643
211897.65556511184
1695553.041406595
651499.2673968289
160374.27508511645
1819995.951543518
334478.20602247695
268345.09461326245
834146.1318500986
511838.30223627645
1649384.7996362054
312970.76010555157
798273.0116188689
125044.22409452192
647475.8815915883
92285.76823002001
326207.80239322275
646578.9302593267
1241373.2009888606
2077555.3015857225
1521766.5571584217
1147870.957659818
1186102.166751539
1002205.5074131681
432143.1724439988
639673.1665960221
336223.7300885119
1350623.1541228371
279496.40483729925
282480.90567607235
356397.77874799265
554125.0052907323
209988.30200544788
249551.86981582668
535204.7325817025
372592.7525904728
3516788.3159024464
697677.5483754914
3810604.7858923264
496306.7815888097
1414526.176577042
2732262.269115603
736300.9789490545
1923778.8634136033
1740172.129486567
1457495.718883866
136646.9525112524
466064.2724804038
180940.11250194468
720565.3854299673
367672.934722364
554925.1128811181
117639.87526861994
683937.6802251764
933904.2731965606
480949.99509223405
1382637.843126141
674262.5663417791
325486.62375063915
1218593.718147815
265967.619695416
1338389.1672134865
1549679.0179535816
869258.6955097424
723963.3112508144
734364.2772013362
494896.4459162377
861272.4187835965
1563936.4245993544
118937.52948281639
211121.43436682402
353481.04256506293
2571908.4186266284
95671.83739971687
1965514.2754620279
1992865.9253122772
1512102.9537465787
3988293.579632171
718016.2054326915
560969.2355309147
523301.86645556614
193925.2225889005
698193.0097933755
421261.36303515517
1333143.6808907944
760996.9985763732
1325806.4043615444
2192372.6880663214
1275208.7946651464
142477.91507504348
268525.45418258256
1221357.9622188723
966135.3244471295
476635.4722470737
932375.0248328918
1113791.3073686173
366334.43131588394
1042526.7758134687
1391899.87820706
2137495.4331190223
2756299.249337753
1073087.510515152
1911107.8247647774
2582925.584257361
1635537.6158112471
1789701.7751304654
647475.8815915883
141402.161981642
414278.2282322287
109452.12201782096
207395.07065462883
337935.5881888723
92399.66131698029
201511.92151679742
243408.99943637848
1239631.052173883
355606.84491689084
649573.2106716761
877186.208249531
2868170.6474595917
651754.7479383993
1627989.1697286665
582135.9541808472
2182161.2554444037
259886.28273908992
1960773.3458999577
406959.9915807382
592989.4634077485
370404.6379114326
645219.3098975136
1286410.3009305487
760854.3725829762
1326915.0445165304
496987.2841289074
708054.4548441174
295699.51390027656
386768.02812718385
274743.87825877575
190409.42261574356
88240.1403857606
93605.66448323528
124662.21491075089
458513.05696105835
494179.3348839026
2134926.7805194925
1312657.6378707574
267198.54779255594
407478.65515988175
1854285.0404900713
553902.4118107461
433100.1859361012
188312.35317035255
818476.8317235734
445945.7856460206
1923778.8634136033
255043.23019631073
196814.7836735737
699459.8540235613
283268.8969806114
192492.55833241076
1608944.0992754144
150476.39463193508
113870.32565187066
2784810.600833342
181665.6183894736
2841213.642348354
403858.3954937453
476635.7318817704
100971.15464952846
340730.815333738
1372317.3639316016
879244.2459455153
620296.542635061
1230928.0971398966
434903.0027252119
1771933.2419360764
1213124.9459859454
12314317.884515297
91371.16173838152
156008.43111490487
210915.5440523267
748386.6279016803
291479.23845002486
179144.1327598476
441730.2701652088
838190.8942453689
791756.8730904391
1695553.041406595
257357.44079305689
148509.14253490302
540429.8808531517
280495.99841966346
883748.9079335723
1614449.2202948243
956160.159399225
325386.4913026049
391905.5929609401
720565.9046993608
588052.3365598584
2152342.210526345
798273.0116188689
1249007.326521358
1180343.4691783346
1201655.1505339346
248399.09176239892
311050.06916413095
116113.39634171608
544943.6300555937
171712.26265609346
777988.7913030809
2077555.3015857225
1186102.166751539
650655.88735699
228481.38909347766
321618.6725838337
333199.76477583766
1350623.1541228371
744849.4513384936
1581668.6089362025
356397.77874799265
303023.4625150949
1354654.4155138782
210984.26070205803
535204.7325817025
206999.12774213392
503030.454784816
892128.1850456502
260912.01288092372
338689.2211685457
784748.0344525375
268510.9146395664
421107.2265702036
601820.5914370146
310058.78389206174
210562.78704438586
3391609.7741248226
254047.44458949837
814256.1235488273
153898.46647957683
232665.2291412899
287357.2780049303
109048.64969912122
183802.93121285594
115359.59027224492
181954.41871712287
504112.179476242
669957.5634354984
1920400.1505603134
1361803.024163513
132865.02697395952
333924.14557968086
150889.04070991886
739482.7156124344
2004621.3189306776
719432.0799787935
323048.04813416506
327858.0405255622
190888.5351760871
102706.37987259356
869258.6955097424
519909.9987776425
353586.1080723349
357838.40513518185
1481920.4202531148
1549679.0179535816
275679.1689812528
4477884.99633527
254845.21546761383
278328.56797146186
354718.5480745198
356604.2748767824
193925.2225889005
477567.47426339233
583995.8040583369
740600.3564369063
4436635.101169707
785956.2877861641
154770.31979115578
386483.6415893787
2788308.745647122
706476.7413370613
1438721.5339641897
454485.43045577133
1177644.1337814569
1193658.4018750212
1201655.1505339346
558555.8444800222
2408603.3870849595
1071598.938253969
2459325.621435782
1133900.880078413
942455.7746574616
98626.9129728619
92399.66131698029
207395.07065462883
164047.50022938335
161847.87507878873
174199.64959555055
204559.16740727733
267036.18956220825
414278.2282322287
311050.06916413095
141402.161981642
1046580.5388782254
904386.4045266947
850901.1377333994
466861.26445442904
2595919.435379106
1627989.1697286665
1326915.0445165304
129131.3069453573
1073145.4955974189
134478.74315896063
1167736.473754699
1109850.0526724383
354573.23918925656
760854.3725829762
598950.762589292
496987.2841289074
344561.9849185084
301276.46718577854
181523.85784506556
370404.6379114326
334977.13736467
294827.05477440526
718016.2054326915
560969.2355309147
380675.26724420214
93605.66448323528
249551.86981582668
4968637.845581686
2016151.6958119227
233089.38569082823
1854285.0404900713
2134926.7805194925
484348.0940028789
12314317.884515297
554952.1148895768
142342.12612865996
585960.1136288062
144610.20829428927
255332.72288315123
196800.5037652542
180677.3621888661
641843.9722952809
433100.1859361012
445945.7856460206
90292.03339392271
294914.55166719924
1403100.5190234731
156244.5255991204
633946.3175456148
647216.1603499714
148846.49455083857
301971.42272399366
105407.09998785389
699459.8540235613
766609.089090831
5748871.265382793
2612684.9131951747
1608944.0992754144
161179.48882453778
1033923.3474132243
91784.1539959609
683937.6802251764
2848537.071693779
476635.7318817704
340730.815333738
737062.0547900338
764054.1105853284
448162.63323149754
620296.542635061
318213.9097159732
1771933.2419360764
685953.3109206968
615481.8768191229
1142345.0658646706
2313094.1675502867
1208993.2925121735
510535.5418730446
335704.2010603792
210915.5440523267
319842.0788990916
748386.6279016803
291479.23845002486
523301.86645556614
282953.18118940236
280495.99841966346
257357.44079305689
1255116.530935132
883748.9079335723
325386.4913026049
423008.96417876385
2152342.210526345
1459364.2232512466
661373.261457912
334478.20602247695
506504.36702690244
116113.39634171608
337935.5881888723
647475.8815915883
2057867.2025335988
1168367.3860677236
279560.96733188315
507170.50311378186
810805.059160052
1665536.6741190304
789359.9255703388
650655.88735699
279496.40483729925
539854.3572754269
233606.92418628605
372592.7525904728
166223.58516747557
350627.5707032336
554125.0052907323
1789708.6987223777
818476.8317235734
379700.3389580262
534247.805634499
144186.48446924554
553902.4118107461
236566.06736967966
601820.5914370146
339623.38680733694
736300.9789490545
357377.7266383052
127501.92613365424
3391609.7741248226
201795.70224031014
490221.9828365273
480949.99509223405
798782.5014387285
574226.8755045255
289947.8264638834
1372317.3639316016
91336.88995841473
366701.46823214425
732807.1613802196
257272.10752273555
268278.97431049834
2571908.4186266284
1296508.3597348996
331320.96156548755
1160239.954611462
1549679.0179535816
357838.40513518185
481127.4121349913
2192865.1285410966
100428.34504359007
407478.65515988175
1142345.0658646706
2313094.1675502867
1021737.8256472609
458513.05696105835
179144.1327598476
278328.56797146186
560969.2355309147
291479.23845002486
115842.33771834253
380675.26724420214
206234.59010519838
354718.5480745198
108290.25675000805
233764.43590229494
1201727.8482490156
1163532.988014835
740600.3564369063
1177644.1337814569
2192372.6880663214
454485.43045577133
966135.3244471295
156085.3695300323
595088.9561103089
2016053.0346271698
1201655.1505339346
312059.00959557696
508540.5088634637
832839.9096909104
744967.844760197
476635.4722470737
1569328.1718011973
385436.8810371108
905234.5445359732
1180343.4691783346
702249.8884744927
2868170.6474595917
608928.7836188603
1911107.8247647774
447608.8324233981
201511.92151679742
98626.9129728619
94028.00358989649
302828.6499476575
371378.87383841735
243408.99943637848
161847.87507878873
1521766.5571584217
1020952.8634141835
1836182.4439859055
730050.2736255694
942455.7746574616
1557841.0673694054
1384588.5651474819
1038176.1637454648
649573.2106716761
497243.630119467
1391899.87820706
692196.4002930784
1960773.3458999577
496987.2841289074
181523.85784506556
789359.9255703388
4436635.101169707
549366.9398386788
1286410.3009305487
386768.02812718385
193925.2225889005
274743.87825877575
166223.58516747557
184903.9554167379
1036347.4700315811
697677.5483754914
4968324.553047647
503030.454784816
126114.00558989886
201825.0409610393
2732262.269115603
217575.17402314264
816437.0550012582
1403100.5190234731
426911.27367043495
7485296.000746731
107688.33697811687
328938.1208639089
1835781.7411039707
950025.8569647685
176618.31988527626
633946.3175456148
86635.25178044791
301971.42272399366
192492.55833241076
337772.4510544345
385833.429763898
105407.09998785389
1205039.0560811588
1055894.500898488
96429.1918100432
620728.5747703997
2841213.642348354
227678.338976529
769327.1181858727
1907241.8641306467
941255.3969096355
631547.119858143
197679.62684834126
312654.09232045454
244693.75846063788
571241.855396359
237193.60443164696
414127.9862877279
12314317.884515297
434903.0027252119
538577.7334716645
19325631.706525613
2154808.7401451655
1891715.7092669122
574226.8755045255
134838.33721391502
201849.36007763186
718016.2054326915
956160.159399225
1221357.9622188723
1333143.6808907944
708942.0593272973
1438721.5339641897
2924479.355034796
1428441.7308721363
423008.96417876385
852894.1802103054
588052.3365598584
932375.0248328918
510665.44576630247
425071.93493398593
337935.5881888723
647475.8815915883
311050.06916413095
414278.2282322287
2271633.9682803834
7563977.430138122
366397.5225471864
275803.44745608175
1581668.6089362025
744849.4513384936
295699.51390027656
2016151.6958119227
822972.2334074473
310058.78389206174
191062.7500575849
577536.0928039938
1740172.129486567
135632.30011647858
796866.310832051
459530.82497219276
379700.3389580262
1156458.8079782594
814256.1235488273
201795.70224031014
699459.8540235613
160578.9537710291
273532.85548838426
887910.8521219613
238413.10860213125
933904.2731965606
380784.8330862171
2273745.6638136893
270897.390226899
168710.02011304468
1825833.404974727
1361803.024163513
477567.47426339233
267036.18956220825
1546394.639040099
1338389.1672134865
178178.37823295564
296635.49698194483
1218593.718147815
538577.7334716645
1481920.4202531148
112739.09727827046
190888.5351760871
297129.5818097991
414127.9862877279
140082.09263862894
323048.04813416506
833643.5656221515
211121.43436682402
186847.84039106537
519909.9987776425
1771933.2419360764
424874.7856542781
363198.9096285199
1992865.9253122772
1021737.8256472609
649689.0077464123
206234.59010519838
145671.94111406794
748386.6279016803
354718.5480745198
356604.2748767824
560969.2355309147
523301.86645556614
477567.47426339233
386768.02812718385
380675.26724420214
116255.58961061863
274743.87825877575
104088.41536322332
718016.2054326915
1255116.530935132
789568.4987767023
733306.8716265028
1133707.8849538527
463800.6906495176
822826.4052527907
367366.04651084327
487349.8172765343
496987.2841289074
602424.7613762773
1123743.970742806
1113791.3073686173
2171192.5549570587
1201655.1505339346
749338.6217896462
905234.5445359732
98626.9129728619
116113.39634171608
337935.5881888723
371378.87383841735
248399.09176239892
109452.12201782096
647475.8815915883
161847.87507878873
544943.6300555937
92399.66131698029
302828.6499476575
651754.7479383993
1789701.7751304654
2182161.2554444037
1836182.4439859055
830068.2227585473
132967.75576896095
186484.95762995255
1000684.0480904006
1038176.1637454648
2868170.6474595917
1627989.1697286665
822621.0342076867
1284741.7152796413
330854.48456038424
655202.5236210161
259886.28273908992
1581668.6089362025
250480.15040149237
448211.87727897504
166223.58516747557
535204.7325817025
88737.51391977332
360042.53062051954
248090.81883249583
208850.75585422755
418484.05068436306
1923778.8634136033
534247.805634499
2571908.4186266284
796866.310832051
1445417.5127925463
459530.82497219276
12314317.884515297
1403100.5190234731
386788.0199988311
2192865.1285410966
1835781.7411039707
484348.0940028789
445945.7856460206
647216.1603499714
173840.8344446863
365730.26137662126
406270.14219155855
1632479.9845328983
373678.45834724844
227678.338976529
386489.4400976054
809335.3536868304
1428868.397223743
868171.6915794831
444285.33521561034
335534.8326932202
1213124.9459859454
698581.942569059
685953.3109206968
677818.0038786349
683141.9864246348
607428.4412514261
620296.542635061
1252905.3087680838
712549.8565279912
3988293.579632171
390911.6247970048
291479.23845002486
210915.5440523267
1728575.1130331643
1614449.2202948243
627385.3487595518
883748.9079335723
517173.10289463954
687744.8768729498
1194110.1662473103
2924479.355034796
2152342.210526345
1635537.6158112471
464676.09230195166
852894.1802103054
204559.16740727733
174199.64959555055
267036.18956220825
311050.06916413095
1020952.8634141835
7563977.430138122
10106462.314034691
439530.21229011955
539854.3572754269
264394.14688840625
321618.6725838337
194491.832042038
372592.7525904728
350627.5707032336
3810604.7858923264
4968324.553047647
338689.2211685457
268510.9146395664
198340.4836963874
2732262.269115603
1854285.0404900713
330442.09811709716
822972.2334074473
818476.8317235734
1740172.129486567
385833.429763898
548207.670917833
3391609.7741248226
337772.4510544345
117639.87526861994
260162.0147870044
238955.4854835751
340433.1008815014
2784810.600833342
2841213.642348354
766609.089090831
224628.49673908186
1372317.3639316016
1604961.3030277607
1085839.9013689496
281683.7406122493
635914.5216365348
283106.9714747583
