523256.9296282297
901786.5834461771
246902.6607067847
368344.17615387426
269959.25568804366
654926.2442470392
869902.655681729
1635483.708428093
1488778.2827244236
655187.9880557224
2138111.998536533
938258.7918801727
546465.6587580795
512792.96223518124
1221615.900196401
372824.36951971933
273821.9813020357
2038681.8281732118
1430524.808002428
923013.4075368774
4226727.11630733
866154.0053065735
1102504.706420958
1078668.6649679318
1074867.8485138067
5708551.275041455
453232.6967878633
250936.09321732784
188257.94039251513
1024747.8165323607
206380.0708611021
381679.6121700618
174610.01535463857
378465.8163399864
473601.1148553594
2088497.388876624
14440890.03438845
804411.2897383075
542231.4781848859
430027.5198229237
101729.74043588675
861182.3952979814
801114.4747397548
1882123.7119123603
348441.19318006607
1737834.7732520215
224633.3269600958
154324.7179460456
338884.14423385507
399222.8412486801
314880.33910663216
159054.7807407307
398273.2968229179
348437.2350534516
1703289.4620462775
538887.6731190899
396714.70835066156
1709192.1452230974
312712.8080783077
202616.90735502722
2040684.2342784158
934477.9690399718
794352.7765971745
1695028.1413689533
170855.88449647865
984802.3012489787
3204099.4347743466
780089.4136159649
678096.2040341528
1658802.1487084616
22662994.811101712
312660.1345472078
328542.9802562804
153358.32610956553
304381.5604974618
420766.21397810976
3265722.3916399195
1443498.329159459
3016053.9138434734
1817294.672489089
1645403.3826664425
441412.91879372916
268290.347122713
687150.1649386254
1539341.8278675394
350108.07193687645
609693.7882014478
752684.6643131017
313329.56539717875
500685.86484500894
344800.2241469088
902183.0050501775
949100.3036579833
540585.8109271119
593183.5286787731
356114.5798195064
560663.8648857897
803253.385467944
1139931.3308211642
386847.5046625599
354123.03318988555
812616.1817387692
145332.3617301618
2089371.2214445816
936725.0685622891
2075266.0820375239
582267.6244186962
107634.4534212272
129078.87298529582
1508561.8114668163
702384.1823542075
263322.08629817923
756642.8924179706
1317804.4663529198
1583863.6479501994
799479.0580150079
272844.42551869433
186441.05878605993
299376.154177008
1417833.4302297086
569915.3261592805
710372.189314283
1437864.595611569
1970153.4627218267
1464555.5627482943
790701.658521416
242056.69584559466
381202.81014866056
292828.2963620336
1257959.621751066
980061.7849404144
2027084.5171928946
341755.40987614216
790258.3483405984
432843.7776543127
1132303.310402151
230709.7617462475
4677036.076902659
1146182.1261592035
816507.8321241746
2546138.0178470123
219127.97880111003
2884029.078262346
288375.09944950754
716445.4778972281
596360.8894459105
1061560.4238551983
669610.5895153437
427205.68001810403
136539.5356918163
490431.9826338041
174981.36882341412
1826866.2345662198
2153274.668182629
1623694.5805426142
763257.6324236863
2663924.761563007
1813443.1108219584
1588256.1535879706
128404.6720853024
215741.3447755372
583772.3214747404
2524032.3881574795
3008706.0070002517
595405.8645371436
3758820.7307458934
1336420.8551961822
1516305.5309714826
654716.3620460477
1174357.898228475
2722666.4052341175
2728220.9762497186
1090497.3741195549
136657.4675668415
516017.0085982838
165066.16016380908
1101832.839800763
1254539.3943944834
1471863.8883253718
650264.5859994857
442995.7634778023
1364464.689711639
727922.827194
382628.649143694
323432.2268736267
750138.9799574589
1033018.2713480258
292960.4368967004
200083.0973792278
1287548.1405504155
1238238.0021685401
794963.8504521888
1095181.1572799787
669890.1956390049
236658.62306690286
254194.03738271823
215544.04738737116
505921.55294208264
3331865.7320800377
102091.6552950432
391094.4730294309
2571553.250328775
8777939.422658155
255148.453348929
2152804.7675101967
2503609.469731215
1356168.862289471
787901.6391581888
108220.8651027208
650787.3631838702
230786.18403703402
479843.4864880397
2255998.2028700192
934665.8278185189
317678.9376038952
651549.3533023634
1854808.5786556653
1611984.6151894247
1033018.2713480258
677493.0464323674
2038681.8281732118
1624396.894290613
517611.7276622002
547083.5324716368
645042.2946386456
938258.7918801727
1461066.321902024
1990361.221444947
901786.5834461771
368344.17615387426
1953159.9057904861
238648.1398880034
1102504.706420958
299499.1605733338
1078668.6649679318
174610.01535463857
119890.9447184881
188257.94039251513
381679.6121700618
540585.8109271119
1024747.8165323607
243607.3680646221
2666401.127957684
665937.3465267149
273214.05365022767
14440890.03438845
336545.3988568494
164273.01248453037
1834014.205270199
414524.0453262815
1817294.672489089
485644.17178671854
258705.7942710529
804411.2897383075
895999.396374158
212709.11531759606
859356.3795531853
801114.4747397548
411957.14947160246
279584.91216223827
215544.04738737116
280220.9526620514
466637.34927459055
3331865.7320800377
274689.6229540068
270779.3998206414
742698.8183169928
705749.6048807439
984802.3012489787
305969.17523155746
169086.19593811873
692898.0752157783
178551.29455836344
160244.65449528777
362039.9968517531
1406628.8871980552
863453.5480512636
324619.56336753356
2571553.250328775
737408.2238994469
22662994.811101712
1695028.1413689533
2174503.4205914238
473243.8685557995
2255998.2028700192
445017.3512735223
2503609.469731215
1419722.1670577796
848689.7357793922
3204099.4347743466
212527.34596460973
1709192.1452230974
917048.1047672081
154035.5717223393
783982.1803960564
420766.21397810976
3265722.3916399195
312660.1345472078
230979.82776986368
425920.1007918183
449513.2756553992
461299.0543568195
498246.84692710417
155472.87913551205
214565.07073806564
567990.6617204011
313329.56539717875
1539341.8278675394
350108.07193687645
104839.30559844855
219441.2797462071
378465.8163399864
477085.0781994772
902183.0050501775
181084.8000628848
453232.6967878633
613227.2788734591
2075266.0820375239
140665.93343258585
298596.8091956668
778630.996194182
542831.388093039
737537.4212117594
523256.9296282297
1995950.2992053921
812616.1817387692
473274.518664455
1255952.1411245614
461958.13318333717
107176.0211669339
546868.3727684927
535770.1917032992
919518.6862076024
928523.9317075898
1212472.6277170382
6741649.72382603
1886794.3013174026
223407.32261387867
136651.5811221328
925675.2984303032
756642.8924179706
293735.8237514271
892247.0923436661
127751.58119391934
137955.22564424863
336981.3002365682
230709.7617462475
1427665.8227016882
308197.6005154887
362801.6824989683
2664811.7878863458
745731.250755786
389774.69152957934
1158057.5209067916
892751.1952896646
349178.6226154645
341755.40987614216
619848.4127760136
263416.7768656479
1261210.3600962097
397080.9872981365
427205.68001810403
118915.72321494503
725044.4572218921
1596974.1811823456
816507.8321241746
1258119.976624164
716445.4778972281
721575.3114799721
3232287.38569474
1093387.8214523583
873617.1037833183
674141.5280941945
742453.9219190275
2241138.9895976973
1256654.4548725602
1132303.310402151
128732.58765174508
128404.6720853024
3977310.3347673924
973413.5530941148
1217459.867251236
2559000.9144396908
950823.8140725081
722341.6656867838
2056215.3141709329
485679.99790710054
730027.8401199013
1588256.1535879706
153795.1409031184
160506.39830397104
516017.0085982838
490431.9826338041
583772.3214747404
143361.62063787336
2722666.4052341175
1251498.7412311835
654716.3620460477
674453.2051924753
609825.1168127066
595405.8645371436
414349.48179354204
1262238.4581117046
1339617.8036155398
598700.4467463243
883196.5821136779
210035.451534753
518013.1222970751
859942.3852729748
1121280.4352330582
2134292.913805726
3269824.634659298
1036364.41069362
513942.7472714638
301800.7604544192
393592.7613561264
2027084.5171928946
1210975.6439333707
1569210.4602426803
727922.827194
128904.10647170426
320769.52405679296
330402.4878416604
688005.4247586231
637144.0052151643
1238238.0021685401
861182.3952979814
1095181.1572799787
209505.2655492697
794871.0882028143
539220.4602259813
669890.1956390049
399222.8412486801
345536.3342067691
538887.6731190899
269108.7659180685
725084.1399784626
639313.3630711569
8777939.422658155
315649.4335549462
3016053.9138434734
245935.15247561847
534410.2199947472
153786.92017861147
780089.4136159649
304381.5604974618
581937.8820245853
477640.53530103737
460731.9258562681
592253.3689243791
1645403.3826664425
294000.30780161265
2152804.7675101967
266996.34419106826
1041728.1797083201
366646.64728840836
1422620.733624664
564005.7416334915
1065779.3808644903
956306.1239047892
228078.8254327552
298774.41744118667
486301.32229514205
512792.96223518124
1995950.2992053921
221921.19830579447
249916.82486889584
901786.5834461771
1624396.894290613
1221615.900196401
288769.4912449876
439939.07482719235
1027661.6066631466
748341.2800415199
139944.23501321912
120098.89860138537
654926.2442470392
274136.60162267083
1212472.6277170382
473601.1148553594
1041728.1797083201
902183.0050501775
1024747.8165323607
381679.6121700618
540585.8109271119
1443498.329159459
848985.2758999371
669890.1956390049
1095181.1572799787
977606.3255734958
510006.84706031764
430027.5198229237
408015.3628157476
336545.3988568494
1315684.3313535426
298179.68354476016
500685.86484500894
131228.8461699203
421187.70371733495
843671.5416652608
375356.86011998064
2088497.388876624
8777939.422658155
230429.24220875208
154324.7179460456
466637.34927459055
399222.8412486801
257243.7231939334
802047.5777165031
1041245.0852805059
546549.388359539
387506.4819986516
324619.56336753356
314880.33910663216
417768.7957362905
266173.2568361162
3204099.4347743466
2503609.469731215
742698.8183169928
707519.2934391039
1406628.8871980552
22662994.811101712
531529.211271563
959820.4328862843
332129.5504210955
201294.48710409927
917048.1047672081
291750.9754899231
391094.4730294309
794352.7765971745
2174503.4205914238
1695028.1413689533
360529.41335100017
792027.3264659763
1356168.862289471
863453.5480512636
780089.4136159649
783982.1803960564
794682.3160104332
331213.7008167691
592253.3689243791
609693.7882014478
807114.9946872499
341619.9201574171
118352.95880271208
859356.3795531853
1737834.7732520215
507892.6999960751
159779.1179111737
179180.4337092078
250345.6219187938
580360.6193139429
140832.3777312445
250936.09321732784
661362.9700455312
934665.8278185189
454981.9857705949
593183.5286787731
812616.1817387692
1630085.4326685492
201086.22874992402
281460.15076365
626076.2712777742
231859.85125380813
386847.5046625599
459318.3672027819
857915.519975102
933807.5232857408
535770.1917032992
608416.734170947
585004.8212082223
928523.9317075898
737537.4212117594
4189912.4791759723
244141.00472458982
5708551.275041455
1065779.3808644903
2356656.407388078
1369394.0797030104
776618.9484985068
477238.3287427543
756642.8924179706
293735.8237514271
2299381.300372832
983207.6836754883
268292.3769312332
1317804.4663529198
745732.9760930282
276994.57201915054
725044.4572218921
305089.65919974307
1907141.1019241589
2140175.298897344
710372.189314283
5826309.6014381675
1437864.595611569
1188485.3655292552
389774.69152957934
839176.4292067921
720397.1091244062
790258.3483405984
1261210.3600962097
2134292.913805726
143361.62063787336
230709.7617462475
2252036.016638536
1596974.1811823456
365948.79911915434
1593306.3171862953
1159154.6324119745
1093387.8214523583
1344951.1255024362
1464699.6791532303
847947.9422556752
770883.2170724752
583772.3214747404
374880.4640602833
203310.4929263888
432843.7776543127
383482.08213602344
135793.8855319109
427205.68001810403
3044211.417636063
1280429.6020699793
677786.4552539662
1227315.6025211986
1784561.9802919077
1294460.6534660487
1588256.1535879706
705957.5587636412
1279942.4480251248
2413242.3944107075
174981.36882341412
1516648.568611401
317330.31799054623
140821.61974608726
328935.1392623882
1336926.2775177185
1400322.2721257096
1860880.7508439245
274133.45541946456
2570975.76980477
3269824.634659298
498882.4814652133
320769.52405679296
655187.9880557224
637144.0052151643
1461066.321902024
368583.69355926104
246902.6607067847
477085.0781994772
438209.3734966808
335936.96375291137
378465.8163399864
1520403.7143738212
199044.24137857562
2666401.127957684
1422620.733624664
260345.98104582238
513116.31073245336
220153.7425368068
613227.2788734591
254194.03738271823
3331865.7320800377
183818.34319707454
305360.94310847134
169247.8701867548
245935.15247561847
1703289.4620462775
581937.8820245853
3265722.3916399195
985746.6696630142
626507.6055883224
419724.21177425125
745443.9313597478
1569516.9613292345
371312.56813385425
14440890.03438845
592666.1304869672
157980.60607182654
177675.0262201814
620063.1665174537
220772.52966419797
199740.05973930945
4226727.11630733
6741649.72382603
1953159.9057904861
410044.96835512255
272844.42551869433
727922.827194
601558.1126715258
416946.62179517257
869902.655681729
237051.69548684484
1488778.2827244236
512792.96223518124
923013.4075368774
204063.45039696703
333765.37310754653
300539.74191122816
182428.4318128491
369031.4693188231
1033018.2713480258
120098.89860138537
331997.0039247247
2138111.998536533
1139931.3308211642
198104.54152413647
1012138.4430238582
1990361.221444947
288769.4912449876
1630085.4326685492
1363322.9224190111
191787.77740918996
540585.8109271119
119890.9447184881
503574.3838597181
453232.6967878633
219441.2797462071
1238238.0021685401
665937.3465267149
167023.50451986401
1114086.7938373736
340011.70286684117
591167.8273277617
8777939.422658155
712325.8800150015
1010006.4336446378
135783.1275467537
278154.81056931237
1834014.205270199
977606.3255734958
195112.50227489584
1315684.3313535426
126613.9750087581
843671.5416652608
211228.8774542205
3331865.7320800377
1041245.0852805059
802047.5777165031
215544.04738737116
224057.57177333342
289068.27905916504
396714.70835066156
398273.2968229179
546549.388359539
493828.664211552
387506.4819986516
160244.65449528777
236678.41369997512
1703289.4620462775
312712.8080783077
186588.93033675844
863453.5480512636
737408.2238994469
2255998.2028700192
270779.3998206414
3204099.4347743466
957428.4050356228
1046190.7137400392
965092.150084592
305969.17523155746
2503609.469731215
168774.0113877078
848689.7357793922
198109.41306458507
534410.2199947472
792027.3264659763
445017.3512735223
328542.9802562804
153260.89530059465
1709192.1452230974
1356168.862289471
106163.75565789669
473243.8685557995
787901.6391581888
255654.28163216956
430824.9301000948
230979.82776986368
153358.32610956553
250772.18617931948
1451259.302036547
165868.44198142883
1737834.7732520215
687150.1649386254
590735.2751321013
564213.7970068147
134529.0103525314
441412.91879372916
1360602.979001907
859356.3795531853
117771.41866166703
14440890.03438845
313329.56539717875
258705.7942710529
1817294.672489089
1443498.329159459
401059.61497863353
902183.0050501775
949100.3036579833
375339.2007858547
1041728.1797083201
1024747.8165323607
550959.4518410102
2089371.2214445816
1430524.808002428
737537.4212117594
133806.8044810346
167019.64788367556
778630.996194182
921889.1980879498
459318.3672027819
477059.8070834004
654926.2442470392
1959324.4342664154
839403.0573280754
1057273.4682604787
244141.00472458982
368352.19389752916
186468.562691509
353304.208432826
157702.01485242537
1508561.8114668163
830329.1028096785
242624.23030785014
336981.3002365682
725044.4572218921
186441.05878605993
272844.42551869433
2364322.994168976
579186.1721041395
1229773.7006391932
179182.057556024
1464555.5627482943
822019.066727869
1349577.0591200336
3269824.634659298
1087945.9048096295
516017.0085982838
165066.16016380908
136657.4675668415
108296.77994137727
1132303.310402151
2088361.3917057684
674311.1185960594
1621406.9863403183
2198101.9744475833
1655233.745329902
1007117.5086682246
742453.9219190275
1917980.2794221712
669610.5895153437
367018.00075718394
763717.3840535178
391762.7874847157
727859.497168169
775586.4863946933
598852.7838757673
374880.4640602833
432843.7776543127
153795.1409031184
2121450.3152982495
1258468.088785383
354449.8323616421
11851757.62737025
3028973.645074718
1068872.8090493162
912340.4713566717
2350801.424711483
329708.4963085947
2628070.223861716
1588256.1535879706
1813443.1108219584
2508134.927827061
705957.5587636412
195719.11055116568
383482.08213602344
397080.9872981365
490431.9826338041
1847847.3503355465
317330.31799054623
180768.35291458142
348928.65169619856
523205.6769630939
711274.4392015239
835600.820007986
1339617.8036155398
1557726.8185394956
210035.451534753
427205.68001810403
925919.8903569906
1582777.700391878
859942.3852729748
1432275.5178511238
525614.0447723432
868495.3894346554
1988359.830244003
301800.7604544192
1036364.41069362
274133.45541946456
1042962.303288618
137955.22564424863
410044.96835512255
547083.5324716368
655375.8468342695
297638.53659326764
1287548.1405504155
4226727.11630733
206380.0708611021
727416.1869873514
2088497.388876624
328234.7538324839
363079.0558332573
1031081.8340197292
613227.2788734591
920266.9751185841
391094.4730294309
192633.0911674385
453582.8387576024
22662994.811101712
345843.6472167315
2040684.2342784158
581937.8820245853
432882.1410353449
131656.52682513214
780089.4136159649
460731.9258562681
783982.1803960564
3016053.9138434734
959820.4328862843
650787.3631838702
157980.60607182654
985746.6696630142
206939.9935414068
2571553.250328775
105884.65698636546
213037.63982659482
357302.5252559692
560469.8151912559
1854808.5786556653
964680.301935838
928486.1772691136
155268.07145582113
512792.96223518124
221921.19830579447
314377.04808404186
258343.7779214704
331997.0039247247
273821.9813020357
1611984.6151894247
182428.4318128491
677493.0464323674
803253.385467944
297991.11433323106
546465.6587580795
1033018.2713480258
938258.7918801727
333765.37310754653
1635483.708428093
4189912.4791759723
1221615.900196401
546868.3727684927
240395.1960813628
274136.60162267083
479062.61915030837
1430524.808002428
6741649.72382603
1624396.894290613
1700814.1105558604
270794.01444198703
1212472.6277170382
473601.1148553594
3331865.7320800377
503574.3838597181
807114.9946872499
336545.3988568494
848985.2758999371
220617.24931240059
977606.3255734958
132208.12729050382
485644.17178671854
804411.2897383075
14440890.03438845
498246.84692710417
609693.7882014478
321971.57666247134
348441.19318006607
794871.0882028143
665937.3465267149
861182.3952979814
384476.1808588046
580360.6193139429
195112.50227489584
2666401.127957684
172291.9740245393
399222.8412486801
505921.55294208264
127880.37254452774
802047.5777165031
1658802.1487084616
710086.189293783
691012.1801196355
2174503.4205914238
463313.9437844228
965092.150084592
1695028.1413689533
22662994.811101712
1356168.862289471
737408.2238994469
312712.8080783077
270779.3998206414
649556.3858067786
2152804.7675101967
992574.0321112239
387506.4819986516
794352.7765971745
984802.3012489787
1406628.8871980552
8777939.422658155
845000.5587938796
678096.2040341528
3204099.4347743466
742698.8183169928
445017.3512735223
2503609.469731215
242502.34030621054
189261.57921534142
225858.72236375688
1451259.302036547
3265722.3916399195
328542.9802562804
1041245.0852805059
179412.44082306974
420766.21397810976
500685.86484500894
184062.22469077987
1539341.8278675394
1569516.9613292345
650787.3631838702
542231.4781848859
337789.9759510267
313329.56539717875
859356.3795531853
388537.1172747968
425920.1007918183
1360602.979001907
567990.6617204011
117771.41866166703
434048.67199191946
564213.7970068147
181084.8000628848
540585.8109271119
1024747.8165323607
377144.71546459664
453232.6967878633
401059.61497863353
280546.4324582698
905474.3395657255
1027661.6066631466
1139931.3308211642
217879.74805159643
493641.008413857
438209.3734966808
142084.16064566848
1238238.0021685401
335936.96375291137
1065779.3808644903
412619.78046303056
799570.6023792699
1886794.3013174026
1616314.196763069
2364207.2950833226
429671.0854467718
515433.1341774405
392295.30774999724
384389.00058286084
611888.0112118132
477238.3287427543
305089.65919974307
727922.827194
1437864.595611569
254436.70099131143
1528711.7206471104
745731.250755786
753191.0000484723
558709.2607712371
579186.1721041395
736566.5637965349
687891.7554814904
516017.0085982838
143361.62063787336
118915.72321494503
203310.4929263888
674311.1185960594
1838264.6243115547
1159154.6324119745
742453.9219190275
716445.4778972281
446641.29958013
2884029.078262346
2546138.0178470123
427205.68001810403
383482.08213602344
490431.9826338041
722341.6656867838
1280429.6020699793
2121450.3152982495
1068872.8090493162
2056215.3141709329
451574.0387555597
1132303.310402151
3008706.0070002517
978195.6804773436
523205.6769630939
1557726.8185394956
883196.5821136779
1339617.8036155398
725044.4572218921
136539.5356918163
165066.16016380908
1101832.839800763
192751.7334754458
1893250.1073159848
925919.8903569906
219527.14064661265
319465.47357297305
865473.7149810195
534012.0730535047
517551.2393682974
1270665.2081834273
368583.69355926104
2111517.447304519
1287548.1405504155
318598.84682526207
1953159.9057904861
111642.20885398946
128112.78562009375
269959.25568804366
426715.6842413212
525556.2967199428
1031081.8340197292
949100.3036579833
280220.9526620514
752684.6643131017
626507.6055883224
2040684.2342784158
2571553.250328775
247166.43432398821
581937.8820245853
516741.5487495788
550959.4518410102
516452.0980545944
320769.52405679296
569915.3261592805
2089371.2214445816
273821.9813020357
781469.8863905714
201086.22874992402
1624396.894290613
803253.385467944
2138111.998536533
1611984.6151894247
748341.2800415199
217787.7977256301
645042.2946386456
162990.57946145092
677493.0464323674
1990361.221444947
1074867.8485138067
902183.0050501775
1024747.8165323607
260660.0939143275
191787.77740918996
188257.94039251513
1817294.672489089
631585.2730920964
347861.7843379672
299314.143526715
373166.59523622965
1609304.2530384648
591167.8273277617
1010006.4336446378
1520403.7143738212
2077930.205720322
384476.1808588046
145270.96002242493
211228.8774542205
505921.55294208264
127880.37254452774
279584.91216223827
257243.7231939334
154035.5717223393
348437.2350534516
463313.9437844228
314880.33910663216
111397.61692730211
127717.88637248357
291750.9754899231
648646.2196663087
848689.7357793922
229988.77375986282
236678.41369997512
1709192.1452230974
692898.0752157783
794352.7765971745
957428.4050356228
531529.211271563
1695028.1413689533
934477.9690399718
1703289.4620462775
965092.150084592
1419722.1670577796
360529.41335100017
534410.2199947472
271081.6383093032
109650.56073394271
153260.89530059465
1658802.1487084616
312660.1345472078
415728.3307213323
787901.6391581888
581937.8820245853
1451259.302036547
3265722.3916399195
592253.3689243791
370451.32037872187
196534.48463374088
590735.2751321013
687150.1649386254
219114.78504572855
8777939.422658155
421187.70371733495
1360602.979001907
1114086.7938373736
1443498.329159459
258705.7942710529
179180.4337092078
14440890.03438845
542231.4781848859
977606.3255734958
843671.5416652608
1019371.8686665393
323286.48662187444
564213.7970068147
540585.8109271119
3331865.7320800377
1041728.1797083201
1520285.9854796478
1139931.3308211642
1430524.808002428
193926.07919482316
1027661.6066631466
550959.4518410102
1630085.4326685492
1255952.1411245614
185207.0366961879
472640.50797316205
1959324.4342664154
1363322.9224190111
778630.996194182
905474.3395657255
1399377.396259544
812616.1817387692
484163.1219999349
727922.827194
199740.05973930945
335936.96375291137
412619.78046303056
611888.0112118132
695393.4203201196
2111517.447304519
1556061.3606486493
644237.6785412277
2364207.2950833226
248716.39611003356
137955.22564424863
299376.154177008
1872557.2243565302
1970153.4627218267
387233.57424310705
1437864.595611569
845258.5474568002
1417833.4302297086
385523.5620552418
551918.4348763915
630533.3248264887
1158057.5209067916
105016.0004301343
2134292.913805726
388279.636064006
516017.0085982838
725044.4572218921
2141138.4430401917
3643355.073072779
2198101.9744475833
721575.3114799721
1000181.3484833309
2546138.0178470123
229385.61615807738
1159154.6324119745
1005883.6895592047
669610.5895153437
2824547.569385613
1917980.2794221712
195719.11055116568
374880.4640602833
143361.62063787336
490431.9826338041
427205.68001810403
1294460.6534660487
1301511.1933610574
993514.0364369411
2205336.2120136726
730027.8401199013
2586328.2265475076
583772.3214747404
160506.39830397104
1841751.8353493048
835281.1251660503
1665280.282600766
176092.4860073864
3758820.7307458934
2218398.0298413336
383482.08213602344
1582777.700391878
444802.49604165636
892414.348565733
3269824.634659298
1211884.9981504325
1798682.3432628673
1042962.303288618
305089.65919974307
320769.52405679296
227361.08514000292
237987.03125296548
547083.5324716368
398280.9086048688
3063872.142962982
477085.0781994772
358162.25065471133
1238238.0021685401
1273354.7044727278
134854.49014874984
651549.3533023634
254194.03738271823
269108.7659180685
2503609.469731215
324619.56336753356
396863.18884391617
2571553.250328775
725084.1399784626
331550.1415789967
432882.1410353449
602341.7202507594
176314.03960736914
804559.364269858
420766.21397810976
294000.30780161265
592666.1304869672
22662994.811101712
1569516.9613292345
3016053.9138434734
207864.16536066614
171178.8270320468
1868689.4242212377
1488778.2827244236
865473.7149810195
1175277.401488138
246640.61242682338
1221615.900196401
416946.62179517257
585201.1036921282
142144.4459587192
372824.36951971933
1990361.221444947
238648.1398880034
1995950.2992053921
1461066.321902024
1488778.2827244236
677493.0464323674
1255952.1411245614
1953159.9057904861
284178.1658626601
1635483.708428093
147038.11132013457
919518.6862076024
2089371.2214445816
481505.2907235496
1027661.6066631466
453232.6967878633
477085.0781994772
358162.25065471133
140148.53524077995
1212472.6277170382
902183.0050501775
3331865.7320800377
256475.54215945347
1238238.0021685401
503574.3838597181
2666401.127957684
1882123.7119123603
2088497.388876624
1315684.3313535426
113211.96127310704
14440890.03438845
408015.3628157476
421187.70371733495
135783.1275467537
208948.1846008934
129040.71258511554
1443498.329159459
727416.1869873514
1569516.9613292345
430824.9301000948
505921.55294208264
118494.84241827595
202616.90735502722
705749.6048807439
291750.9754899231
546549.388359539
3204099.4347743466
289068.27905916504
314880.33910663216
917048.1047672081
305969.17523155746
463313.9437844228
22662994.811101712
1356168.862289471
692898.0752157783
794352.7765971745
445271.1788289767
2571553.250328775
200053.36068440648
531529.211271563
691012.1801196355
242502.34030621054
360529.41335100017
792027.3264659763
678096.2040341528
1709192.1452230974
2503609.469731215
965092.150084592
707519.2934391039
1695028.1413689533
742698.8183169928
1658802.1487084616
212527.34596460973
153358.32610956553
802047.5777165031
420766.21397810976
592253.3689243791
1880563.8040645658
268290.347122713
209838.458617865
1010006.4336446378
3016053.9138434734
1737834.7732520215
1539341.8278675394
118352.95880271208
220832.20603469264
219114.78504572855
843671.5416652608
310573.59287884046
311897.8399574366
540585.8109271119
661362.9700455312
473601.1148553594
1041728.1797083201
149081.2150861691
1024747.8165323607
626076.2712777742
298596.8091956668
550959.4518410102
1624396.894290613
459318.3672027819
921889.1980879498
560663.8648857897
297977.5146161455
585004.8212082223
1139931.3308211642
839403.0573280754
167019.64788367556
1363322.9224190111
471714.3063453824
107634.4534212272
534705.1511727362
617817.4878611005
799479.0580150079
745732.9760930282
604110.3939048594
223407.32261387867
695393.4203201196
271313.94989444315
1369394.0797030104
830329.1028096785
1583863.6479501994
434370.1936615234
137955.22564424863
516017.0085982838
336981.3002365682
1569210.4602426803
1417833.4302297086
864048.2819476901
1215315.3745496161
1437864.595611569
2364322.994168976
5826676.996780329
2098775.324318793
845258.5474568002
577962.7050185725
378191.9951706077
232282.3558972934
822019.066727869
1054558.599364675
3758820.7307458934
432843.7776543127
1132303.310402151
756798.6802218979
2198101.9744475833
1257112.1766938712
365948.79911915434
742453.9219190275
1840337.0588107065
1142356.9520028357
1000181.3484833309
174799.5994704278
215741.3447755372
383482.08213602344
1068170.4953013177
8870208.428562116
2121450.3152982495
190140.4863045997
2078902.4840015105
1328612.1818188687
979553.5208869496
269309.20950944093
203310.4929263888
195719.11055116568
189651.20096079897
561639.2893701848
725044.4572218921
3269824.634659298
1254539.3943944834
248490.4784217323
5202802.154333167
484163.1219999349
305089.65919974307
873478.2648805348
1767599.8853926307
1287548.1405504155
781469.8863905714
318598.84682526207
946668.5930507514
6741649.72382603
335936.96375291137
620063.1665174537
651549.3533023634
1834014.205270199
328234.7538324839
669890.1956390049
1406628.8871980552
453582.8387576024
648646.2196663087
745443.9313597478
780089.4136159649
432882.1410353449
415728.3307213323
556229.4437020757
725084.1399784626
8777939.422658155
345536.3342067691
794963.8504521888
867816.7229559175
865473.7149810195
2134292.913805726
314377.04808404186
739953.7052742377
369031.4693188231
147038.11132013457
1461066.321902024
416946.62179517257
1287548.1405504155
582267.6244186962
1990361.221444947
323308.1040826149
232284.99464836967
803253.385467944
237051.69548684484
299499.1605733338
938258.7918801727
548095.8994711
608416.734170947
1363322.9224190111
480018.1515112053
1700814.1105558604
654574.4784304838
3331865.7320800377
250936.09321732784
101729.74043588675
1834014.205270199
631585.2730920964
861182.3952979814
665937.3465267149
977606.3255734958
212709.11531759606
408015.3628157476
609693.7882014478
500685.86484500894
580360.6193139429
121933.03358026252
115156.21336420652
794682.3160104332
399222.8412486801
802047.5777165031
3265722.3916399195
279584.91216223827
415728.3307213323
182038.81006739152
242579.27004912714
274689.6229540068
934477.9690399718
792027.3264659763
710086.189293783
387506.4819986516
170855.88449647865
281338.66672371444
178551.29455836344
396714.70835066156
794352.7765971745
185042.92667732754
965092.150084592
1695028.1413689533
417110.52883318084
22662994.811101712
992574.0321112239
2040684.2342784158
707519.2934391039
692898.0752157783
1709192.1452230974
1658802.1487084616
473243.8685557995
1356168.862289471
2503609.469731215
360529.41335100017
1419722.1670577796
291954.3623036499
212527.34596460973
106163.75565789669
848689.7357793922
787901.6391581888
102859.22738696708
145635.91959436177
189261.57921534142
1114086.7938373736
493506.1276376879
245529.49524285112
341619.9201574171
268290.347122713
3016053.9138434734
477846.5608658404
214565.07073806564
310573.59287884046
1315684.3313535426
187551.05957534604
1539341.8278675394
179180.4337092078
661362.9700455312
902183.0050501775
237404.17173638227
921889.1980879498
626076.2712777742
401354.7491374746
1399377.396259544
386847.5046625599
839403.0573280754
928523.9317075898
585004.8212082223
2089371.2214445816
246640.61242682338
519941.5418817168
1212472.6277170382
727922.827194
156236.89906252548
1886794.3013174026
1065779.3808644903
115526.24745744391
304766.31070247095
2364207.2950833226
2299381.300372832
925675.2984303032
1173493.1997988583
873478.2648805348
515433.1341774405
711674.0070087306
299376.154177008
319465.47357297305
108634.84455042108
1028738.420083127
1427665.8227016882
1349577.0591200336
1087945.9048096295
263416.7768656479
745731.250755786
671535.964387205
245838.33060920364
2172092.008069394
892751.1952896646
1188485.3655292552
308197.6005154887
546579.0235639344
341755.40987614216
839176.4292067921
118915.72321494503
230709.7617462475
143361.62063787336
499380.900947355
2252036.016638536
2520294.4957674816
2734139.8978947005
2005608.1281446326
1262268.905239508
1142356.9520028357
1257112.1766938712
936127.5944243603
2524032.3881574795
1344951.1255024362
326584.2150342613
1000181.3484833309
427205.68001810403
153795.1409031184
869390.2305207975
1455747.2086747692
1909128.2844654608
1301511.1933610574
1390931.3630068793
557230.7482451036
1826866.2345662198
856123.4020325936
126761.03463604854
1009131.687662846
1977057.856403379
766729.7213879607
1068872.8090493162
1132303.310402151
490431.9826338041
215741.3447755372
195719.11055116568
120219.26624663484
409644.6901149339
629415.5092743998
298045.8176728512
654716.3620460477
711274.4392015239
465347.6089408383
1377185.4997079016
2722666.4052341175
1339617.8036155398
414349.48179354204
2526924.865298803
325832.27246794314
336981.3002365682
393592.7613561264
496058.81483272545
1668647.7349358224
463940.13971291296
1121280.4352330582
859942.3852729748
1101832.839800763
1132978.2217351266
1860880.7508439245
538542.6056706514
964830.5077663347
305089.65919974307
1767599.8853926307
148480.2902737559
382628.649143694
757485.7704059947
140148.53524077995
1238238.0021685401
220153.7425368068
350522.86330798484
591167.8273277617
2088497.388876624
1868689.4242212377
539220.4602259813
1273354.7044727278
613227.2788734591
215544.04738737116
377144.71546459664
344800.2241469088
224633.3269600958
192633.0911674385
592666.1304869672
648646.2196663087
187025.03469732922
567990.6617204011
432882.1410353449
460731.9258562681
304381.5604974618
1645403.3826664425
650787.3631838702
183818.34319707454
479843.4864880397
985746.6696630142
177675.0262201814
299426.3919378836
375339.2007858547
1959324.4342664154
354123.03318988555
620063.1665174537
381679.6121700618
1413138.4831224233
1854808.5786556653
137955.22564424863
385168.0410929241
381577.8172727725
1488778.2827244236
367654.0412569971
1767599.8853926307
1635483.708428093
155268.07145582113
757485.7704059947
608416.734170947
238648.1398880034
164350.95713170708
269959.25568804366
378519.6062657724
1033018.2713480258
1012138.4430238582
1270665.2081834273
677493.0464323674
273821.9813020357
1102504.706420958
232284.99464836967
5708551.275041455
540585.8109271119
1024747.8165323607
206380.0708611021
473601.1148553594
256475.54215945347
453232.6967878633
477085.0781994772
1238238.0021685401
2666401.127957684
1737834.7732520215
340011.70286684117
378835.5459619457
311283.8228800679
278154.81056931237
591167.8273277617
654607.7672902156
609693.7882014478
665937.3465267149
384476.1808588046
220617.24931240059
219114.78504572855
498246.84692710417
2077930.205720322
977606.3255734958
208948.1846008934
461299.0543568195
631585.2730920964
215544.04738737116
250772.18617931948
305969.17523155746
710086.189293783
202616.90735502722
270779.3998206414
742698.8183169928
312712.8080783077
848689.7357793922
1658802.1487084616
1356168.862289471
957428.4050356228
493828.664211552
2503609.469731215
2040684.2342784158
1406628.8871980552
362039.9968517531
266173.2568361162
111397.61692730211
398273.2968229179
531529.211271563
1046190.7137400392
959820.4328862843
845000.5587938796
1703289.4620462775
291954.3623036499
534410.2199947472
582172.2234182456
984802.3012489787
212527.34596460973
678096.2040341528
153260.89530059465
3204099.4347743466
1695028.1413689533
917048.1047672081
737408.2238994469
2255998.2028700192
1419722.1670577796
123685.57025662655
802047.5777165031
1451259.302036547
430824.9301000948
420766.21397810976
787901.6391581888
1041245.0852805059
415728.3307213323
414524.0453262815
1817294.672489089
590735.2751321013
22662994.811101712
1539341.8278675394
3016053.9138434734
1114086.7938373736
1360602.979001907
859356.3795531853
1645403.3826664425
843671.5416652608
414647.2547034594
245529.49524285112
203959.11823902733
14440890.03438845
1315684.3313535426
233823.0820545717
1041728.1797083201
661362.9700455312
250936.09321732784
902183.0050501775
3331865.7320800377
133534.7086488982
934665.8278185189
2089371.2214445816
356114.5798195064
593183.5286787731
1139931.3308211642
881010.7828086714
2075266.0820375239
165261.1232721769
1990361.221444947
1027661.6066631466
905474.3395657255
140400.53596856617
921889.1980879498
737537.4212117594
803253.385467944
480018.1515112053
626076.2712777742
438209.3734966808
133779.5035564376
727922.827194
142084.16064566848
1460808.5362199552
3340453.8519291184
617817.4878611005
681477.256086295
1616314.196763069
165408.5888611714
135604.60588739975
915553.8612250431
1175277.401488138
776618.9484985068
148129.03190933063
763018.3179991515
983207.6836754883
268292.3769312332
108634.84455042108
272844.42551869433
336981.3002365682
127751.58119391934
5826676.996780329
989075.3526553347
290933.8760701057
264880.47178958356
1145811.686104262
118915.72321494503
221379.5439021719
1132303.310402151
136657.4675668415
203310.4929263888
2141138.4430401917
1690432.654879159
618426.1259458906
1000181.3484833309
465319.0901311292
1917980.2794221712
716445.4778972281
1256654.4548725602
1329715.382749612
1464699.6791532303
1257112.1766938712
1159154.6324119745
397080.9872981365
383482.08213602344
3977310.3347673924
583772.3214747404
1410559.6113974748
973413.5530941148
8870208.428562116
2559000.9144396908
1217459.867251236
1909128.2844654608
155930.09350469318
2134275.660433304
2413242.3944107075
594724.3563264775
2628070.223861716
227045.04395340354
143361.62063787336
174799.5994704278
1934218.7475839874
2289479.894411164
525316.068881574
1370914.4062846603
1931698.7403061255
378897.45512181264
1174357.898228475
2410315.41052454
373070.38231237093
2218398.0298413336
725044.4572218921
1582777.700391878
928486.1772691136
420321.381440902
1121280.4352330582
463940.13971291296
5202802.154333167
5014688.634816866
319465.47357297305
426715.6842413212
200083.0973792278
512792.96223518124
688005.4247586231
956306.1239047892
1212472.6277170382
1013374.7993935285
446542.9553573249
1399377.396259544
615957.1683523124
3445319.8495096075
266996.34419106826
949100.3036579833
692898.0752157783
419093.6517574427
1709192.1452230974
804559.364269858
226791.3178883752
131656.52682513214
419724.21177425125
269108.7659180685
649556.3858067786
110512.31594120507
254194.03738271823
399222.8412486801
857915.519975102
222674.96769978077
185855.66200882645
523256.9296282297
781469.8863905714
300539.74191122816
333765.37310754653
1611984.6151894247
901786.5834461771
512792.96223518124
249916.82486889584
331997.0039247247
1287548.1405504155
198104.54152413647
1488778.2827244236
547083.5324716368
881010.7828086714
608416.734170947
239621.8390351563
299499.1605733338
866154.0053065735
453232.6967878633
503574.3838597181
107378.39307640055
1212472.6277170382
256475.54215945347
1024747.8165323607
1019371.8686665393
378835.5459619457
384476.1808588046
1817294.672489089
311283.8228800679
1315684.3313535426
250057.99805147763
665937.3465267149
654607.7672902156
299314.143526715
1114086.7938373736
785653.2202603334
1360602.979001907
1834014.205270199
337789.9759510267
8777939.422658155
2077930.205720322
128596.69197131587
336545.3988568494
106951.5243445968
461299.0543568195
195112.50227489584
340011.70286684117
347861.7843379672
498246.84692710417
493506.1276376879
101729.74043588675
802047.5777165031
466637.34927459055
257243.7231939334
845000.5587938796
291750.9754899231
2174503.4205914238
1695028.1413689533
22662994.811101712
531529.211271563
417110.52883318084
707519.2934391039
959820.4328862843
2040684.2342784158
463313.9437844228
863453.5480512636
2152804.7675101967
965092.150084592
639313.3630711569
277418.903490304
445271.1788289767
314880.33910663216
792027.3264659763
3204099.4347743466
1703289.4620462775
546549.388359539
360529.41335100017
1419722.1670577796
691012.1801196355
848689.7357793922
1709192.1452230974
3265722.3916399195
230979.82776986368
430824.9301000948
804559.364269858
581937.8820245853
165868.44198142883
1880563.8040645658
1645403.3826664425
3016053.9138434734
421187.70371733495
139476.97309186286
14440890.03438845
564213.7970068147
245529.49524285112
985746.6696630142
219114.78504572855
902183.0050501775
377144.71546459664
3331865.7320800377
401059.61497863353
219441.2797462071
934665.8278185189
778630.996194182
928523.9317075898
1995950.2992053921
479062.61915030837
191012.59353531525
839403.0573280754
356114.5798195064
1363322.9224190111
459318.3672027819
1027661.6066631466
550959.4518410102
1959324.4342664154
2075266.0820375239
461958.13318333717
1057273.4682604787
167019.64788367556
919518.6862076024
1255952.1411245614
231859.85125380813
156236.89906252548
1238238.0021685401
867816.7229559175
427498.3784067208
756642.8924179706
892247.0923436661
830329.1028096785
799479.0580150079
763018.3179991515
873478.2648805348
2299381.300372832
1854808.5786556653
242624.23030785014
127751.58119391934
4468662.023641712
2364322.994168976
179182.057556024
1257959.621751066
492707.6009658307
3429510.6858498193
720397.1091244062
1464555.5627482943
381202.81014866056
1668647.7349358224
1082557.7780926868
326831.2427311729
1893250.1073159848
392851.88124624355
1528711.7206471104
1145811.686104262
136539.5356918163
1132303.310402151
118915.72321494503
203310.4929263888
128404.6720853024
174799.5994704278
2088361.3917057684
2884029.078262346
3232287.38569474
446641.29958013
716445.4778972281
1093387.8214523583
2546138.0178470123
1917980.2794221712
153795.1409031184
174981.36882341412
135793.8855319109
3977310.3347673924
2153274.668182629
2436330.4514240297
1623694.5805426142
979553.5208869496
2413242.3944107075
383482.08213602344
298045.8176728512
1711383.3235206825
253031.05859105417
2410315.41052454
2289479.894411164
1557726.8185394956
108296.77994137727
516017.0085982838
925919.8903569906
243544.95145262513
921683.8829561287
274133.45541946456
188069.47267141208
1582777.700391878
1409255.459423229
1329489.0590996067
1569210.4602426803
319465.47357297305
320769.52405679296
484163.1219999349
1007145.3170449518
602961.3193015588
217787.7977256301
757485.7704059947
184322.14167179487
246902.6607067847
2138111.998536533
651549.3533023634
513116.31073245336
328234.7538324839
936725.0685622891
185195.06082591854
727416.1869873514
688046.5283811578
794963.8504521888
1399377.396259544
1520285.9854796478
505921.55294208264
127091.08150143745
338884.14423385507
626507.6055883224
164937.16583234863
692898.0752157783
2571553.250328775
920266.9751185841
169247.8701867548
247166.43432398821
1451259.302036547
272061.1224107387
556229.4437020757
1406628.8871980552
2255998.2028700192
725084.1399784626
949100.3036579833
1041728.1797083201
244141.00472458982
305089.65919974307
1012138.4430238582
258343.7779214704
517611.7276622002
654926.2442470392
1624396.894290613
582267.6244186962
120098.89860138537
1611984.6151894247
333765.37310754653
409092.48070700606
369031.4693188231
923013.4075368774
585201.1036921282
803253.385467944
645042.2946386456
546868.3727684927
204063.45039696703
300539.74191122816
1221615.900196401
232284.99464836967
548095.8994711
276187.9261132123
505895.67288344976
938258.7918801727
4226727.11630733
1102504.706420958
191787.77740918996
174610.01535463857
381679.6121700618
503574.3838597181
1024747.8165323607
540585.8109271119
260660.0939143275
195112.50227489584
801114.4747397548
485644.17178671854
408015.3628157476
2088497.388876624
1737834.7732520215
1010006.4336446378
580360.6193139429
712325.8800150015
441412.91879372916
340011.70286684117
1443498.329159459
298179.68354476016
132208.12729050382
2077930.205720322
430027.5198229237
727416.1869873514
8777939.422658155
500685.86484500894
145270.96002242493
225858.72236375688
154035.5717223393
230429.24220875208
154324.7179460456
280220.9526620514
1703289.4620462775
845000.5587938796
185042.92667732754
710086.189293783
266173.2568361162
202139.69937192186
2255998.2028700192
1658802.1487084616
22662994.811101712
387506.4819986516
2040684.2342784158
863453.5480512636
992574.0321112239
984802.3012489787
305969.17523155746
705749.6048807439
445271.1788289767
792027.3264659763
312712.8080783077
1406628.8871980552
160244.65449528777
691012.1801196355
2174503.4205914238
592253.3689243791
291954.3623036499
153260.89530059465
198109.41306458507
678096.2040341528
1709192.1452230974
2503609.469731215
707519.2934391039
271081.6383093032
415728.3307213323
145635.91959436177
304381.5604974618
1451259.302036547
312660.1345472078
331213.7008167691
794682.3160104332
783982.1803960564
2571553.250328775
347861.7843379672
258705.7942710529
493506.1276376879
268290.347122713
1645403.3826664425
400120.2195954725
231413.39486978418
1360602.979001907
1315684.3313535426
405173.9353587077
184062.22469077987
977606.3255734958
564213.7970068147
1429033.9136443213
661362.9700455312
453232.6967878633
473601.1148553594
1041728.1797083201
3331865.7320800377
165096.30282033444
949100.3036579833
902183.0050501775
934665.8278185189
1430524.808002428
472640.50797316205
542831.388093039
1399377.396259544
1139931.3308211642
778630.996194182
200016.9256214684
928523.9317075898
812616.1817387692
2075266.0820375239
523256.9296282297
585004.8212082223
1273354.7044727278
1238238.0021685401
1212472.6277170382
3063872.142962982
752667.3094502537
172406.15075380204
471245.116105932
776618.9484985068
1369394.0797030104
892247.0923436661
697081.7135568184
368352.19389752916
763018.3179991515
1854808.5786556653
830329.1028096785
727922.827194
484163.1219999349
220498.70849481935
336981.3002365682
1028738.420083127
4468662.023641712
4124106.0869502123
388279.636064006
362801.6824989683
1464555.5627482943
1369982.7241738762
1048064.2270042087
1188485.3655292552
3758820.7307458934
1336926.2775177185
203310.4929263888
432843.7776543127
108296.77994137727
2005608.1281446326
1262268.905239508
2057777.2518272477
2198101.9744475833
1093387.8214523583
498478.0421175581
1591591.1289867037
2506621.705575232
1061560.4238551983
1917980.2794221712
1138130.8906637228
1409170.2074653795
2524032.3881574795
490431.9826338041
221379.5439021719
1132303.310402151
174981.36882341412
427205.68001810403
143361.62063787336
973413.5530941148
950823.8140725081
155930.09350469318
997844.1254627154
2413242.3944107075
2205336.2120136726
222066.63408626872
2056215.3141709329
165066.16016380908
725044.4572218921
128404.6720853024
516017.0085982838
397080.9872981365
978195.6804773436
595405.8645371436
752040.8090504857
1090497.3741195549
299376.154177008
230709.7617462475
928486.1772691136
571510.755656179
219527.14064661265
189861.79359477252
1381012.7036727897
1563365.6266086865
1101832.839800763
200293.1825610713
688005.4247586231
637144.0052151643
390740.37293307733
1953159.9057904861
135426.28720889776
602961.3193015588
946668.5930507514
477085.0781994772
286950.17386830813
377998.2499473521
794871.0882028143
350522.86330798484
446542.9553573249
804411.2897383075
688046.5283811578
279584.91216223827
338884.14423385507
236658.62306690286
192633.0911674385
648646.2196663087
3016053.9138434734
692898.0752157783
2152804.7675101967
414647.2547034594
203959.11823902733
313341.338286596
105884.65698636546
166923.3334693908
453582.8387576024
626507.6055883224
133534.7086488982
345536.3342067691
794963.8504521888
167745.50741050878
6741649.72382603
1430524.808002428
1221615.900196401
1611984.6151894247
331997.0039247247
2089371.2214445816
748341.2800415199
757485.7704059947
323308.1040826149
677493.0464323674
1624396.894290613
1990361.221444947
314377.04808404186
237051.69548684484
505895.67288344976
154773.71159071982
473601.1148553594
902183.0050501775
206380.0708611021
1041728.1797083201
378465.8163399864
477085.0781994772
219441.2797462071
727416.1869873514
525556.2967199428
1817294.672489089
1737834.7732520215
421187.70371733495
208710.2910423228
794871.0882028143
665937.3465267149
802047.5777165031
613227.2788734591
129930.7836212351
250772.18617931948
182038.81006739152
692898.0752157783
917048.1047672081
419093.6517574427
710086.189293783
281338.66672371444
170855.88449647865
266173.2568361162
845000.5587938796
473243.8685557995
742698.8183169928
677271.3913419585
180579.37774134826
737408.2238994469
362039.9968517531
2152804.7675101967
2040684.2342784158
920266.9751185841
2571553.250328775
22662994.811101712
531529.211271563
1406628.8871980552
2174503.4205914238
707519.2934391039
794352.7765971745
445017.3512735223
804559.364269858
1703289.4620462775
1695028.1413689533
2503609.469731215
271081.6383093032
360529.41335100017
965092.150084592
691012.1801196355
328542.9802562804
783982.1803960564
1451259.302036547
1041245.0852805059
787901.6391581888
1645403.3826664425
1443498.329159459
556229.4437020757
8777939.422658155
313341.338286596
859356.3795531853
1315684.3313535426
1539341.8278675394
1114086.7938373736
977606.3255734958
540585.8109271119
661362.9700455312
3331865.7320800377
921889.1980879498
461958.13318333717
1995950.2992053921
174730.18001903602
240395.1960813628
296578.164622301
201086.22874992402
239621.8390351563
812616.1817387692
1027661.6066631466
1013374.7993935285
608416.734170947
919518.6862076024
1255952.1411245614
1238238.0021685401
1212472.6277170382
412619.78046303056
799479.0580150079
1583863.6479501994
983207.6836754883
604110.3939048594
611888.0112118132
269510.16055294336
745732.9760930282
261722.69867466638
702384.1823542075
271313.94989444315
304766.31070247095
725044.4572218921
336981.3002365682
202919.6532958191
710372.189314283
1427665.8227016882
839176.4292067921
1145811.686104262
1528711.7206471104
485461.1845486201
630533.3248264887
1369982.7241738762
220465.01367338357
435346.32857890055
2134292.913805726
1229773.7006391932
362801.6824989683
3269824.634659298
3758820.7307458934
165066.16016380908
1833400.1881928304
160964.32310613428
411665.06002554175
775586.4863946933
1917980.2794221712
1306133.0673616142
1132303.310402151
120219.26624663484
432843.7776543127
374880.4640602833
1826866.2345662198
2508134.927827061
2056215.3141709329
1472844.2858406415
957134.387271468
2586328.2265475076
215741.3447755372
195719.11055116568
174799.5994704278
1143171.9201237068
445756.8105174411
706547.3196291932
674453.2051924753
523205.6769630939
2722666.4052341175
927642.2843768292
1711383.3235206825
1516305.5309714826
465347.6089408383
1417775.580686882
2728220.9762497186
5251175.536082958
516017.0085982838
118915.72321494503
108296.77994137727
256172.59323780957
166761.25325905066
1432275.5178511238
868495.3894346554
420321.381440902
1563365.6266086865
1495425.9056281673
678943.9535626257
1582777.700391878
1211884.9981504325
964830.5077663347
319465.47357297305
320769.52405679296
385168.0410929241
128904.10647170426
1270665.2081834273
506770.4188652416
1556061.3606486493
781469.8863905714
1007145.3170449518
199740.05973930945
286950.17386830813
370258.6915501524
446542.9553573249
819220.7727018839
1031081.8340197292
411957.14947160246
279584.91216223827
131108.68150552284
247166.43432398821
224929.67900404896
208499.0894657932
780089.4136159649
3265722.3916399195
385742.7813754263
2255998.2028700192
626507.6055883224
157980.60607182654
522956.61945766205
236658.62306690286
1880563.8040645658
14440890.03438845
539220.4602259813
472640.50797316205
1914394.62267119
382628.649143694
4182482.3650876814
138711.83677016327
938258.7918801727
869902.655681729
1488778.2827244236
1007145.3170449518
1033018.2713480258
923013.4075368774
204063.45039696703
2038681.8281732118
2089371.2214445816
677493.0464323674
781469.8863905714
546465.6587580795
757485.7704059947
881010.7828086714
1990361.221444947
601558.1126715258
165577.46893005425
439939.07482719235
803253.385467944
2111517.447304519
4189912.4791759723
162990.57946145092
645042.2946386456
1953159.9057904861
372679.9486435052
748341.2800415199
367654.0412569971
453232.6967878633
1238238.0021685401
1024747.8165323607
174610.01535463857
477085.0781994772
260660.0939143275
902183.0050501775
3331865.7320800377
378465.8163399864
1212472.6277170382
503574.3838597181
540585.8109271119
167898.85944421194
895999.396374158
848985.2758999371
654607.7672902156
615957.1683523124
1019371.8686665393
208948.1846008934
631585.2730920964
299314.143526715
377998.2499473521
195112.50227489584
208710.2910423228
794871.0882028143
807114.9946872499
273214.05365022767
1817294.672489089
1315684.3313535426
665937.3465267149
2666401.127957684
1737834.7732520215
712325.8800150015
1010006.4336446378
1443498.329159459
804411.2897383075
1834014.205270199
2088497.388876624
510006.84706031764
14440890.03438845
2077930.205720322
727416.1869873514
525556.2967199428
1041245.0852805059
125332.9628516428
182038.81006739152
411957.14947160246
794682.3160104332
230429.24220875208
242502.34030621054
198109.41306458507
546549.388359539
1419722.1670577796
109410.12991472181
1658802.1487084616
2503609.469731215
3204099.4347743466
1703289.4620462775
1356168.862289471
1695028.1413689533
432882.1410353449
678096.2040341528
1709192.1452230974
917048.1047672081
271081.6383093032
102859.22738696708
22662994.811101712
1360602.979001907
421148.83288417256
122982.24160436787
149081.2150861691
237404.17173638227
377144.71546459664
375339.2007858547
107378.39307640055
727922.827194
167745.50741050878
471245.116105932
756642.8924179706
666017.8284345418
702384.1823542075
2364207.2950833226
604110.3939048594
377159.33008594223
336981.3002365682
1417833.4302297086
1872557.2243565302
1028738.420083127
5826676.996780329
4468662.023641712
818160.1977500652
864048.2819476901
845258.5474568002
2140175.298897344
1215315.3745496161
3758820.7307458934
725044.4572218921
136657.4675668415
220498.70849481935
1132303.310402151
490431.9826338041
2198101.9744475833
2520294.4957674816
746523.1805499524
1262268.905239508
1258119.976624164
1258400.0901999553
2894184.210289042
3044211.417636063
2436330.4514240297
1068170.4953013177
950823.8140725081
682665.6074844619
2153274.668182629
1301511.1933610574
957134.387271468
4344985.790504278
383482.08213602344
516017.0085982838
397080.9872981365
2410315.41052454
2722666.4052341175
4677036.076902659
580334.942236162
414349.48179354204
2526924.865298803
298854.6963681617
1090497.3741195549
219875.76025996165
339120.81990731356
1469270.8079407818
1262238.4581117046
883196.5821136779
221379.5439021719
118915.72321494503
678943.9535626257
1409255.459423229
5202802.154333167
200293.1825610713
256172.59323780957
113978.01100864074
1556061.3606486493
2138111.998536533
655187.9880557224
172209.46230819207
696084.570121257
547083.5324716368
946668.5930507514
1031081.8340197292
371388.88893421483
669890.1956390049
185195.06082591854
328234.7538324839
1520403.7143738212
350522.86330798484
370258.6915501524
620063.1665174537
363079.0558332573
337572.78643936245
345536.3342067691
236658.62306690286
266996.34419106826
959820.4328862843
8777939.422658155
649556.3858067786
3016053.9138434734
299171.245006891
780089.4136159649
153786.92017861147
435519.16677439795
2571553.250328775
2255998.2028700192
345843.6472167315
270134.73263461725
949100.3036579833
224633.3269600958
934665.8278185189
688046.5283811578
989075.3526553347
372824.36951971933
1995950.2992053921
803253.385467944
757485.7704059947
185855.66200882645
1953159.9057904861
165577.46893005425
881010.7828086714
240395.1960813628
273821.9813020357
120098.89860138537
1767599.8853926307
1488778.2827244236
869902.655681729
2038681.8281732118
323308.1040826149
378519.6062657724
866154.0053065735
1074867.8485138067
654574.4784304838
477085.0781994772
174610.01535463857
540585.8109271119
167898.85944421194
378465.8163399864
1212472.6277170382
902183.0050501775
195112.50227489584
250057.99805147763
848985.2758999371
807114.9946872499
654607.7672902156
794871.0882028143
2088497.388876624
378835.5459619457
1095181.1572799787
1737834.7732520215
14440890.03438845
1817294.672489089
510006.84706031764
843671.5416652608
861182.3952979814
1834014.205270199
631585.2730920964
1609304.2530384648
8777939.422658155
125332.9628516428
3331865.7320800377
3265722.3916399195
802047.5777165031
229988.77375986282
396714.70835066156
445271.1788289767
710086.189293783
493828.664211552
314880.33910663216
332129.5504210955
917048.1047672081
168774.0113877078
531529.211271563
111397.61692730211
863453.5480512636
959820.4328862843
707519.2934391039
1695028.1413689533
291750.9754899231
1709192.1452230974
649556.3858067786
582172.2234182456
546549.388359539
691012.1801196355
3204099.4347743466
2174503.4205914238
804559.364269858
965092.150084592
201633.87108868128
265468.91327959736
787901.6391581888
108354.2235224997
1451259.302036547
1041245.0852805059
189261.57921534142
419633.88529510115
1645403.3826664425
3016053.9138434734
2152804.7675101967
556229.4437020757
687150.1649386254
859356.3795531853
245529.49524285112
1429033.9136443213
977606.3255734958
414524.0453262815
209838.458617865
477846.5608658404
542231.4781848859
237404.17173638227
1041728.1797083201
181084.8000628848
949100.3036579833
934665.8278185189
585004.8212082223
281460.15076365
1027661.6066631466
523256.9296282297
928523.9317075898
1430524.808002428
1624396.894290613
1255952.1411245614
2075266.0820375239
146116.27378067348
167019.64788367556
839403.0573280754
276994.57201915054
107634.4534212272
412619.78046303056
3340453.8519291184
1914394.62267119
1854808.5786556653
617817.4878611005
611888.0112118132
915553.8612250431
964680.301935838
1556061.3606486493
320769.52405679296
227361.08514000292
186441.05878605993
319465.47357297305
202919.6532958191
1437864.595611569
569915.3261592805
1341181.7710803747
4468662.023641712
980061.7849404144
773530.5948349814
231694.52334983562
242056.69584559466
1241855.1209515848
1261210.3600962097
2027084.5171928946
745731.250755786
764007.3422006322
1464555.5627482943
388279.636064006
1223499.5625031716
1132303.310402151
583772.3214747404
3193096.857690456
1621406.9863403183
716445.4778972281
411665.06002554175
742453.9219190275
365948.79911915434
1917980.2794221712
1409170.2074653795
721575.3114799721
1138130.8906637228
143361.62063787336
397080.9872981365
557230.7482451036
993514.0364369411
3363477.9699740536
2559000.9144396908
1410559.6113974748
2413242.3944107075
269309.20950944093
1328612.1818188687
2663924.761563007
1344518.7762876279
1977057.856403379
427205.68001810403
128404.6720853024
516017.0085982838
725044.4572218921
711274.4392015239
2827649.1168045197
498976.86756140384
1174357.898228475
1931698.7403061255
561639.2893701848
1370914.4062846603
1841751.8353493048
2526924.865298803
299376.154177008
1036364.41069362
831369.9886188509
994469.8732691159
799478.5505628778
5826676.996780329
1569210.4602426803
498882.4814652133
727922.827194
752667.3094502537
390740.37293307733
238079.28605020978
1287548.1405504155
176444.9622569238
6741649.72382603
381679.6121700618
1024747.8165323607
1959324.4342664154
895999.396374158
1520285.9854796478
1880563.8040645658
505921.55294208264
224633.3269600958
411957.14947160246
466637.34927459055
371312.56813385425
299171.245006891
315649.4335549462
22662994.811101712
435519.16677439795
460731.9258562681
581937.8820245853
602341.7202507594
247166.43432398821
592253.3689243791
567990.6617204011
166923.3334693908
146794.43280728135
350522.86330798484
357302.5252559692
513116.31073245336
208605.34994182704
323432.2268736267
489141.5318670697
654926.2442470392
512792.96223518124
2089371.2214445816
1287548.1405504155
142144.4459587192
1255952.1411245614
409092.48070700606
869902.655681729
866154.0053065735
4226727.11630733
1074867.8485138067
902183.0050501775
167898.85944421194
381679.6121700618
540585.8109271119
119890.9447184881
615957.1683523124
14440890.03438845
111162.46361023381
394639.6351004335
1609304.2530384648
235181.2269354556
208948.1846008934
1834014.205270199
819220.7727018839
126613.9750087581
1817294.672489089
250345.6219187938
1443498.329159459
1010006.4336446378
466637.34927459055
794682.3160104332
430824.9301000948
417768.7957362905
1703289.4620462775
387506.4819986516
792027.3264659763
178551.29455836344
649556.3858067786
272877.30841672205
363603.15239317995
845000.5587938796
419093.6517574427
180579.37774134826
920266.9751185841
3204099.4347743466
1658802.1487084616
794352.7765971745
2571553.250328775
2040684.2342784158
531529.211271563
639313.3630711569
445271.1788289767
22662994.811101712
1356168.862289471
737408.2238994469
245935.15247561847
848689.7357793922
582172.2234182456
1709192.1452230974
691012.1801196355
141480.0896300489
415728.3307213323
581937.8820245853
1645403.3826664425
441412.91879372916
859356.3795531853
1114086.7938373736
725084.1399784626
231413.39486978418
268290.347122713
609693.7882014478
1569516.9613292345
752684.6643131017
2077930.205720322
133534.7086488982
1024747.8165323607
250936.09321732784
1041728.1797083201
288769.4912449876
1959324.4342664154
167019.64788367556
839403.0573280754
803253.385467944
550959.4518410102
185207.0366961879
280546.4324582698
200016.9256214684
356114.5798195064
473274.518664455
176462.31711977173
244141.00472458982
1238238.0021685401
1914394.62267119
3340453.8519291184
1886794.3013174026
756642.8924179706
611888.0112118132
830329.1028096785
310052.6425221242
268292.3769312332
983207.6836754883
1616314.196763069
171959.18691764807
137955.22564424863
299376.154177008
4468662.023641712
2098775.324318793
1464555.5627482943
790258.3483405984
577962.7050185725
1082557.7780926868
1722484.3463178042
131286.49273189474
136539.5356918163
203310.4929263888
646329.1932404696
2734139.8978947005
2520294.4957674816
2057777.2518272477
288375.09944950754
763717.3840535178
1138130.8906637228
936127.5944243603
212407.2827906383
11851757.62737025
1384178.1900600838
364731.9289112782
1257112.1766938712
427205.68001810403
195719.11055116568
128404.6720853024
160506.39830397104
221379.5439021719
764306.9419382177
2056215.3141709329
3044211.417636063
963394.7227095523
190140.4863045997
2508134.927827061
1826866.2345662198
155930.09350469318
8870208.428562116
1632268.4917320535
973413.5530941148
1410559.6113974748
1269428.0398903487
165066.16016380908
374880.4640602833
135793.8855319109
215741.3447755372
1143171.9201237068
636975.8355792634
2524032.3881574795
445756.8105174411
456221.0823817675
2289479.894411164
523205.6769630939
2304940.9459097334
1132303.310402151
725044.4572218921
1369982.7241738762
928486.1772691136
442995.7634778023
1121280.4352330582
678943.9535626257
274133.45541946456
735729.1662915151
208206.2895867504
246902.6607067847
881010.7828086714
1270665.2081834273
1488778.2827244236
174610.01535463857
539220.4602259813
134854.49014874984
794871.0882028143
1399377.396259544
2666401.127957684
727416.1869873514
337572.78643936245
127091.08150143745
236658.62306690286
338884.14423385507
3331865.7320800377
965092.150084592
3016053.9138434734
272061.1224107387
592253.3689243791
304381.5604974618
1451259.302036547
745443.9313597478
1406628.8871980552
8777939.422658155
648646.2196663087
203959.11823902733
230786.18403703402
2255998.2028700192
485461.1845486201
523256.9296282297
645042.2946386456
269959.25568804366
655187.9880557224
378519.6062657724
512792.96223518124
654926.2442470392
1430524.808002428
237484.34917293122
1611984.6151894247
1953159.9057904861
739953.7052742377
221921.19830579447
938258.7918801727
4226727.11630733
240395.1960813628
654574.4784304838
1024747.8165323607
503574.3838597181
473601.1148553594
119890.9447184881
167898.85944421194
206380.0708611021
381679.6121700618
378465.8163399864
902183.0050501775
223853.27154577256
394639.6351004335
348441.19318006607
2666401.127957684
336545.3988568494
414524.0453262815
260914.0229602079
162880.25936837657
665937.3465267149
196552.44843914488
1817294.672489089
615957.1683523124
384476.1808588046
340011.70286684117
1019371.8686665393
111162.46361023381
1834014.205270199
801114.4747397548
848985.2758999371
861182.3952979814
1520403.7143738212
580360.6193139429
712325.8800150015
1010006.4336446378
430027.5198229237
151770.60988504393
115156.21336420652
182038.81006739152
411957.14947160246
794682.3160104332
3331865.7320800377
224633.3269600958
242579.27004912714
291750.9754899231
299171.245006891
200053.36068440648
582172.2234182456
202139.69937192186
984802.3012489787
332129.5504210955
178551.29455836344
845000.5587938796
463313.9437844228
1709192.1452230974
1419722.1670577796
737408.2238994469
863453.5480512636
934477.9690399718
362039.9968517531
1356168.862289471
917048.1047672081
707519.2934391039
745443.9313597478
742698.8183169928
445271.1788289767
3204099.4347743466
692898.0752157783
957428.4050356228
677271.3913419585
242502.34030621054
2174503.4205914238
848689.7357793922
2503609.469731215
445017.3512735223
179412.44082306974
977606.3255734958
1360602.979001907
201566.07548410568
1539341.8278675394
233823.0820545717
590735.2751321013
337789.9759510267
567990.6617204011
179180.4337092078
859356.3795531853
268290.347122713
22662994.811101712
245529.49524285112
949100.3036579833
237404.17173638227
1630085.4326685492
812616.1817387692
1363322.9224190111
857915.519975102
839403.0573280754
461958.13318333717
442739.2971712715
905474.3395657255
919518.6862076024
472640.50797316205
542831.388093039
281460.15076365
2356656.407388078
611888.0112118132
368352.19389752916
799479.0580150079
1173493.1997988583
925675.2984303032
1369394.0797030104
392295.30774999724
202919.6532958191
5826676.996780329
1907141.1019241589
1872557.2243565302
2134292.913805726
3269824.634659298
435346.32857890055
671535.964387205
1722484.3463178042
2027084.5171928946
1145811.686104262
1223499.5625031716
2664811.7878863458
892751.1952896646
1048064.2270042087
516017.0085982838
725044.4572218921
118915.72321494503
1132303.310402151
549094.0578109216
2057777.2518272477
618426.1259458906
3643355.073072779
646329.1932404696
440363.2033174937
746523.1805499524
1409170.2074653795
1464699.6791532303
3008706.0070002517
847947.9422556752
1384178.1900600838
1138130.8906637228
428750.26281157084
498478.0421175581
3977310.3347673924
490431.9826338041
221379.5439021719
120219.26624663484
746534.5474776658
1623694.5805426142
1453704.2063991604
2056215.3141709329
1813443.1108219584
1328612.1818188687
1588256.1535879706
2413242.3944107075
8870208.428562116
2134275.660433304
2078902.4840015105
978195.6804773436
654716.3620460477
445756.8105174411
2304940.9459097334
883196.5821136779
108296.77994137727
203310.4929263888
1675120.7943068265
994469.8732691159
806512.2430471685
1101832.839800763
200293.1825610713
818764.674727389
227361.08514000292
147582.81043653752
331997.0039247247
4755226.330910324
5708551.275041455
6741649.72382603
1212472.6277170382
174610.01535463857
335936.96375291137
363079.0558332573
1882123.7119123603
794871.0882028143
129040.71258511554
272135.6163834311
1868689.4242212377
192930.15364437376
337572.78643936245
3265722.3916399195
505921.55294208264
127091.08150143745
254194.03738271823
280220.9526620514
272061.1224107387
752684.6643131017
649556.3858067786
348437.2350534516
304381.5604974618
804559.364269858
331550.1415789967
247166.43432398821
1645403.3826664425
315649.4335549462
920266.9751185841
1880563.8040645658
357302.5252559692
1616314.196763069
272844.42551869433
369031.4693188231
869902.655681729
1767599.8853926307
204063.45039696703
273821.9813020357
1630085.4326685492
1221615.900196401
333765.37310754653
300539.74191122816
938258.7918801727
1995950.2992053921
249916.82486889584
409092.48070700606
442739.2971712715
486301.32229514205
256475.54215945347
358162.25065471133
801114.4747397548
1095181.1572799787
485644.17178671854
414524.0453262815
848985.2758999371
272135.6163834311
525556.2967199428
172291.9740245393
580360.6193139429
727416.1869873514
220617.24931240059
461299.0543568195
895999.396374158
1315684.3313535426
177391.6649507577
336545.3988568494
654607.7672902156
609693.7882014478
311283.8228800679
1520403.7143738212
1880563.8040645658
802047.5777165031
215544.04738737116
466637.34927459055
279584.91216223827
2174503.4205914238
419093.6517574427
170855.88449647865
178422.80767903305
705749.6048807439
206939.9935414068
200053.36068440648
1703289.4620462775
691012.1801196355
1046190.7137400392
639313.3630711569
965092.150084592
1406628.8871980552
2040684.2342784158
277418.903490304
737408.2238994469
332129.5504210955
1658802.1487084616
917048.1047672081
281338.66672371444
198109.41306458507
1709192.1452230974
678096.2040341528
360529.41335100017
2503609.469731215
242502.34030621054
2255998.2028700192
742698.8183169928
792027.3264659763
1451259.302036547
331213.7008167691
154035.5717223393
3265722.3916399195
592253.3689243791
158923.655110324
156237.30502422954
323286.48662187444
1539341.8278675394
859356.3795531853
269747.74964023597
421187.70371733495
8777939.422658155
500685.86484500894
2077930.205720322
1569516.9613292345
350108.07193687645
2152804.7675101967
3016053.9138434734
564213.7970068147
1443498.329159459
22662994.811101712
977606.3255734958
2571553.250328775
1429033.9136443213
425920.1007918183
540585.8109271119
902183.0050501775
378465.8163399864
3331865.7320800377
345536.3342067691
934665.8278185189
1074867.8485138067
737537.4212117594
812616.1817387692
857915.519975102
140665.93343258585
564005.7416334915
1430524.808002428
2075266.0820375239
1027661.6066631466
2089371.2214445816
287707.39393677877
203351.90102020142
919518.6862076024
1057273.4682604787
1363322.9224190111
546868.3727684927
493641.008413857
928523.9317075898
438209.3734966808
1238238.0021685401
276994.57201915054
1212472.6277170382
1675621.1421070625
830329.1028096785
644237.6785412277
1173493.1997988583
427498.3784067208
964680.301935838
2299381.300372832
269510.16055294336
345741.040396034
218689.23568946298
477238.3287427543
892247.0923436661
212871.3985087882
148129.03190933063
2364207.2950833226
711674.0070087306
137955.22564424863
336981.3002365682
171959.18691764807
1028738.420083127
989075.3526553347
1215315.3745496161
2364322.994168976
2134292.913805726
1082557.7780926868
263416.7768656479
2664811.7878863458
1464555.5627482943
1223499.5625031716
1087945.9048096295
849786.3398324448
980061.7849404144
736566.5637965349
362801.6824989683
1261210.3600962097
165066.16016380908
130354.20167855445
221379.5439021719
3643355.073072779
11851757.62737025
775586.4863946933
721575.3114799721
598852.7838757673
1591591.1289867037
427205.68001810403
215741.3447755372
432843.7776543127
160506.39830397104
135793.8855319109
136657.4675668415
1301511.1933610574
2508134.927827061
3044211.417636063
2350801.424711483
174799.5994704278
1934218.7475839874
465347.6089408383
217680.01489320607
1665280.282600766
2410315.41052454
2712544.765048005
1354628.2376226187
4677036.076902659
220498.70849481935
1132303.310402151
118915.72321494503
136539.5356918163
1254539.3943944834
1432275.5178511238
749276.2098459365
420321.381440902
2570975.76980477
868495.3894346554
172014.60069025026
220849.86536881863
1556061.3606486493
368583.69355926104
135426.28720889776
547083.5324716368
1413138.4831224233
206380.0708611021
477085.0781994772
1609304.2530384648
794871.0882028143
2088497.388876624
286950.17386830813
350522.86330798484
14440890.03438845
337572.78643936245
3445319.8495096075
1041728.1797083201
129717.85670746326
202429.65751903626
920266.9751185841
648646.2196663087
299171.245006891
183818.34319707454
371312.56813385425
184838.8294306187
661362.9700455312
503574.3838597181
244448.01326327416
1959324.4342664154
781469.8863905714
655187.9880557224
923013.4075368774
369031.4693188231
748341.2800415199
217787.7977256301
372824.36951971933
342106.66824056755
160977.82133279377
869902.655681729
323308.1040826149
1953159.9057904861
416946.62179517257
2138111.998536533
324757.38736605697
1007145.3170449518
1033018.2713480258
237051.69548684484
142144.4459587192
921889.1980879498
866154.0053065735
1078668.6649679318
654574.4784304838
260660.0939143275
358162.25065471133
381679.6121700618
540585.8109271119
473601.1148553594
801114.4747397548
311283.8228800679
132208.12729050382
321971.57666247134
609693.7882014478
1019371.8686665393
1817294.672489089
1010006.4336446378
615957.1683523124
712325.8800150015
631585.2730920964
654607.7672902156
3016053.9138434734
500685.86484500894
1737834.7732520215
3445319.8495096075
211228.8774542205
466637.34927459055
399222.8412486801
254194.03738271823
215544.04738737116
118494.84241827595
984802.3012489787
677271.3913419585
178551.29455836344
473243.8685557995
291750.9754899231
845000.5587938796
546549.388359539
396714.70835066156
707519.2934391039
692898.0752157783
957428.4050356228
737408.2238994469
202616.90735502722
1709192.1452230974
992574.0321112239
531529.211271563
2255998.2028700192
417110.52883318084
160244.65449528777
1695028.1413689533
201633.87108868128
245935.15247561847
360529.41335100017
445017.3512735223
291954.3623036499
1658802.1487084616
917048.1047672081
179412.44082306974
3265722.3916399195
247166.43432398821
783982.1803960564
420766.21397810976
1880563.8040645658
687150.1649386254
434048.67199191946
477846.5608658404
1443498.329159459
201566.07548410568
1114086.7938373736
1569516.9613292345
370451.32037872187
590735.2751321013
542231.4781848859
1429033.9136443213
498246.84692710417
977606.3255734958
425920.1007918183
22662994.811101712
241200.01515963284
449513.2756553992
650787.3631838702
337789.9759510267
14440890.03438845
725084.1399784626
332376.67960843316
313341.338286596
8777939.422658155
661362.9700455312
1024747.8165323607
104839.30559844855
181084.8000628848
477085.0781994772
237404.17173638227
2089371.2214445816
585004.8212082223
928523.9317075898
608416.734170947
459318.3672027819
481505.2907235496
190892.42887091782
803253.385467944
1624396.894290613
626076.2712777742
280546.4324582698
523256.9296282297
737537.4212117594
1139931.3308211642
116553.93951123486
933807.5232857408
126374.55909379732
142084.16064566848
1212472.6277170382
1460808.5362199552
1065779.3808644903
867816.7229559175
261722.69867466638
617817.4878611005
1583863.6479501994
964680.301935838
267938.07385402755
745732.9760930282
915553.8612250431
1508561.8114668163
830329.1028096785
695393.4203201196
725044.4572218921
320769.52405679296
5826309.6014381675
2364322.994168976
2027084.5171928946
848657.4618239205
1241855.1209515848
1460133.6248869796
3429510.6858498193
1349577.0591200336
1464555.5627482943
232282.3558972934
231694.52334983562
687891.7554814904
215741.3447755372
136539.5356918163
516017.0085982838
383482.08213602344
1132303.310402151
203310.4929263888
3193096.857690456
1936954.9294692534
1621406.9863403183
128774.40170726176
3232287.38569474
1384178.1900600838
2506621.705575232
716445.4778972281
669610.5895153437
288375.09944950754
1159154.6324119745
153795.1409031184
174981.36882341412
1227315.6025211986
3363477.9699740536
594754.2960021507
1301511.1933610574
1258468.088785383
973413.5530941148
547484.0136926775
451574.0387555597
763257.6324236863
2078902.4840015105
432843.7776543127
118915.72321494503
397080.9872981365
135793.8855319109
689603.6959874498
176092.4860073864
1251498.7412311835
2410315.41052454
498976.86756140384
561639.2893701848
1114953.5220755106
752040.8090504857
339120.81990731356
1262238.4581117046
165066.16016380908
299376.154177008
1988359.830244003
892414.348565733
1329489.0590996067
1211884.9981504325
1798682.3432628673
5826676.996780329
385168.0410929241
152815.96127296085
390740.37293307733
1461066.321902024
174633.15517176918
1914394.62267119
5708551.275041455
1700814.1105558604
140148.53524077995
669890.1956390049
1520403.7143738212
1868689.4242212377
2075266.0820375239
785653.2202603334
272135.6163834311
3331865.7320800377
1041728.1797083201
505921.55294208264
745443.9313597478
2040684.2342784158
1406628.8871980552
592666.1304869672
460731.9258562681
602341.7202507594
780089.4136159649
183818.34319707454
299426.3919378836
1057273.4682604787
3063872.142962982
2111517.447304519
410044.96835512255
2038681.8281732118
1995950.2992053921
881010.7828086714
637144.0052151643
1635483.708428093
273821.9813020357
546465.6587580795
546868.3727684927
938258.7918801727
138711.83677016327
1012138.4430238582
1033018.2713480258
4189912.4791759723
901786.5834461771
182428.4318128491
655187.9880557224
269959.25568804366
331997.0039247247
401354.7491374746
165577.46893005425
2089371.2214445816
276187.9261132123
803253.385467944
299499.1605733338
1078668.6649679318
1212472.6277170382
381679.6121700618
358162.25065471133
378465.8163399864
260660.0939143275
174610.01535463857
1024747.8165323607
206380.0708611021
902183.0050501775
256475.54215945347
1609304.2530384648
101729.74043588675
2077930.205720322
273214.05365022767
2088497.388876624
1737834.7732520215
2666401.127957684
235181.2269354556
373166.59523622965
375356.86011998064
461299.0543568195
804411.2897383075
895999.396374158
861182.3952979814
347861.7843379672
1834014.205270199
127880.37254452774
274689.6229540068
215544.04738737116
182038.81006739152
493828.664211552
398273.2968229179
792027.3264659763
473243.8685557995
289068.27905916504
281338.66672371444
396714.70835066156
2503609.469731215
3204099.4347743466
957428.4050356228
201633.87108868128
1695028.1413689533
22662994.811101712
1356168.862289471
707519.2934391039
2571553.250328775
959820.4328862843
742698.8183169928
1406628.8871980552
201294.48710409927
934477.9690399718
917048.1047672081
445271.1788289767
187025.03469732922
582172.2234182456
780089.4136159649
178551.29455836344
358408.87238991895
153260.89530059465
1419722.1670577796
2255998.2028700192
2174503.4205914238
1041245.0852805059
783982.1803960564
415728.3307213323
118494.84241827595
794682.3160104332
3445319.8495096075
592253.3689243791
14440890.03438845
143697.75692882296
1569516.9613292345
370451.32037872187
590735.2751321013
1429033.9136443213
725084.1399784626
134529.0103525314
1443498.329159459
859356.3795531853
449513.2756553992
405173.9353587077
3016053.9138434734
1360602.979001907
1019371.8686665393
250936.09321732784
401059.61497863353
477085.0781994772
540585.8109271119
219441.2797462071
453232.6967878633
1057273.4682604787
461958.13318333717
1990361.221444947
133854.91094296402
1430524.808002428
1959324.4342664154
200016.9256214684
191012.59353531525
454981.9857705949
585004.8212082223
1255952.1411245614
493641.008413857
438209.3734966808
142084.16064566848
167745.50741050878
471245.116105932
513785.0311494422
293735.8237514271
394286.5499083399
233598.7882130866
892247.0923436661
1508561.8114668163
2299381.300372832
1369394.0797030104
727922.827194
336981.3002365682
385168.0410929241
227361.08514000292
1970153.4627218267
1188485.3655292552
867184.7420731449
630533.3248264887
1349577.0591200336
790701.658521416
231694.52334983562
577962.7050185725
1336926.2775177185
263416.7768656479
1257959.621751066
1464555.5627482943
179182.057556024
2134292.913805726
308197.6005154887
745731.250755786
427205.68001810403
195719.11055116568
230709.7617462475
165066.16016380908
977480.4774452416
1690432.654879159
816507.8321241746
646329.1932404696
1833400.1881928304
2141138.4430401917
3193096.857690456
2241138.9895976973
1138130.8906637228
498478.0421175581
1840337.0588107065
288375.09944950754
763717.3840535178
669610.5895153437
128404.6720853024
432843.7776543127
160506.39830397104
2205336.2120136726
1410559.6113974748
8870208.428562116
2508134.927827061
851822.1362878064
1009131.687662846
383482.08213602344
1132303.310402151
490431.9826338041
561639.2893701848
845001.1677364355
373070.38231237093
3008706.0070002517
498976.86756140384
595405.8645371436
2289479.894411164
4677036.076902659
752040.8090504857
1354628.2376226187
220498.70849481935
2027084.5171928946
496058.81483272545
1036364.41069362
1121280.4352330582
304855.4192965089
291383.7831286141
1798682.3432628673
272844.42551869433
1854808.5786556653
1953159.9057904861
1488778.2827244236
382628.649143694
865473.7149810195
1270665.2081834273
739953.7052742377
1175277.401488138
426715.6842413212
330402.4878416604
5708551.275041455
4755226.330910324
794871.0882028143
727416.1869873514
130534.24569429859
134854.49014874984
466637.34927459055
3331865.7320800377
106955.07650950718
201566.37995538372
324619.56336753356
639313.3630711569
602341.7202507594
1703289.4620462775
176314.03960736914
1451259.302036547
201024.92853261315
985746.6696630142
8777939.422658155
648646.2196663087
313341.338286596
371312.56813385425
385742.7813754263
199740.05973930945
162515.40128686576
208206.2895867504
1101832.839800763
1033018.2713480258
369031.4693188231
585201.1036921282
677493.0464323674
378519.6062657724
739953.7052742377
416946.62179517257
2038681.8281732118
1611984.6151894247
1221615.900196401
1012138.4430238582
1430524.808002428
1630085.4326685492
938258.7918801727
331353.25015253475
546465.6587580795
1078668.6649679318
381679.6121700618
503574.3838597181
250936.09321732784
1238238.0021685401
256475.54215945347
119890.9447184881
260660.0939143275
453232.6967878633
159215.33859468065
206380.0708611021
191787.77740918996
848985.2758999371
237046.0120229882
2088497.388876624
120835.7190942278
895999.396374158
348441.19318006607
177391.6649507577
1315684.3313535426
631585.2730920964
807114.9946872499
272242.181330743
414524.0453262815
272135.6163834311
1834014.205270199
106951.5243445968
2077930.205720322
861182.3952979814
151770.60988504393
1609304.2530384648
164273.01248453037
1880563.8040645658
274689.6229540068
257243.7231939334
466637.34927459055
207864.16536066614
794682.3160104332
3265722.3916399195
279584.91216223827
934477.9690399718
281338.66672371444
1356168.862289471
8777939.422658155
1658802.1487084616
312712.8080783077
109085.36055148547
22662994.811101712
920266.9751185841
201633.87108868128
863453.5480512636
546549.388359539
362039.9968517531
187025.03469732922
2571553.250328775
417110.52883318084
397177.8091645514
957428.4050356228
387506.4819986516
1695028.1413689533
737408.2238994469
212527.34596460973
2503609.469731215
1451259.302036547
247166.43432398821
102859.22738696708
1041245.0852805059
420766.21397810976
441412.91879372916
1429033.9136443213
498246.84692710417
977606.3255734958
1114086.7938373736
1645403.3826664425
1569516.9613292345
378835.5459619457
3016053.9138434734
425920.1007918183
542231.4781848859
268290.347122713
419633.88529510115
388537.1172747968
1443498.329159459
401059.61497863353
902183.0050501775
949100.3036579833
3331865.7320800377
540585.8109271119
219441.2797462071
473601.1148553594
113503.44177661165
167019.64788367556
803253.385467944
461958.13318333717
523256.9296282297
2089371.2214445816
905474.3395657255
921889.1980879498
459318.3672027819
281460.15076365
608416.734170947
4189912.4791759723
479062.61915030837
185207.0366961879
2075266.0820375239
438209.3734966808
1212472.6277170382
335936.96375291137
107634.4534212272
925675.2984303032
964680.301935838
830329.1028096785
1556061.3606486493
892247.0923436661
617817.4878611005
471245.116105932
293735.8237514271
1616314.196763069
756642.8924179706
108634.84455042108
336981.3002365682
1215315.3745496161
864048.2819476901
630533.3248264887
389774.69152957934
362801.6824989683
1188485.3655292552
687891.7554814904
3269824.634659298
1261210.3600962097
1048064.2270042087
725044.4572218921
136539.5356918163
427205.68001810403
516017.0085982838
165066.16016380908
153795.1409031184
2088361.3917057684
2141138.4430401917
1690432.654879159
282689.40280349954
1655233.745329902
1146182.1261592035
1917980.2794221712
2884029.078262346
178869.87300561304
1591591.1289867037
605895.5090079729
174981.36882341412
135793.8855319109
978934.9367404104
1453704.2063991604
1455747.2086747692
624155.1590038053
3044211.417636063
1619388.3417669528
2436330.4514240297
973413.5530941148
1344518.7762876279
1068872.8090493162
2663924.761563007
2350801.424711483
583772.3214747404
383482.08213602344
2827649.1168045197
636975.8355792634
1469270.8079407818
414349.48179354204
2218398.0298413336
220498.70849481935
892414.348565733
749276.2098459365
1860880.7508439245
994469.8732691159
2570975.76980477
248490.4784217323
925919.8903569906
243544.95145262513
2118570.0170080476
1569210.4602426803
385168.0410929241
135426.28720889776
382628.649143694
176444.9622569238
284178.1658626601
1287548.1405504155
615957.1683523124
220153.7425368068
857915.519975102
14440890.03438845
794963.8504521888
513116.31073245336
503315.17731168505
654607.7672902156
1520285.9854796478
959820.4328862843
648646.2196663087
453582.8387576024
129717.85670746326
1709192.1452230974
490752.48939914786
460731.9258562681
1406628.8871980552
396863.18884391617
2174503.4205914238
272061.1224107387
344800.2241469088
357302.5252559692
1024747.8165323607
484163.1219999349
5202802.154333167
369031.4693188231
1012138.4430238582
757485.7704059947
901786.5834461771
442739.2971712715
439939.07482719235
1995950.2992053921
1033018.2713480258
2089371.2214445816
677493.0464323674
2038681.8281732118
739953.7052742377
1255952.1411245614
273821.9813020357
654926.2442470392
1139931.3308211642
6741649.72382603
1990361.221444947
473601.1148553594
381679.6121700618
191787.77740918996
477085.0781994772
902183.0050501775
256475.54215945347
358162.25065471133
206380.0708611021
220617.24931240059
461299.0543568195
591167.8273277617
848985.2758999371
712325.8800150015
895999.396374158
1010006.4336446378
2088497.388876624
580360.6193139429
260914.0229602079
801114.4747397548
631585.2730920964
1609304.2530384648
348441.19318006607
162880.25936837657
208948.1846008934
807114.9946872499
2077930.205720322
1737834.7732520215
22662994.811101712
727416.1869873514
1443498.329159459
414524.0453262815
1315684.3313535426
274689.6229540068
225858.72236375688
949100.3036579833
154035.5717223393
314880.33910663216
270779.3998206414
794352.7765971745
493828.664211552
212186.84558534162
845000.5587938796
186588.93033675844
277418.903490304
984802.3012489787
1709192.1452230974
965092.150084592
445271.1788289767
959820.4328862843
232592.10467748003
363603.15239317995
1356168.862289471
1695028.1413689533
417110.52883318084
397177.8091645514
691012.1801196355
1046190.7137400392
2040684.2342784158
463313.9437844228
3204099.4347743466
957428.4050356228
678096.2040341528
291954.3623036499
792027.3264659763
178551.29455836344
780089.4136159649
460731.9258562681
707519.2934391039
176314.03960736914
582172.2234182456
473243.8685557995
783982.1803960564
331213.7008167691
3265722.3916399195
430824.9301000948
153358.32610956553
145635.91959436177
1041245.0852805059
1569516.9613292345
8777939.422658155
1019371.8686665393
14440890.03438845
2571553.250328775
378835.5459619457
752684.6643131017
1817294.672489089
687150.1649386254
269747.74964023597
332376.67960843316
425920.1007918183
400120.2195954725
542231.4781848859
3016053.9138434734
313329.56539717875
311897.8399574366
2152804.7675101967
401059.61497863353
1041728.1797083201
375339.2007858547
661362.9700455312
3331865.7320800377
104839.30559844855
540585.8109271119
1024747.8165323607
1520285.9854796478
928523.9317075898
519941.5418817168
585004.8212082223
649460.3758637719
4189912.4791759723
542831.388093039
1057273.4682604787
1630085.4326685492
778630.996194182
523256.9296282297
2075266.0820375239
921889.1980879498
1959324.4342664154
727922.827194
107634.4534212272
1212472.6277170382
126374.55909379732
438209.3734966808
156236.89906252548
3063872.142962982
1886794.3013174026
2356656.407388078
1616314.196763069
293735.8237514271
368352.19389752916
830329.1028096785
268292.3769312332
964680.301935838
392295.30774999724
611888.0112118132
915553.8612250431
1556061.3606486493
272844.42551869433
305089.65919974307
1417833.4302297086
101778.35434994617
1872557.2243565302
1569210.4602426803
381202.81014866056
1048064.2270042087
2172092.008069394
870208.7508065791
1261210.3600962097
579186.1721041395
392851.88124624355
136539.5356918163
203310.4929263888
725044.4572218921
165066.16016380908
2141138.4430401917
878742.6747681696
1142356.9520028357
775586.4863946933
544921.4819263169
428750.26281157084
3232287.38569474
1464699.6791532303
727859.497168169
490431.9826338041
427205.68001810403
516017.0085982838
1280429.6020699793
1909128.2844654608
624155.1590038053
950823.8140725081
746534.5474776658
2508134.927827061
2894184.210289042
763257.6324236863
8870208.428562116
2586328.2265475076
2413242.3944107075
1588256.1535879706
1328612.1818188687
128732.58765174508
397080.9872981365
262503.87048367574
3758820.7307458934
378897.45512181264
1143171.9201237068
2410315.41052454
1262238.4581117046
219875.76025996165
4677036.076902659
721770.0716074879
2728220.9762497186
210035.451534753
1132303.310402151
1495425.9056281673
1893250.1073159848
678943.9535626257
892414.348565733
1582777.700391878
1668647.7349358224
1907141.1019241589
320769.52405679296
2111517.447304519
1488778.2827244236
1767599.8853926307
1287548.1405504155
368583.69355926104
284178.1658626601
184322.14167179487
381695.2416956676
865473.7149810195
1413138.4831224233
119890.9447184881
1399377.396259544
1095181.1572799787
288225.50256156677
794963.8504521888
513116.31073245336
266996.34419106826
2503609.469731215
649556.3858067786
2255998.2028700192
1703289.4620462775
331550.1415789967
171399.16274691743
304381.5604974618
131108.68150552284
745443.9313597478
1645403.3826664425
1406628.8871980552
522956.61945766205
613227.2788734591
254194.03738271823
857915.519975102
1868689.4242212377
109623.15831891964
1273354.7044727278
1461066.321902024
