1675897.0592620643
1179491.2312987493
518129.5929105394
101295.270307529
568304.5348132139
835257.1576373327
82034.5375014109
688810.1872666355
948842.9223082921
973098.1587077226
179219.53385056675
1441804.0760207244
219355.27451808704
505068.4906975309
200872.2753937095
1173081.1145863768
187957.448504653
844996.839004116
280136.90013593703
152648.87183339702
606177.7846162022
221398.97884347444
253252.46658607162
114431.93766379968
249547.03386154847
322468.806614784
488460.368490382
413997.4583438383
616845.2336693794
758602.7017244908
580727.2094479671
536537.0268916549
391003.2593196345
1431094.1851979636
468915.46376208944
206730.02265471287
588713.6228793728
1629160.2139190456
316373.87094037025
777071.9973254788
1247081.7070066826
1127298.8175297475
577389.4226795224
190499.96108141847
283407.18726345734
221983.2187749551
982468.2364722289
1452169.4211125488
156897.98206016797
293877.6971090652
416040.3796107463
462897.2678186569
698626.8432819439
96763.08444045483
273226.80058446736
230385.0447296827
589476.7133675485
119212.9012097794
343191.352990247
4014268.639623263
1301755.6330969045
1206228.7630778793
1292454.4644785854
488981.10237918334
654789.2719589056
253792.85524270585
382738.6252104979
622271.750625777
1031517.4535049171
1646732.8292552724
865133.9708603792
688550.2901573225
967951.115322623
470414.7075267496
1402149.9946238834
323772.2857595941
142014.85937729038
180408.2949281446
239625.83953924006
190167.7876744568
138248.26978552603
435324.21264200663
754280.9236708316
242738.88852409672
151637.94333649098
308716.3420703128
114082.92849953087
260624.88386377934
843613.1746710154
1228006.4024484865
281412.1891754887
1130102.1668860014
598410.7058648766
878135.0907938655
92372.86707569595
139327.6375935317
2472151.640157417
740558.0587368817
1318742.5206905394
1661015.8159195373
1279863.667188305
323355.4637310092
568953.9252101806
1292840.5123089298
577455.0429800963
369939.69097639265
401627.013709661
237459.19503258684
1225433.2722851764
510067.9275592634
1399178.2876945585
1254830.8537188298
214045.04174588056
449180.1975174547
547873.3644979357
6772697.846206227
256257.5318066189
759833.0432073248
666205.3249183897
744625.4993964316
534611.7210083528
612890.0052899276
130219.10136114512
860252.3842997964
498681.08268106106
1652014.5586988286
1651271.4362018774
804706.9141220017
1574508.2134662468
707556.6855693313
1085297.1268116636
1931682.328499757
1046364.2422743505
343552.9693960341
738712.4682067826
306088.78934268444
217069.37020502114
223033.22188998325
365135.5488994226
852734.2398390723
9144329.835479962
2179304.9961481784
1249453.5911407867
1381849.2035454253
850647.38899147
668288.8869203784
5201580.275955784
17485836.79553936
457276.86558275984
370227.54327342025
336028.7170791707
500468.8051895324
378644.4822568003
11141998.152863361
530176.8693102681
128791.19422395831
349965.9051189324
243542.14991226577
1984104.9614617024
555327.6896925889
916986.5372493212
691316.3659299568
622736.8090566929
2057285.6916540756
1241673.1220894633
101250.79258589905
786505.5028268165
291647.9380889723
405497.6717733377
138584.20187318887
393500.35450459475
267112.1318363727
133021.5110472236
203168.51607870354
207942.98023930425
153561.68310283418
712159.2683937035
449253.8050145183
523845.29336337955
650942.3405671549
1113744.075251325
300734.15715469595
200567.19581013508
839414.41510447
808643.349097948
669084.1611120576
335895.3622201287
1328998.2375952478
835257.1576373327
655660.2679055429
294120.44523767935
958164.4504470757
475247.2746265218
982468.2364722289
286548.42635357246
169861.59349249108
491891.8090529629
613361.4848003746
1241673.1220894633
478415.29431663244
530868.4665592747
245108.0319535229
1079702.1739763473
101220.56652859421
1452169.4211125488
282889.5073027257
488460.368490382
1163944.3882487318
588713.6228793728
363593.3935300913
468915.46376208944
1247081.7070066826
178833.25110267845
1431094.1851979636
1127298.8175297475
416836.5934726007
413997.4583438383
580727.2094479671
206730.02265471287
1056568.2773194183
125390.21463622608
1629160.2139190456
136137.69226599787
104489.36584500363
537070.2897161266
160951.32766708874
168036.12756531264
777071.9973254788
422107.20348574955
3232764.5313043767
1173081.1145863768
110358.07592471859
716410.9627134565
273226.80058446736
401165.55734775035
1441804.0760207244
1257707.027513668
661932.4097138449
722738.6233679481
501096.97470170754
709462.8848257359
457676.06879555824
416040.3796107463
720487.5651572156
1105085.0145861143
2522862.5072833933
1534136.850502275
1646732.8292552724
865133.9708603792
1564015.2298422805
1221206.3226133725
240647.57424316183
1187692.98581199
1340841.9970961802
92928.76029022236
1402149.9946238834
299779.29564491496
1102583.925802909
455787.09682570037
384426.8209862374
1603245.6766017657
131834.78592169215
859583.6523583884
241752.2348400521
1049785.4247708512
199606.7745851504
308716.3420703128
270129.021239959
163884.74303677093
281399.0337930348
1492363.812860176
969583.0091936936
528383.1955573533
572846.9787463681
1320433.1439475652
534611.7210083528
137663.71663065357
155962.69701237202
230828.25582902343
280541.2715346995
116017.78769628155
306088.78934268444
547873.3644979357
765829.3918191821
666205.3249183897
493267.95602466137
651967.7556459298
710040.2338425978
370227.54327342025
738712.4682067826
1931682.328499757
740558.0587368817
177449.89999296953
322333.2591919998
1677757.6062091198
759833.0432073248
1127099.9206759797
616915.8655442214
1292840.5123089298
472500.4620924808
369939.69097639265
11141998.152863361
1314188.252574346
130219.10136114512
1318742.5206905394
6772697.846206227
1307814.1565520263
573035.9307574475
545892.852991836
522554.81298932753
744625.4993964316
307291.3322494998
449180.1975174547
1201878.09016633
1444788.3118857197
421695.079808041
1740635.635988021
410106.12753630546
268839.872065322
533156.6417419309
2472151.640157417
707556.6855693313
343552.9693960341
6843888.824802444
769895.5795851651
2348788.607312663
824156.5206333513
832256.47754427
850647.38899147
324941.15715179517
130843.3555809232
438238.28646724764
530176.8693102681
249434.58666390655
1984104.9614617024
17485836.79553936
306203.3507982207
457276.86558275984
764567.4930796282
265569.4283261058
522223.4226408451
609730.912466482
596824.4643031552
480721.8713735546
1859700.4608393456
304487.7479757022
291647.9380889723
174430.8180256409
620650.74126757
795540.4315621394
622736.8090566929
714213.0741734753
190051.4251844179
138450.84701414694
583794.6061234748
329840.2059164686
570917.9141823649
1572963.2390863895
257519.66546371666
107024.36106036685
1535681.0418236528
1253317.9847366281
1153809.2623498512
386308.6671239327
779279.5174847569
251852.82785999114
518129.5929105394
101295.270307529
425837.61577576556
1328998.2375952478
884061.2773659686
81026.036485791
2646069.7114907466
958164.4504470757
575375.6311880483
445932.30586244515
478249.59914239123
486493.6388135196
151405.92310904464
647474.0962560422
269411.89628452406
1564015.2298422805
291797.4239526898
2522862.5072833933
395899.489073782
398696.5739622005
632077.1305989819
720487.5651572156
153638.7360572072
1611398.8814892836
606177.7846162022
282889.5073027257
2057285.6916540756
151311.56456227688
1601190.1480933395
795540.4315621394
152648.87183339702
1097635.7792715775
245108.0319535229
561244.4795629389
128868.48209587515
1173081.1145863768
536537.0268916549
344951.04200515576
1363807.536180038
1431094.1851979636
588713.6228793728
1222044.1951863312
1629160.2139190456
398473.2456838755
1200593.091201634
335142.21657464135
580727.2094479671
206730.02265471287
980393.1315018175
91500.69654133967
3232764.5313043767
537070.2897161266
399902.24910293345
171806.86736701778
295220.5640953891
399321.29801706626
1649679.4783132565
505516.16523020423
1506978.0332612277
777071.9973254788
570917.9141823649
142215.4006538648
183733.86598431057
1148680.2293097782
399367.96830243856
273226.80058446736
418826.42337460525
501096.97470170754
350431.90322002367
258064.59585953143
147377.47876176878
293877.6971090652
1452169.4211125488
1257707.027513668
483054.7591953845
722738.6233679481
478415.29431663244
157283.09022033712
451365.71373346145
647648.9532144923
781878.410272039
698626.8432819439
502708.74396985746
1511734.330465106
1079702.1739763473
462897.2678186569
96763.08444045483
351045.4295386339
87290.66093269085
944002.0547886384
589476.7133675485
488981.10237918334
688550.2901573225
343191.352990247
1646732.8292552724
850129.004278107
1105085.0145861143
578110.7761507463
1210974.8805215256
324971.1482915562
6772697.846206227
754280.9236708316
94888.05091153033
107614.7088479869
323772.2857595941
859583.6523583884
308716.3420703128
191022.73092226626
970929.8697782626
151168.4997780904
344610.0983432248
1964495.6110205553
843613.1746710154
302268.09040999354
576731.2620275863
9144329.835479962
847522.2026001827
302635.9712836159
493267.95602466137
323355.4637310092
415783.6147353508
1677757.6062091198
2472151.640157417
144300.84199620422
250463.13397659909
306446.0989268349
85738.40410897524
279335.2048647268
410106.12753630546
759833.0432073248
1818299.3759749623
3227031.7601766856
1127099.9206759797
1944555.809901101
577455.0429800963
307291.3322494998
545892.852991836
1931682.328499757
547873.3644979357
573035.9307574475
1740635.635988021
1307814.1565520263
17485836.79553936
306088.78934268444
2811063.2653343487
1033594.1245922871
1824214.5997283533
4495624.866670979
631258.8344880084
807197.8231449747
544527.4339213055
744625.4993964316
568953.9252101806
533156.6417419309
357474.0264311203
1574508.2134662468
381017.93250786315
11141998.152863361
214045.04174588056
1085297.1268116636
766554.660582803
1004192.6278662368
2348788.607312663
505042.8063794066
438238.28646724764
391869.16538615554
580740.5997479648
285825.0369303022
721004.8535887075
559445.1677889725
297623.3007335816
808643.349097948
247725.09169752733
813654.1403076318
634236.1794383851
2056059.4220753347
568304.5348132139
342857.92668971827
691316.3659299568
174430.8180256409
210800.75215987634
513809.9291147746
248420.05609799526
168996.78370784118
284205.4370773582
187198.8997556578
324989.785083366
758602.7017244908
291000.6619498998
421941.1950881167
363955.40146511816
792901.5244865599
106213.03416986001
178549.07918050402
1603245.6766017657
1340841.9970961802
210050.89536000244
182894.97543532882
252169.57501490862
336485.94492529257
948842.9223082921
138249.5226790931
446876.2828593625
2056059.4220753347
610072.9524102842
884061.2773659686
518129.5929105394
581131.2676233378
425837.61577576556
555828.8471194052
303108.39046423824
1452169.4211125488
530868.4665592747
153574.3686502005
162949.06645973527
416040.3796107463
164632.40727290252
1097635.7792715775
222382.97012868908
405497.6717733377
1441804.0760207244
254948.88447584485
209968.67421966538
388337.3367265155
1241673.1220894633
1247081.7070066826
1506978.0332612277
255297.5021108739
616845.2336693794
88801.80718623793
1431094.1851979636
397687.0549705574
667764.0028216363
296578.7790279092
1629160.2139190456
396415.44630585896
488460.368490382
316195.255301219
252888.42269899827
758602.7017244908
1222044.1951863312
399321.29801706626
536537.0268916549
331516.5775091691
1824125.3310617018
905419.1973916171
398473.2456838755
525799.885633811
465220.21079779847
242117.84484408417
993419.3093066447
777071.9973254788
980393.1315018175
570917.9141823649
399902.24910293345
136137.69226599787
906795.8141984033
168036.12756531264
530836.752690859
1649679.4783132565
351045.4295386339
1079702.1739763473
350431.90322002367
879524.236536322
815748.8217400281
435163.68565372954
795540.4315621394
698626.8432819439
354391.2035035685
720487.5651572156
182204.70938573728
157283.09022033712
1511734.330465106
982468.2364722289
110358.07592471859
865133.9708603792
399677.66793104145
647474.0962560422
2646069.7114907466
1292454.4644785854
2522862.5072833933
567658.4332618605
758395.3478391455
279922.89025351685
148719.32777206946
488981.10237918334
303680.0231542006
663496.2558030557
1603245.6766017657
1102583.925802909
2327063.4328601756
308716.3420703128
435324.21264200663
107614.7088479869
754280.9236708316
418363.55750743166
386308.6671239327
650942.3405671549
1049785.4247708512
1450965.8602297101
2225198.487508883
123951.89282126325
722277.6368411251
302635.9712836159
281399.0337930348
9144329.835479962
2493900.3063642867
544527.4339213055
612890.0052899276
280541.2715346995
155962.69701237202
137663.71663065357
92372.86707569595
357474.0264311203
410106.12753630546
1292840.5123089298
1455773.0562347497
1399178.2876945585
1418329.5489252564
2027711.1390040778
765829.3918191821
365135.5488994226
654814.1732185506
651967.7556459298
707556.6855693313
738712.4682067826
1931682.328499757
306088.78934268444
1318742.5206905394
522554.81298932753
533156.6417419309
1740635.635988021
2472151.640157417
1093897.4580909193
1133629.0622772211
644715.3029272662
677377.7683849321
1444788.3118857197
449058.5102297558
3447836.2410225994
804706.9141220017
11141998.152863361
721004.8535887075
217069.37020502114
759833.0432073248
123638.19959441542
568953.9252101806
236073.2598298959
307291.3322494998
298984.09975908377
1677757.6062091198
1974420.0941884771
751045.9524807322
733616.6368462361
1259391.3863028584
557329.1871659365
1984104.9614617024
17485836.79553936
6772697.846206227
1661015.8159195373
391869.16538615554
241761.3183184131
429163.813278715
1859700.4608393456
691316.3659299568
1415050.100013527
618107.0541030854
92635.81811307863
476682.6208192629
639220.3466597692
284205.4370773582
153561.68310283418
1363807.536180038
3232764.5313043767
421941.1950881167
365159.19726550055
356427.9386084891
600759.7246913823
1051884.0214956447
969041.1327259486
709462.8848257359
298209.8898405005
381157.39522304444
714401.7912670107
2057285.6916540756
260624.88386377934
1169919.1244465578
303108.39046423824
944002.0547886384
225934.2969444662
970590.0223982028
335895.3622201287
1057022.4512374706
1460754.0912222164
300734.15715469595
2900151.828535743
1511734.330465106
613361.4848003746
285676.412430912
456120.83634962095
286548.42635357246
1452169.4211125488
280136.90013593703
844996.839004116
502708.74396985746
795540.4315621394
416040.3796107463
561244.4795629389
164632.40727290252
2057285.6916540756
982468.2364722289
169861.59349249108
606177.7846162022
99562.5185043116
1601190.1480933395
1415050.100013527
478415.29431663244
525799.885633811
1163944.3882487318
316195.255301219
1774108.2537484744
397687.0549705574
1363807.536180038
578776.4541640846
396415.44630585896
368217.51046264713
488460.368490382
616845.2336693794
468915.46376208944
1247081.7070066826
267322.4613439397
906795.8141984033
1629160.2139190456
391003.2593196345
602950.0958699614
537070.2897161266
1148680.2293097782
294500.38521188445
307297.2051880953
422107.20348574955
3232764.5313043767
1127298.8175297475
104489.36584500363
157283.09022033712
483054.7591953845
451365.71373346145
230385.0447296827
1079702.1739763473
1051884.0214956447
1257707.027513668
815748.8217400281
1097635.7792715775
275679.9661887333
1441804.0760207244
457676.06879555824
462897.2678186569
722738.6233679481
293877.6971090652
273226.80058446736
435163.68565372954
84621.52779980631
1031517.4535049171
850129.004278107
501717.4702407844
4014268.639623263
1534136.850502275
1025779.2009678702
1564015.2298422805
168856.22471078878
2522862.5072833933
1435779.224080217
716381.8329380228
1646732.8292552724
197652.26062056675
1113744.075251325
455787.09682570037
1187692.98581199
859583.6523583884
119956.49354181811
2327063.4328601756
169059.9765271288
308716.3420703128
384426.8209862374
94888.05091153033
418363.55750743166
11141998.152863361
386308.6671239327
120546.29318850256
6772697.846206227
190167.7876744568
754280.9236708316
843613.1746710154
894356.1471946469
420439.0540070826
1479834.8771897682
1130102.1668860014
218627.1867439405
254504.8120121768
532069.9131842188
1318742.5206905394
544527.4339213055
721004.8535887075
765829.3918191821
547873.3644979357
573035.9307574475
17485836.79553936
250463.13397659909
415783.6147353508
1085297.1268116636
280541.2715346995
500468.8051895324
501171.0520338588
357474.0264311203
1931682.328499757
1279863.667188305
1695965.2819721403
973914.8887017372
2463662.503182236
759833.0432073248
1740635.635988021
651967.7556459298
1314188.252574346
256257.5318066189
738712.4682067826
807197.8231449747
217069.37020502114
103467.70944692979
545892.852991836
568953.9252101806
140747.32261668477
2472151.640157417
1307814.1565520263
666205.3249183897
1133629.0622772211
1520089.5644403095
3869127.9674079013
767961.8166702855
1619328.9147101725
1651271.4362018774
1471471.8126297712
1677757.6062091198
612890.0052899276
143964.36176760582
1661015.8159195373
236073.2598298959
1381849.2035454253
852734.2398390723
1409535.0191431094
1661378.3719954998
1376894.7925462585
306203.3507982207
1984104.9614617024
1058612.8430091331
448337.9398170114
609730.912466482
480721.8713735546
2181698.0228612265
605831.3595449155
342857.92668971827
1328998.2375952478
1611398.8814892836
266759.5989089466
584444.9361906169
249237.09931540172
1539993.3448697112
371509.7232275907
600759.7246913823
354391.2035035685
488276.193136027
631725.2241183394
108634.17268231841
132933.41696829104
447782.43813172483
262339.07718103495
663044.1178370499
1574508.2134662468
172873.6279335051
2363958.0161756095
486493.6388135196
970590.0223982028
1328998.2375952478
835257.1576373327
916986.5372493212
610072.9524102842
269411.89628452406
425837.61577576556
958164.4504470757
2056059.4220753347
944002.0547886384
2522862.5072833933
575375.6311880483
189678.7676540712
2900151.828535743
491891.8090529629
1452169.4211125488
982468.2364722289
187957.448504653
219355.27451808704
530868.4665592747
222382.97012868908
516859.78528034355
613361.4848003746
286548.42635357246
632077.1305989819
280136.90013593703
1601190.1480933395
89653.22667089009
720487.5651572156
161645.66562077316
1415050.100013527
606177.7846162022
395899.489073782
322468.806614784
1431094.1851979636
1824125.3310617018
588713.6228793728
188606.0558431405
255297.5021108739
578776.4541640846
114431.93766379968
758602.7017244908
468915.46376208944
549098.4594889579
673939.985048668
1163944.3882487318
906795.8141984033
1222044.1951863312
397687.0549705574
777071.9973254788
329236.3112171549
229645.6809134328
399902.24910293345
399321.29801706626
307297.2051880953
1629160.2139190456
245817.7961592515
422107.20348574955
980393.1315018175
256155.26436920924
1097635.7792715775
1173081.1145863768
187051.2932322908
110358.07592471859
722738.6233679481
698626.8432819439
425097.70381858
792901.5244865599
398696.5739622005
781878.410272039
273226.80058446736
221983.2187749551
343303.17374110536
647648.9532144923
435163.68565372954
1031517.4535049171
799616.2509474192
1287460.1174969692
343191.352990247
11141998.152863361
386308.6671239327
207001.82225291283
242738.88852409672
1049785.4247708512
663044.1178370499
193156.40866693674
384426.8209862374
161902.74371956033
754280.9236708316
324971.1482915562
17485836.79553936
110871.29245211768
178549.07918050402
88849.8086710252
493065.7703252801
251978.9785810226
969936.1685679033
254504.8120121768
2493900.3063642867
969583.0091936936
1037709.0969015368
847522.2026001827
561586.5195067411
242948.74819657608
1046364.2422743505
163714.66273504513
1931682.328499757
740558.0587368817
268839.872065322
225103.0803685826
666205.3249183897
493267.95602466137
1279863.667188305
1292840.5123089298
1127099.9206759797
622049.5969351709
3352412.734722855
1695965.2819721403
1677757.6062091198
547873.3644979357
1085297.1268116636
544527.4339213055
765829.3918191821
545892.852991836
130219.10136114512
155572.4206662388
256257.5318066189
137762.8518341457
707556.6855693313
1095399.3642544094
210540.93335641126
573035.9307574475
534611.7210083528
421695.079808041
1133629.0622772211
1652014.5586988286
677377.7683849321
4495624.866670979
2472151.640157417
1307814.1565520263
6772697.846206227
280541.2715346995
738712.4682067826
357474.0264311203
1740635.635988021
307291.3322494998
1318742.5206905394
223033.22188998325
241276.3702021204
651967.7556459298
612890.0052899276
744625.4993964316
321825.36746226065
733616.6368462361
970982.3346963823
660549.6850509195
481572.50779972726
1473005.0411324373
526716.7688073411
2233033.7706537643
680916.7228767347
832256.47754427
668288.8869203784
1574508.2134662468
710040.2338425978
575153.9473325299
207633.28061070133
141826.69042469043
808643.349097948
284953.0230076419
671417.3621572794
522223.4226408451
282889.5073027257
374703.1140124338
168996.78370784118
1441804.0760207244
1241673.1220894633
272595.029003287
476682.6208192629
107024.36106036685
1261872.1155655992
140754.29183715145
1253317.9847366281
112737.32080852905
600759.7246913823
403723.5744824079
103276.95640134785
103239.83942942425
1135629.7766920894
1611398.8814892836
270129.021239959
1102583.925802909
156186.4168199367
948842.9223082921
1646732.8292552724
688810.1872666355
81026.036485791
839414.41510447
380152.9661115174
237792.62133311556
884061.2773659686
518129.5929105394
303108.39046423824
486493.6388135196
2522862.5072833933
1460754.0912222164
300734.15715469595
445932.30586244515
581131.2676233378
1675897.0592620643
808643.349097948
475247.2746265218
632077.1305989819
1452169.4211125488
235059.12079322428
388337.3367265155
275679.9661887333
491891.8090529629
395899.489073782
462897.2678186569
502708.74396985746
285676.412430912
478415.29431663244
2057285.6916540756
344534.21997657086
1441804.0760207244
1601190.1480933395
505068.4906975309
1611398.8814892836
982468.2364722289
561244.4795629389
667764.0028216363
363593.3935300913
905419.1973916171
488460.368490382
906795.8141984033
1363807.536180038
1163944.3882487318
304215.3219307188
549098.4594889579
322468.806614784
1774108.2537484744
239223.8956217638
153561.68310283418
1127298.8175297475
1261872.1155655992
242117.84484408417
329236.3112171549
219260.21121868788
505516.16523020423
267698.0161906601
491594.16852494277
980393.1315018175
188924.13419747294
815748.8217400281
720487.5651572156
626981.2992384352
1257707.027513668
350431.90322002367
364670.020633419
1051884.0214956447
1511734.330465106
501096.97470170754
457676.06879555824
589476.7133675485
688550.2901573225
253792.85524270585
1031517.4535049171
767292.1450587021
399677.66793104145
1564015.2298422805
641450.9670441893
4014268.639623263
754280.9236708316
240647.57424316183
1049785.4247708512
180408.2949281446
80692.29696187052
470414.7075267496
270129.021239959
328622.47167515283
91316.28626944084
186100.03379151507
1603245.6766017657
242738.88852409672
131834.78592169215
1964495.6110205553
552779.9306240113
1479834.8771897682
281399.0337930348
1007758.6761814266
463111.43431277294
556737.8997081411
1037709.0969015368
878135.0907938655
176221.43785048602
301752.4464013083
343552.9693960341
1279863.667188305
544527.4339213055
322333.2591919998
11141998.152863361
208922.27317364252
85738.40410897524
1931682.328499757
807197.8231449747
573035.9307574475
625009.9495165446
2027711.1390040778
472500.4620924808
455131.52026674635
510309.34448846255
765829.3918191821
1314188.252574346
17485836.79553936
744625.4993964316
205368.36226488336
1677757.6062091198
611095.7833960771
738712.4682067826
534611.7210083528
1046364.2422743505
357474.0264311203
1251011.094456314
1093897.4580909193
860252.3842997964
1033594.1245922871
1444788.3118857197
753121.2140628395
449058.5102297558
123638.19959441542
130219.10136114512
256257.5318066189
225103.0803685826
1318742.5206905394
298984.09975908377
666205.3249183897
1574508.2134662468
545892.852991836
1095399.3642544094
1307814.1565520263
547873.3644979357
242948.74819657608
307291.3322494998
130459.9701494087
1619322.6502423373
998752.7206098415
852734.2398390723
766554.660582803
429936.37877449155
1974420.0941884771
832256.47754427
346825.99722823227
319924.8062269077
209911.19772727738
163476.92618069917
760561.6791224071
323841.97796426073
403491.86747835326
431077.1383672822
1041381.6411699251
108542.8680636203
596824.4643031552
639613.6769339719
161645.66562077316
844996.839004116
1415050.100013527
592827.4206009032
368217.51046264713
1824125.3310617018
106672.37627387633
1535681.0418236528
3232764.5313043767
570917.9141823649
1506978.0332612277
171225.28983436708
537070.2897161266
792901.5244865599
969041.1327259486
698626.8432819439
217163.10230500536
569053.6085546083
1227060.4678053707
488276.193136027
1534136.850502275
344697.01783443824
268842.92599339166
6772697.846206227
151405.92310904464
1646732.8292552724
970590.0223982028
610072.9524102842
1564015.2298422805
1675897.0592620643
688810.1872666355
446876.2828593625
518129.5929105394
581131.2676233378
294120.44523767935
655660.2679055429
2522862.5072833933
162949.06645973527
478415.29431663244
516859.78528034355
1079702.1739763473
219355.27451808704
661932.4097138449
1601190.1480933395
416040.3796107463
456120.83634962095
795540.4315621394
169861.59349249108
530868.4665592747
134814.6366592028
488460.368490382
396415.44630585896
398473.2456838755
1200593.091201634
88801.80718623793
1163944.3882487318
140955.7727839012
391768.07253646496
905419.1973916171
744307.734265491
1222044.1951863312
206730.02265471287
1261872.1155655992
183692.20727320644
254925.00119222314
577389.4226795224
537070.2897161266
142215.4006538648
399902.24910293345
1051884.0214956447
1452169.4211125488
275679.9661887333
698626.8432819439
1173081.1145863768
1097635.7792715775
720487.5651572156
1441804.0760207244
120676.28089608303
716410.9627134565
483054.7591953845
382738.6252104979
1135629.7766920894
179628.2903768138
108652.18302734462
1031517.4535049171
716381.8329380228
1105085.0145861143
616844.8421401397
1435779.224080217
134371.11233647037
865133.9708603792
230522.07996357782
1080431.201420669
470414.7075267496
312615.5817684876
86563.90435795925
1015128.0395310648
530176.8693102681
239625.83953924006
190167.7876744568
1049785.4247708512
9144329.835479962
281399.0337930348
2225198.487508883
1007758.6761814266
230587.38704075984
969583.0091936936
282351.0762922899
969936.1685679033
878135.0907938655
263532.1450802495
1307814.1565520263
651967.7556459298
298984.09975908377
744625.4993964316
1046364.2422743505
17485836.79553936
11141998.152863361
279335.2048647268
163714.66273504513
547873.3644979357
381017.93250786315
1661015.8159195373
3668937.5010322058
3227031.7601766856
1455773.0562347497
738485.6161653002
1399178.2876945585
1869423.6979780616
1318742.5206905394
666205.3249183897
1085297.1268116636
6772697.846206227
765829.3918191821
807197.8231449747
1740635.635988021
759833.0432073248
707556.6855693313
1931682.328499757
534611.7210083528
533156.6417419309
611095.7833960771
2104983.349751319
3608609.109662233
1824214.5997283533
3447836.2410225994
934339.1131528362
210540.93335641126
323355.4637310092
321825.36746226065
1279863.667188305
2472151.640157417
612890.0052899276
343552.9693960341
751045.9524807322
414404.022306343
6843888.824802444
2348788.607312663
733616.6368462361
2179304.9961481784
1381849.2035454253
1409535.0191431094
4404483.907195076
5201580.275955784
829323.9235389151
438238.28646724764
1984104.9614617024
575153.9473325299
241761.3183184131
370227.54327342025
502120.82366352365
137086.7591430313
500468.8051895324
760561.6791224071
2327063.4328601756
2900151.828535743
1179491.2312987493
764567.4930796282
852708.398909252
861318.90994874
150540.80010100297
128868.48209587515
620650.74126757
285676.412430912
161645.66562077316
691316.3659299568
1415050.100013527
203168.51607870354
316195.255301219
311759.77715635084
1016763.8486945323
777071.9973254788
1535681.0418236528
1572963.2390863895
602950.0958699614
287544.5550452178
1253317.9847366281
3232764.5313043767
274763.396238595
569053.6085546083
449253.8050145183
413378.2940041763
349283.93948922254
744493.5540426527
1199589.993289522
1227060.4678053707
1492363.812860176
965605.0721183392
671417.3621572794
1328998.2375952478
970590.0223982028
262344.8718137825
669084.1611120576
178765.98637929792
839414.41510447
948842.9223082921
303108.39046423824
179219.53385056675
186761.01345397698
589476.7133675485
2646069.7114907466
661932.4097138449
359893.75543831574
275679.9661887333
561244.4795629389
253252.46658607162
491891.8090529629
260457.30934918762
844996.839004116
613361.4848003746
722738.6233679481
221398.97884347444
270449.05724049
187957.448504653
691316.3659299568
525799.885633811
1163944.3882487318
588713.6228793728
391768.07253646496
206730.02265471287
255297.5021108739
413997.4583438383
296578.7790279092
549098.4594889579
239223.8956217638
322468.806614784
758602.7017244908
290261.5330511937
132719.40708587092
432435.50991149823
284384.0527165095
1506978.0332612277
154375.90730971482
464137.55414417933
329236.3112171549
777071.9973254788
188924.13419747294
1148680.2293097782
154324.85189685793
110358.07592471859
815748.8217400281
716410.9627134565
1051884.0214956447
1441804.0760207244
1257707.027513668
1103734.2387091485
418826.42337460525
108532.06185660459
1079702.1739763473
1435779.224080217
377401.5335324479
279922.89025351685
2522862.5072833933
767292.1450587021
688550.2901573225
501717.4702407844
191725.05607244055
967951.115322623
622271.750625777
578110.7761507463
1113744.075251325
1269525.7291432596
91316.28626944084
380769.07652310975
6772697.846206227
1340841.9970961802
190167.7876744568
161902.74371956033
455787.09682570037
368686.79740935186
759245.2795126869
847522.2026001827
1479834.8771897682
1007758.6761814266
1947439.814280733
298984.09975908377
738712.4682067826
279335.2048647268
501171.0520338588
721004.8535887075
493267.95602466137
230828.25582902343
1574508.2134662468
1661015.8159195373
159666.40700824047
807197.8231449747
534611.7210083528
381017.93250786315
134765.9304217841
177449.89999296953
1318742.5206905394
547873.3644979357
707556.6855693313
1292840.5123089298
1597277.9879302545
2463662.503182236
472500.4620924808
625009.9495165446
237459.19503258684
270234.3426054384
367820.18659019936
1307814.1565520263
1677757.6062091198
1740635.635988021
544527.4339213055
1085297.1268116636
612890.0052899276
573035.9307574475
449180.1975174547
611095.7833960771
568953.9252101806
306088.78934268444
1931682.328499757
1201878.09016633
726256.6701983507
78528.00163065549
3181991.019500049
1651271.4362018774
1093942.092424245
306446.0989268349
357474.0264311203
241276.3702021204
130219.10136114512
321825.36746226065
217069.37020502114
1046364.2422743505
11141998.152863361
557329.1871659365
2595121.5776455123
1879772.5988418187
3261169.1945861503
2327063.4328601756
209911.19772727738
1984104.9614617024
196862.07630900372
178065.1490402345
160635.75509989032
17485836.79553936
403491.86747835326
323841.97796426073
266838.766121214
634236.1794383851
2900151.828535743
609730.912466482
421717.9451156396
530028.088199182
117955.7008211019
808643.349097948
916986.5372493212
405497.6717733377
96480.0871059995
613289.9132553573
1241673.1220894633
618107.0541030854
516859.78528034355
1415050.100013527
248420.05609799526
134737.19217559008
212882.5914332105
706403.78857011
679751.7667769307
602950.0958699614
248720.35902484533
711291.8745160716
168107.07266354637
128865.50647365341
1612073.0948400474
1135629.7766920894
211510.12483636526
768648.5589567198
396537.1335935578
1038617.4447376414
470414.7075267496
169059.9765271288
161215.84482143022
1492363.812860176
470516.03529398405
1284861.9294623183
1129990.9725819263
647474.0962560422
299580.63370869105
1646732.8292552724
1460754.0912222164
446876.2828593625
596824.4643031552
581131.2676233378
575375.6311880483
948842.9223082921
263684.4499544929
300734.15715469595
781878.410272039
286548.42635357246
691316.3659299568
1173081.1145863768
530868.4665592747
142888.9092519972
416040.3796107463
664452.9966531872
516859.78528034355
1241673.1220894633
282889.5073027257
245108.0319535229
359893.75543831574
405497.6717733377
1611398.8814892836
101220.56652859421
606177.7846162022
209968.67421966538
260457.30934918762
1415050.100013527
152648.87183339702
280136.90013593703
1601190.1480933395
1363807.536180038
201934.49422101627
188606.0558431405
252888.42269899827
616845.2336693794
580727.2094479671
549098.4594889579
905419.1973916171
744307.734265491
412021.8018003109
1431094.1851979636
183692.20727320644
570917.9141823649
777071.9973254788
602950.0958699614
505661.10935474123
1649679.4783132565
136137.69226599787
284384.0527165095
530836.752690859
183733.86598431057
3232764.5313043767
993419.3093066447
537070.2897161266
263955.46649421344
399367.96830243856
613361.4848003746
435163.68565372954
425097.70381858
451365.71373346145
418826.42337460525
720487.5651572156
1511734.330465106
1452169.4211125488
1441804.0760207244
156897.98206016797
815748.8217400281
399677.66793104145
1057022.4512374706
865133.9708603792
87378.83331747136
716381.8329380228
1292454.4644785854
1105085.0145861143
1534136.850502275
128666.13978479804
1301755.6330969045
523845.29336337955
578110.7761507463
1206228.7630778793
82855.88754045409
319829.7429275085
94888.05091153033
1269525.7291432596
180408.2949281446
340576.0942807452
1015128.0395310648
190167.7876744568
242738.88852409672
107614.7088479869
207001.82225291283
131834.78592169215
312615.5817684876
530176.8693102681
103797.06384336566
138248.26978552603
1984104.9614617024
1210974.8805215256
1479834.8771897682
302635.9712836159
2321394.089469316
1947439.814280733
359021.1150688718
552779.9306240113
651967.7556459298
534611.7210083528
740558.0587368817
155962.69701237202
544527.4339213055
666205.3249183897
343552.9693960341
612890.0052899276
1318742.5206905394
298984.09975908377
1677757.6062091198
223033.22188998325
533156.6417419309
501171.0520338588
1399178.2876945585
1944555.809901101
1869423.6979780616
1611293.951653044
1418329.5489252564
237459.19503258684
625009.9495165446
759833.0432073248
707556.6855693313
365135.5488994226
449180.1975174547
6772697.846206227
140747.32261668477
1307814.1565520263
1095399.3642544094
765829.3918191821
217069.37020502114
611095.7833960771
306088.78934268444
17485836.79553936
1652014.5586988286
1033594.1245922871
455142.0915562183
573035.9307574475
738712.4682067826
1279863.667188305
1931682.328499757
1085297.1268116636
807197.8231449747
208922.27317364252
241276.3702021204
547873.3644979357
143964.36176760582
307291.3322494998
9144329.835479962
751045.9524807322
2595121.5776455123
939342.0737777259
1473005.0411324373
306203.3507982207
2472151.640157417
336028.7170791707
11141998.152863361
334894.14364836726
1574508.2134662468
457276.86558275984
226838.5728764779
247725.09169752733
1058612.8430091331
265569.4283261058
2181698.0228612265
214612.83744929385
2057285.6916540756
201310.55322462996
844996.839004116
714213.0741734753
335327.8014342592
235145.17892011043
171225.28983436708
109672.82144939521
1572963.2390863895
108327.29206424137
1612073.0948400474
619757.3498484219
874159.5028939494
711133.4617856889
768648.5589567198
581131.2676233378
237792.62133311556
958164.4504470757
445932.30586244515
835257.1576373327
970590.0223982028
655660.2679055429
671417.3621572794
1041278.2774506442
839414.41510447
518129.5929105394
162949.06645973527
405497.6717733377
1097635.7792715775
151311.56456227688
359893.75543831574
618107.0541030854
101220.56652859421
270449.05724049
478415.29431663244
661932.4097138449
606177.7846162022
561244.4795629389
416040.3796107463
1247081.7070066826
391768.07253646496
536537.0268916549
549098.4594889579
1824125.3310617018
249547.03386154847
530836.752690859
673939.985048668
525799.885633811
1222044.1951863312
296578.7790279092
1431094.1851979636
1200593.091201634
242117.84484408417
1506978.0332612277
578776.4541640846
307297.2051880953
505661.10935474123
160951.32766708874
464137.55414417933
329236.3112171549
797034.5071408356
1441804.0760207244
1051884.0214956447
364670.020633419
182204.70938573728
815748.8217400281
108795.48272907491
154324.85189685793
401165.55734775035
110358.07592471859
110837.15110241581
501096.97470170754
647648.9532144923
127508.70104639619
879524.236536322
613361.4848003746
416454.5392405012
967951.115322623
622271.750625777
1534136.850502275
324302.72957354
1052764.96228497
253792.85524270585
1206228.7630778793
616844.8421401397
1435779.224080217
944002.0547886384
567658.4332618605
279922.89025351685
2522862.5072833933
467938.36339149356
269495.0570950364
134371.11233647037
1646732.8292552724
1460754.0912222164
357957.1735129104
654789.2719589056
235213.93145460178
86563.90435795925
84590.51868402206
239625.83953924006
1603245.6766017657
11141998.152863361
1402149.9946238834
368686.79740935186
859583.6523583884
190167.7876744568
384426.8209862374
1984104.9614617024
199606.7745851504
260624.88386377934
2327063.4328601756
435324.21264200663
308716.3420703128
1320433.1439475652
1130102.1668860014
442199.6227028389
969936.1685679033
1947439.814280733
9144329.835479962
654241.8357759567
177449.89999296953
575153.9473325299
2472151.640157417
323355.4637310092
1085297.1268116636
612890.0052899276
1279863.667188305
306446.0989268349
744625.4993964316
17485836.79553936
500468.8051895324
230828.25582902343
116017.78769628155
1318742.5206905394
139327.6375935317
1661015.8159195373
343552.9693960341
236073.2598298959
738712.4682067826
710040.2338425978
172873.6279335051
1677757.6062091198
3668937.5010322058
851648.1377281438
616915.8655442214
270234.3426054384
577455.0429800963
1944555.809901101
1399178.2876945585
3352412.734722855
307291.3322494998
1046364.2422743505
1740635.635988021
807197.8231449747
156330.8911093861
666205.3249183897
357474.0264311203
214045.04174588056
533156.6417419309
241276.3702021204
654814.1732185506
3608609.109662233
498681.08268106106
2104983.349751319
3447836.2410225994
1824214.5997283533
631258.8344880084
573035.9307574475
1931682.328499757
410106.12753630546
205368.36226488336
298984.09975908377
2348788.607312663
987926.9371321297
1376894.7925462585
850647.38899147
209911.19772727738
196862.07630900372
336028.7170791707
266838.766121214
2100697.6706935596
516859.78528034355
150540.80010100297
844996.839004116
1611398.8814892836
622736.8090566929
1173081.1145863768
1241673.1220894633
207942.98023930425
287655.9842668365
422107.20348574955
777071.9973254788
1649679.4783132565
249451.26580951776
380873.1449950221
112737.32080852905
4014268.639623263
1199589.993289522
169059.9765271288
1102583.925802909
6772697.846206227
179219.53385056675
958164.4504470757
610072.9524102842
1179491.2312987493
893509.6609784148
486493.6388135196
196312.91739740013
294120.44523767935
669084.1611120576
1460754.0912222164
300734.15715469595
530868.4665592747
475247.2746265218
200872.2753937095
844996.839004116
1611398.8814892836
795540.4315621394
516859.78528034355
1079702.1739763473
691316.3659299568
815748.8217400281
982468.2364722289
164632.40727290252
187957.448504653
1452169.4211125488
1241673.1220894633
344534.21997657086
478415.29431663244
253252.46658607162
359893.75543831574
2057285.6916540756
254948.88447584485
632077.1305989819
153638.7360572072
1247081.7070066826
578776.4541640846
398473.2456838755
530836.752690859
172996.9596440107
575376.9623874632
412021.8018003109
301479.23729784554
537070.2897161266
797034.5071408356
242117.84484408417
777071.9973254788
980393.1315018175
132719.40708587092
1261872.1155655992
399321.29801706626
219260.21121868788
505516.16523020423
295220.5640953891
1601190.1480933395
457676.06879555824
781878.410272039
1097635.7792715775
879524.236536322
722738.6233679481
698626.8432819439
502708.74396985746
720487.5651572156
1173081.1145863768
273226.80058446736
1051884.0214956447
230522.07996357782
2646069.7114907466
1435779.224080217
4014268.639623263
303680.0231542006
168856.22471078878
1206228.7630778793
382738.6252104979
850129.004278107
865133.9708603792
1292454.4644785854
1080431.201420669
716381.8329380228
1187692.98581199
323772.2857595941
208126.2942293319
2327063.4328601756
312615.5817684876
1402149.9946238834
1049785.4247708512
6772697.846206227
190167.7876744568
11141998.152863361
1102583.925802909
328622.47167515283
281399.0337930348
556737.8997081411
1492363.812860176
302635.9712836159
138008.65389082948
722277.6368411251
534611.7210083528
298984.09975908377
547873.3644979357
301752.4464013083
759833.0432073248
116017.78769628155
2472151.640157417
501171.0520338588
134765.9304217841
1740635.635988021
17485836.79553936
651967.7556459298
1818299.3759749623
1455773.0562347497
2027711.1390040778
2463662.503182236
3352412.734722855
1399178.2876945585
357474.0264311203
214045.04174588056
654814.1732185506
1318742.5206905394
1085297.1268116636
1931682.328499757
568953.9252101806
1314188.252574346
421695.079808041
1046364.2422743505
738712.4682067826
707556.6855693313
197250.08178554664
1109397.317632173
439723.2785675828
142771.52878593508
612890.0052899276
321825.36746226065
205368.36226488336
1677757.6062091198
744625.4993964316
765829.3918191821
1473005.0411324373
670785.8254936428
1004192.6278662368
414404.022306343
429936.37877449155
635395.8890463772
1381849.2035454253
157366.48594839327
285825.0369303022
386269.43589411466
349965.9051189324
334894.14364836726
448337.9398170114
852708.398909252
174331.21298706118
1126579.1867871785
522223.4226408451
138584.20187318887
561244.4795629389
786505.5028268165
324989.785083366
706403.78857011
250569.4733181017
1572963.2390863895
3232764.5313043767
422107.20348574955
942548.6982508709
464137.55414417933
1649679.4783132565
1511734.330465106
354391.2035035685
103276.95640134785
523845.29336337955
344697.01783443824
650942.3405671549
808643.349097948
1179491.2312987493
225934.2969444662
1328998.2375952478
756175.4553558931
486493.6388135196
518129.5929105394
973098.1587077226
688810.1872666355
222382.97012868908
505068.4906975309
1241673.1220894633
359893.75543831574
530868.4665592747
344534.21997657086
221398.97884347444
260457.30934918762
516859.78528034355
2057285.6916540756
270449.05724049
153638.7360572072
722738.6233679481
613361.4848003746
1441804.0760207244
200872.2753937095
475247.2746265218
616845.2336693794
488460.368490382
397687.0549705574
667764.0028216363
536537.0268916549
905419.1973916171
549098.4594889579
267322.4613439397
530836.752690859
290261.5330511937
580727.2094479671
588713.6228793728
468915.46376208944
465220.21079779847
537070.2897161266
307297.2051880953
399367.96830243856
3232764.5313043767
221983.2187749551
879524.236536322
1079702.1739763473
451365.71373346145
273226.80058446736
1173081.1145863768
435163.68565372954
720487.5651572156
661932.4097138449
1097635.7792715775
1452169.4211125488
398696.5739622005
781878.410272039
147377.47876176878
1257707.027513668
1051884.0214956447
654789.2719589056
292921.6610115651
279922.89025351685
1435779.224080217
865133.9708603792
1031517.4535049171
1301755.6330969045
850129.004278107
616844.8421401397
1534136.850502275
663496.2558030557
1287460.1174969692
716381.8329380228
107614.7088479869
663044.1178370499
1984104.9614617024
208126.2942293319
86563.90435795925
328622.47167515283
1603245.6766017657
242738.88852409672
114082.92849953087
316065.03267609474
1492363.812860176
80107.03905436657
420439.0540070826
1479834.8771897682
598410.7058648766
589252.9935599838
302268.09040999354
463111.43431277294
759245.2795126869
568953.9252101806
1279863.667188305
154352.9636962684
744625.4993964316
381017.93250786315
6772697.846206227
370227.54327342025
740558.0587368817
547873.3644979357
415783.6147353508
759833.0432073248
179458.52329847976
612890.0052899276
410106.12753630546
1818299.3759749623
1725672.9545636363
851648.1377281438
1869423.6979780616
6843888.824802444
510067.9275592634
563259.5239479803
657231.0049093723
365135.5488994226
17485836.79553936
214045.04174588056
156330.8911093861
544527.4339213055
131825.38921993933
449180.1975174547
1095399.3642544094
1046364.2422743505
1949671.5309470245
1251011.094456314
3869127.9674079013
307291.3322494998
2472151.640157417
241276.3702021204
738712.4682067826
11141998.152863361
1931682.328499757
666205.3249183897
279335.2048647268
236073.2598298959
807197.8231449747
721004.8535887075
421695.079808041
1636824.0072569384
970982.3346963823
557329.1871659365
850647.38899147
832256.47754427
668288.8869203784
323841.97796426073
319924.8062269077
386269.43589411466
137086.7591430313
124438.79858375447
207633.28061070133
530028.088199182
813654.1403076318
639613.6769339719
634236.1794383851
431077.1383672822
143783.2403413205
844996.839004116
476682.6208192629
267112.1318363727
1056568.2773194183
103984.29312579031
1572963.2390863895
1253317.9847366281
577389.4226795224
679751.7667769307
1103734.2387091485
403723.5744824079
569053.6085546083
488276.193136027
349283.93948922254
187005.32769954996
1227060.4678053707
523845.29336337955
622736.8090566929
502120.82366352365
127258.74877977154
1455773.0562347497
237792.62133311556
1328998.2375952478
944002.0547886384
610072.9524102842
1041278.2774506442
581131.2676233378
669084.1611120576
269411.89628452406
421717.9451156396
300734.15715469595
101295.270307529
844996.839004116
462897.2678186569
661932.4097138449
691316.3659299568
254948.88447584485
516859.78528034355
1173081.1145863768
781878.410272039
456120.83634962095
1415050.100013527
1601190.1480933395
164632.40727290252
1241673.1220894633
153638.7360572072
134814.6366592028
270449.05724049
2057285.6916540756
249547.03386154847
127763.82149898488
1774108.2537484744
397687.0549705574
580727.2094479671
191899.36488995512
291000.6619498998
1200593.091201634
744307.734265491
1431094.1851979636
1824125.3310617018
906795.8141984033
1247081.7070066826
1148680.2293097782
307297.2051880953
1506978.0332612277
267698.0161906601
245817.7961592515
294500.38521188445
1051884.0214956447
418826.42337460525
457676.06879555824
815748.8217400281
722738.6233679481
569053.6085546083
1103734.2387091485
982468.2364722289
1511734.330465106
435163.68565372954
1452169.4211125488
283407.18726345734
350431.90322002367
716410.9627134565
1257707.027513668
1097635.7792715775
698626.8432819439
293877.6971090652
364670.020633419
108532.06185660459
613361.4848003746
1564015.2298422805
799616.2509474192
967951.115322623
654789.2719589056
324302.72957354
197652.26062056675
1057022.4512374706
1646732.8292552724
119212.9012097794
165549.60366982434
11141998.152863361
754280.9236708316
470414.7075267496
663044.1178370499
199606.7745851504
241752.2348400521
120546.29318850256
786505.5028268165
242738.88852409672
760561.6791224071
312615.5817684876
435324.21264200663
1603245.6766017657
456958.3956991877
493065.7703252801
847522.2026001827
302635.9712836159
365014.25314096356
302268.09040999354
1479834.8771897682
17485836.79553936
500468.8051895324
301752.4464013083
357474.0264311203
1677757.6062091198
1574508.2134662468
84165.78776479523
208922.27317364252
575153.9473325299
544527.4339213055
1318742.5206905394
307291.3322494998
381017.93250786315
116017.78769628155
322333.2591919998
1445275.3742599068
367820.18659019936
1225433.2722851764
1254830.8537188298
1307814.1565520263
306088.78934268444
765829.3918191821
738712.4682067826
1740635.635988021
612890.0052899276
1095399.3642544094
654814.1732185506
533156.6417419309
1279863.667188305
256257.5318066189
2472151.640157417
744625.4993964316
1414576.3496334897
681438.2398240154
1034800.8177090434
4495341.399501436
449058.5102297558
3181991.019500049
573035.9307574475
568953.9252101806
410106.12753630546
547873.3644979357
241276.3702021204
651967.7556459298
323355.4637310092
707556.6855693313
522554.81298932753
6772697.846206227
534611.7210083528
279335.2048647268
205368.36226488336
1619322.6502423373
1473005.0411324373
660549.6850509195
1409535.0191431094
1984104.9614617024
609730.912466482
530749.0501411661
480721.8713735546
1041381.6411699251
639613.6769339719
916986.5372493212
2181698.0228612265
1179491.2312987493
893509.6609784148
549601.4179502768
168996.78370784118
210800.75215987634
248420.05609799526
368217.51046264713
583794.6061234748
706403.78857011
3232764.5313043767
712159.2683937035
422107.20348574955
1649679.4783132565
1572963.2390863895
399367.96830243856
711291.8745160716
1539993.3448697112
1535681.0418236528
451365.71373346145
792901.5244865599
192934.48989387465
622736.8090566929
126746.31531085187
505152.2779548268
1564015.2298422805
647474.0962560422
835257.1576373327
916986.5372493212
839414.41510447
1041278.2774506442
335895.3622201287
2900151.828535743
581131.2676233378
884061.2773659686
1328998.2375952478
632077.1305989819
516859.78528034355
505068.4906975309
280136.90013593703
530868.4665592747
795540.4315621394
1097635.7792715775
1079702.1739763473
275679.9661887333
344534.21997657086
2057285.6916540756
89653.22667089009
475247.2746265218
502708.74396985746
982468.2364722289
1415050.100013527
1173081.1145863768
254948.88447584485
125390.21463622608
416836.5934726007
744307.734265491
178833.25110267845
114431.93766379968
1163944.3882487318
399321.29801706626
1506978.0332612277
530836.752690859
284384.0527165095
1127298.8175297475
1261872.1155655992
1148680.2293097782
152287.41203930578
1629160.2139190456
537070.2897161266
993419.3093066447
1363807.536180038
351045.4295386339
221983.2187749551
11141998.152863361
722738.6233679481
401165.55734775035
647648.9532144923
1601190.1480933395
457676.06879555824
483054.7591953845
273226.80058446736
1452169.4211125488
720487.5651572156
781878.410272039
258064.59585953143
716410.9627134565
451365.71373346145
416040.3796107463
1057022.4512374706
467938.36339149356
488981.10237918334
87378.83331747136
1105085.0145861143
501717.4702407844
382738.6252104979
1287460.1174969692
2522862.5072833933
622271.750625777
1646732.8292552724
967951.115322623
178549.07918050402
208126.2942293319
193156.40866693674
86563.90435795925
1049785.4247708512
260624.88386377934
418363.55750743166
1340841.9970961802
1187692.98581199
1015128.0395310648
17485836.79553936
142014.85937729038
384426.8209862374
123055.76069743733
1479834.8771897682
1964495.6110205553
598410.7058648766
738712.4682067826
1931682.328499757
85738.40410897524
721004.8535887075
137663.71663065357
116017.78769628155
84165.78776479523
501171.0520338588
2472151.640157417
1677757.6062091198
765829.3918191821
807197.8231449747
707556.6855693313
651967.7556459298
381017.93250786315
575153.9473325299
759833.0432073248
108509.97960748547
1597277.9879302545
1292840.5123089298
616915.8655442214
1611293.951653044
1254830.8537188298
1869423.6979780616
2463662.503182236
1861958.8014939367
321825.36746226065
205368.36226488336
523191.20461553626
1279863.667188305
744625.4993964316
1652014.5586988286
1133629.0622772211
1033594.1245922871
1949671.5309470245
214045.04174588056
1661015.8159195373
1307814.1565520263
534611.7210083528
6772697.846206227
225103.0803685826
611095.7833960771
208922.27317364252
365135.5488994226
357474.0264311203
421695.079808041
1473005.0411324373
526716.7688073411
824156.5206333513
1004192.6278662368
760561.6791224071
116140.02312491596
502120.82366352365
483387.55904912966
209911.19772727738
334894.14364836726
196862.07630900372
634236.1794383851
783331.7668098065
2181698.0228612265
174430.8180256409
187957.448504653
291647.9380889723
1241673.1220894633
393500.35450459475
1441804.0760207244
599207.3112559709
476682.6208192629
1222044.1951863312
1247081.7070066826
780924.4884324335
3232764.5313043767
671181.1917198922
777071.9973254788
464137.55414417933
942548.6982508709
879524.236536322
1257707.027513668
600759.7246913823
969041.1327259486
371509.7232275907
193701.18245105565
319829.7429275085
292341.72790172114
151405.92310904464
555828.8471194052
596824.4643031552
1328998.2375952478
575375.6311880483
688810.1872666355
1041278.2774506442
944002.0547886384
1675897.0592620643
1179491.2312987493
948842.9223082921
336485.94492529257
2056059.4220753347
884061.2773659686
445932.30586244515
1287460.1174969692
581131.2676233378
518129.5929105394
839414.41510447
294120.44523767935
2646069.7114907466
179219.53385056675
300734.15715469595
2522862.5072833933
335895.3622201287
279922.89025351685
958164.4504470757
835257.1576373327
610072.9524102842
1241673.1220894633
219355.27451808704
99562.5185043116
152648.87183339702
691316.3659299568
478415.29431663244
397687.0549705574
413997.4583438383
530836.752690859
525799.885633811
580727.2094479671
758602.7017244908
206730.02265471287
191899.36488995512
114431.93766379968
201934.49422101627
536537.0268916549
391003.2593196345
255297.5021108739
673939.985048668
905419.1973916171
1774108.2537484744
1247081.7070066826
1629160.2139190456
640647.8622677163
744307.734265491
412021.8018003109
1163944.3882487318
1506978.0332612277
399321.29801706626
304215.3219307188
578776.4541640846
588713.6228793728
368217.51046264713
172996.9596440107
575376.9623874632
667764.0028216363
1431094.1851979636
1056568.2773194183
616845.2336693794
1200593.091201634
168731.6401067162
1824125.3310617018
239223.8956217638
398473.2456838755
716410.9627134565
283407.18726345734
1221206.3226133725
17485836.79553936
1984104.9614617024
6772697.846206227
239625.83953924006
165549.60366982434
328622.47167515283
859583.6523583884
263579.91164749296
1210974.8805215256
663044.1178370499
142014.85937729038
323772.2857595941
299779.29564491496
308716.3420703128
435324.21264200663
2327063.4328601756
270129.021239959
138248.26978552603
754280.9236708316
1269525.7291432596
386308.6671239327
970929.8697782626
11141998.152863361
357474.0264311203
6843888.824802444
2027711.1390040778
979438.5832154283
1677757.6062091198
744625.4993964316
765829.3918191821
666205.3249183897
1740635.635988021
544527.4339213055
98541.88008226099
2472151.640157417
738712.4682067826
534611.7210083528
223033.22188998325
421695.079808041
807197.8231449747
1824214.5997283533
3447836.2410225994
4495341.399501436
3181991.019500049
210899.33922243287
793732.3495332038
1661015.8159195373
611095.7833960771
210540.93335641126
1636824.0072569384
766554.660582803
769895.5795851651
1473005.0411324373
2348788.607312663
429936.37877449155
970982.3346963823
626299.4902204212
741276.9847268192
2233033.7706537643
946946.3546711842
1004192.6278662368
850647.38899147
832256.47754427
4404483.907195076
346825.99722823227
114107.98637087169
1049785.4247708512
1187692.98581199
241761.3183184131
448337.9398170114
861318.90994874
2900151.828535743
1126579.1867871785
342857.92668971827
764567.4930796282
783331.7668098065
441212.8907129463
632077.1305989819
844996.839004116
287920.03158609034
530868.4665592747
664452.9966531872
456120.83634962095
1222044.1951863312
1148680.2293097782
1539993.3448697112
1363807.536180038
1253317.9847366281
993419.3093066447
1572963.2390863895
457676.06879555824
1511734.330465106
1199589.993289522
1227060.4678053707
106213.03416986001
178549.07918050402
418363.55750743166
433337.8281973115
151405.92310904464
1564015.2298422805
1041278.2774506442
655660.2679055429
2646069.7114907466
808643.349097948
2522862.5072833933
294120.44523767935
970590.0223982028
973098.1587077226
518129.5929105394
1129990.9725819263
425837.61577576556
478249.59914239123
486493.6388135196
632077.1305989819
285676.412430912
456120.83634962095
661932.4097138449
561244.4795629389
613361.4848003746
516859.78528034355
1452169.4211125488
475247.2746265218
1241673.1220894633
1173081.1145863768
413997.4583438383
525799.885633811
396415.44630585896
416836.5934726007
125390.21463622608
322468.806614784
536537.0268916549
255297.5021108739
1200593.091201634
1163944.3882487318
206730.02265471287
1056568.2773194183
1824125.3310617018
505516.16523020423
183733.86598431057
777071.9973254788
602950.0958699614
491594.16852494277
570917.9141823649
399321.29801706626
168036.12756531264
130214.24639857282
111071.91203454009
1649679.4783132565
1572963.2390863895
584444.9361906169
1629160.2139190456
1511734.330465106
187051.2932322908
716410.9627134565
722738.6233679481
462897.2678186569
350431.90322002367
1079702.1739763473
815748.8217400281
1601190.1480933395
416040.3796107463
1103734.2387091485
418826.42337460525
4014268.639623263
688550.2901573225
128666.13978479804
1038617.4447376414
134371.11233647037
850129.004278107
382738.6252104979
1292454.4644785854
343191.352990247
1025779.2009678702
1460754.0912222164
578110.7761507463
1210974.8805215256
435324.21264200663
1102583.925802909
859583.6523583884
1402149.9946238834
178549.07918050402
1603245.6766017657
2327063.4328601756
103797.06384336566
455787.09682570037
1269525.7291432596
120546.29318850256
368686.79740935186
2658267.413424368
532069.9131842188
1964495.6110205553
759245.2795126869
843613.1746710154
552779.9306240113
2225198.487508883
576731.2620275863
151168.4997780904
254504.8120121768
528383.1955573533
344610.0983432248
1085297.1268116636
177449.89999296953
268839.872065322
651967.7556459298
415783.6147353508
612890.0052899276
6772697.846206227
1677757.6062091198
738712.4682067826
381017.93250786315
1740635.635988021
250463.13397659909
307291.3322494998
172873.6279335051
493267.95602466137
1984104.9614617024
17485836.79553936
534611.7210083528
1318742.5206905394
577455.0429800963
3352412.734722855
1737578.5756844413
343552.9693960341
210540.93335641126
321825.36746226065
1095399.3642544094
1931682.328499757
242948.74819657608
449180.1975174547
807197.8231449747
1093897.4580909193
860252.3842997964
1824214.5997283533
666664.1971873184
611095.7833960771
1279863.667188305
765829.3918191821
759833.0432073248
744625.4993964316
547873.3644979357
533156.6417419309
522554.81298932753
1046364.2422743505
987926.9371321297
626299.4902204212
2337031.767302944
998752.7206098415
970982.3346963823
680916.7228767347
605523.5392566632
1259391.3863028584
1636824.0072569384
829323.9235389151
4404483.907195076
323841.97796426073
559445.1677889725
285825.0369303022
349965.9051189324
760561.6791224071
2472151.640157417
575153.9473325299
1661015.8159195373
448337.9398170114
394626.7058213644
277370.9809749987
1179491.2312987493
916986.5372493212
1859700.4608393456
480721.8713735546
505068.4906975309
161645.66562077316
664452.9966531872
1611398.8814892836
616845.2336693794
1539993.3448697112
283666.7711493786
1612073.0948400474
380873.1449950221
874159.5028939494
808643.349097948
839414.41510447
2522862.5072833933
1675897.0592620643
575375.6311880483
688810.1872666355
581131.2676233378
300734.15715469595
299580.63370869105
291797.4239526898
101295.270307529
279922.89025351685
252169.57501490862
178765.98637929792
2900151.828535743
425837.61577576556
1441804.0760207244
491891.8090529629
395899.489073782
359893.75543831574
505068.4906975309
1241673.1220894633
1601190.1480933395
101220.56652859421
1415050.100013527
2057285.6916540756
416040.3796107463
606177.7846162022
722738.6233679481
613361.4848003746
270449.05724049
673939.985048668
397687.0549705574
905419.1973916171
549098.4594889579
1629160.2139190456
296578.7790279092
667764.0028216363
488460.368490382
412021.8018003109
1363807.536180038
206730.02265471287
1824125.3310617018
344951.04200515576
758602.7017244908
391768.07253646496
134739.77626857214
432435.50991149823
1506978.0332612277
307297.2051880953
570917.9141823649
245817.7961592515
329236.3112171549
777071.9973254788
425097.70381858
418826.42337460525
157283.09022033712
283407.18726345734
1103734.2387091485
478415.29431663244
501096.97470170754
1079702.1739763473
403723.5744824079
187051.2932322908
982468.2364722289
720487.5651572156
351045.4295386339
343303.17374110536
416454.5392405012
324302.72957354
967951.115322623
663496.2558030557
1301755.6330969045
1646732.8292552724
688550.2901573225
1031517.4535049171
655660.2679055429
1052764.96228497
1057022.4512374706
1287460.1174969692
253792.85524270585
850129.004278107
622271.750625777
1564015.2298422805
239625.83953924006
328622.47167515283
1102583.925802909
650942.3405671549
6772697.846206227
754280.9236708316
1603245.6766017657
190167.7876744568
142014.85937729038
312615.5817684876
456958.3956991877
1450965.8602297101
9144329.835479962
528383.1955573533
576731.2620275863
878135.0907938655
1130102.1668860014
1037709.0969015368
552779.9306240113
2225198.487508883
442199.6227028389
1964495.6110205553
1320433.1439475652
242948.74819657608
134765.9304217841
1318742.5206905394
759833.0432073248
410106.12753630546
1046364.2422743505
1984104.9614617024
1931682.328499757
738712.4682067826
1677757.6062091198
851648.1377281438
1127099.9206759797
455131.52026674635
625009.9495165446
321825.36746226065
1740635.635988021
2472151.640157417
1095399.3642544094
744625.4993964316
130219.10136114512
666205.3249183897
1279863.667188305
17485836.79553936
707556.6855693313
545892.852991836
654814.1732185506
533156.6417419309
4051591.5559269283
1444788.3118857197
4495341.399501436
306088.78934268444
1307814.1565520263
1574508.2134662468
721004.8535887075
449180.1975174547
635395.8890463772
1409535.0191431094
1249453.5911407867
769895.5795851651
1661378.3719954998
91402.73592556668
829323.9235389151
349965.9051189324
128791.19422395831
559445.1677889725
336028.7170791707
378644.4822568003
575153.9473325299
370227.54327342025
286489.5403559215
306203.3507982207
217970.74882065904
609730.912466482
164117.62462854464
282889.5073027257
632077.1305989819
291647.9380889723
1452169.4211125488
161032.29591385875
691316.3659299568
456120.83634962095
688421.2421199172
190051.4251844179
1056568.2773194183
537839.6446721376
1148680.2293097782
522725.83296122856
1243741.17953356
626981.2992384352
298475.659888409
354391.2035035685
716410.9627134565
432585.2306927596
440954.24649720034
240647.57424316183
596824.4643031552
262344.8718137825
610072.9524102842
581131.2676233378
575375.6311880483
973098.1587077226
294120.44523767935
944002.0547886384
756175.4553558931
1601190.1480933395
395899.489073782
152648.87183339702
164632.40727290252
359893.75543831574
343303.17374110536
416040.3796107463
632077.1305989819
795540.4315621394
491891.8090529629
187957.448504653
456120.83634962095
661932.4097138449
530868.4665592747
844996.839004116
285676.412430912
2057285.6916540756
478415.29431663244
1452169.4211125488
96988.60528252217
221398.97884347444
1611398.8814892836
255588.79986521087
1200593.091201634
1629160.2139190456
1247081.7070066826
549098.4594889579
673939.985048668
906795.8141984033
335142.21657464135
1774108.2537484744
491594.16852494277
980393.1315018175
993419.3093066447
399367.96830243856
183733.86598431057
465220.21079779847
505661.10935474123
130214.24639857282
3232764.5313043767
457676.06879555824
96763.08444045483
462897.2678186569
221983.2187749551
425097.70381858
613361.4848003746
982468.2364722289
418826.42337460525
815748.8217400281
647648.9532144923
1511734.330465106
1051884.0214956447
235059.12079322428
1206228.7630778793
2646069.7114907466
1080431.201420669
647474.0962560422
622271.750625777
1564015.2298422805
235213.93145460178
100026.8721825961
616844.8421401397
119212.9012097794
1221206.3226133725
1534136.850502275
455787.09682570037
530176.8693102681
199606.7745851504
1269525.7291432596
1049785.4247708512
1603245.6766017657
380769.07652310975
263579.91164749296
120546.29318850256
1015128.0395310648
663044.1178370499
190167.7876744568
103797.06384336566
435324.21264200663
178549.07918050402
1934006.4460666175
552779.9306240113
771698.8849573765
365014.25314096356
302635.9712836159
1947439.814280733
2493900.3063642867
740558.0587368817
738712.4682067826
172873.6279335051
323355.4637310092
2472151.640157417
501171.0520338588
493267.95602466137
544527.4339213055
1661015.8159195373
1611293.951653044
1944555.809901101
1307814.1565520263
744625.4993964316
1677757.6062091198
807197.8231449747
103467.70944692979
155572.4206662388
547873.3644979357
217069.37020502114
707556.6855693313
612890.0052899276
256257.5318066189
1931682.328499757
1279863.667188305
1046364.2422743505
17485836.79553936
1494474.93852064
1201878.09016633
1251011.094456314
2104983.349751319
644715.3029272662
439723.2785675828
118568.36577538484
4495341.399501436
666664.1971873184
298773.535333973
357474.0264311203
1740635.635988021
6772697.846206227
765829.3918191821
1085297.1268116636
410106.12753630546
534611.7210083528
208922.27317364252
298984.09975908377
306088.78934268444
421695.079808041
733616.6368462361
1619322.6502423373
1473005.0411324373
2348788.607312663
946946.3546711842
2595121.5776455123
751045.9524807322
163476.92618069917
11141998.152863361
760561.6791224071
116140.02312491596
483387.55904912966
336028.7170791707
429163.813278715
859583.6523583884
1041381.6411699251
813654.1403076318
852708.398909252
505068.4906975309
622736.8090566929
1241673.1220894633
1173081.1145863768
92635.81811307863
207942.98023930425
1056568.2773194183
1506978.0332612277
1572963.2390863895
522725.83296122856
569053.6085546083
1253317.9847366281
655660.2679055429
178765.98637929792
973098.1587077226
237792.62133311556
596824.4643031552
2646069.7114907466
671417.3621572794
575375.6311880483
486493.6388135196
2056059.4220753347
669084.1611120576
568304.5348132139
142888.9092519972
516859.78528034355
416040.3796107463
982468.2364722289
1601190.1480933395
722738.6233679481
456120.83634962095
162949.06645973527
286548.42635357246
388337.3367265155
815748.8217400281
93231.88222759828
578776.4541640846
1200593.091201634
536537.0268916549
906795.8141984033
416836.5934726007
530836.752690859
640647.8622677163
223386.3812641929
335142.21657464135
1163944.3882487318
178833.25110267845
209334.71007474273
549098.4594889579
525799.885633811
1506978.0332612277
397687.0549705574
391003.2593196345
993419.3093066447
1127298.8175297475
307297.2051880953
980393.1315018175
399902.24910293345
1148680.2293097782
1261872.1155655992
777071.9973254788
797034.5071408356
130214.24639857282
1363807.536180038
168036.12756531264
221983.2187749551
157283.09022033712
462897.2678186569
716410.9627134565
230385.0447296827
110358.07592471859
273226.80058446736
120676.28089608303
720487.5651572156
182204.70938573728
1103734.2387091485
425097.70381858
1079702.1739763473
1292454.4644785854
578110.7761507463
944002.0547886384
767292.1450587021
269495.0570950364
967951.115322623
1564015.2298422805
850129.004278107
1646732.8292552724
2522862.5072833933
622271.750625777
1031517.4535049171
180408.2949281446
368686.79740935186
165549.60366982434
242738.88852409672
241752.2348400521
1113744.075251325
1015128.0395310648
11141998.152863361
161902.74371956033
1210974.8805215256
418363.55750743166
470414.7075267496
328622.47167515283
384426.8209862374
598410.7058648766
722277.6368411251
1130102.1668860014
532069.9131842188
528383.1955573533
878135.0907938655
651967.7556459298
721004.8535887075
370227.54327342025
208922.27317364252
343552.9693960341
144300.84199620422
250463.13397659909
493267.95602466137
807197.8231449747
134765.9304217841
306446.0989268349
612890.0052899276
544527.4339213055
1661015.8159195373
179458.52329847976
81336.44086702536
1574508.2134662468
381017.93250786315
2577357.1129818326
1455773.0562347497
1725672.9545636363
625009.9495165446
1611293.951653044
3352412.734722855
510309.34448846255
523191.20461553626
155572.4206662388
307291.3322494998
6772697.846206227
1931682.328499757
17485836.79553936
210540.93335641126
744625.4993964316
1949671.5309470245
1494474.93852064
1093897.4580909193
4051591.5559269283
3181991.019500049
256257.5318066189
279335.2048647268
666205.3249183897
759833.0432073248
545892.852991836
1046364.2422743505
85949.82989841339
738712.4682067826
2472151.640157417
1740635.635988021
534611.7210083528
130219.10136114512
1318742.5206905394
357474.0264311203
449180.1975174547
573035.9307574475
707556.6855693313
1473005.0411324373
1879772.5988418187
160635.75509989032
128791.19422395831
334894.14364836726
710040.2338425978
336028.7170791707
386269.43589411466
2900151.828535743
242071.4094762557
1328998.2375952478
505068.4906975309
1603245.6766017657
1173081.1145863768
1452169.4211125488
1611398.8814892836
226634.50783674614
639220.3466597692
1774108.2537484744
368217.51046264713
1253317.9847366281
399367.96830243856
942548.6982508709
1649679.4783132565
1257707.027513668
1038617.4447376414
211510.12483636526
415517.37485235464
292293.9613344777
1340841.9970961802
1425723.1870877557
1179491.2312987493
237792.62133311556
179219.53385056675
1041278.2774506442
944002.0547886384
839414.41510447
204370.902373823
1460754.0912222164
756175.4553558931
688810.1872666355
835257.1576373327
948842.9223082921
263684.4499544929
1564015.2298422805
647474.0962560422
300734.15715469595
720487.5651572156
148856.9894527481
795540.4315621394
632077.1305989819
200872.2753937095
1241673.1220894633
286548.42635357246
1452169.4211125488
982468.2364722289
388337.3367265155
844996.839004116
1079702.1739763473
142888.9092519972
169861.59349249108
505068.4906975309
245108.0319535229
2057285.6916540756
89653.22667089009
214612.83744929385
606177.7846162022
1601190.1480933395
322468.806614784
255297.5021108739
758602.7017244908
667764.0028216363
744307.734265491
114431.93766379968
905419.1973916171
1629160.2139190456
906795.8141984033
505661.10935474123
399902.24910293345
295220.5640953891
797034.5071408356
530836.752690859
602950.0958699614
1261872.1155655992
183692.20727320644
570917.9141823649
1127298.8175297475
1363807.536180038
1051884.0214956447
273226.80058446736
235059.12079322428
501096.97470170754
350431.90322002367
815748.8217400281
221983.2187749551
1441804.0760207244
483054.7591953845
647648.9532144923
156897.98206016797
425097.70381858
1257707.027513668
1511734.330465106
661932.4097138449
1173081.1145863768
716381.8329380228
84621.52779980631
134371.11233647037
119212.9012097794
1105085.0145861143
303680.0231542006
467938.36339149356
1057022.4512374706
1038617.4447376414
850129.004278107
865133.9708603792
1031517.4535049171
654789.2719589056
242738.88852409672
1102583.925802909
319829.7429275085
193156.40866693674
754280.9236708316
418363.55750743166
2327063.4328601756
11141998.152863361
859583.6523583884
1402149.9946238834
2658267.413424368
759245.2795126869
598410.7058648766
344610.0983432248
1228006.4024484865
1934006.4460666175
1479834.8771897682
878135.0907938655
442199.6227028389
528383.1955573533
843613.1746710154
1307814.1565520263
651967.7556459298
1740635.635988021
410106.12753630546
501171.0520338588
707556.6855693313
415783.6147353508
6772697.846206227
1318742.5206905394
738712.4682067826
1677757.6062091198
493267.95602466137
357474.0264311203
710040.2338425978
17485836.79553936
1046364.2422743505
1597277.9879302545
1418329.5489252564
545892.852991836
1931682.328499757
210540.93335641126
522554.81298932753
568953.9252101806
306088.78934268444
421695.079808041
1095399.3642544094
573035.9307574475
744625.4993964316
612890.0052899276
131825.38921993933
644715.3029272662
1033594.1245922871
361512.57223278034
507358.31030299386
2104983.349751319
3181991.019500049
4495624.866670979
759833.0432073248
547873.3644979357
611095.7833960771
1279863.667188305
544527.4339213055
236073.2598298959
666205.3249183897
298984.09975908377
130219.10136114512
740558.0587368817
765829.3918191821
279335.2048647268
741276.9847268192
751045.9524807322
605523.5392566632
766554.660582803
733616.6368462361
769895.5795851651
850647.38899147
403491.86747835326
226838.5728764779
130843.3555809232
266838.766121214
559445.1677889725
124438.79858375447
306203.3507982207
209911.19772727738
297623.3007335816
378644.4822568003
1661015.8159195373
2100697.6706935596
530028.088199182
808643.349097948
596824.4643031552
1859700.4608393456
259664.61925049048
516859.78528034355
289609.9500904845
226634.50783674614
291000.6619498998
472107.6799592135
126806.45420206981
226036.25115848417
1612073.0948400474
1649679.4783132565
112737.32080852905
356427.9386084891
233503.810041439
354992.90563913976
108634.17268231841
4014268.639623263
396537.1335935578
268395.8779075019
270129.021239959
1210974.8805215256
807197.8231449747
