230216.44816818056
141610.3890410155
251142.75251915545
3559281.3765228693
866117.0878666249
264384.95826425706
1034415.8596915217
448988.3811904226
642925.9242993572
422042.3795654478
516173.5830088932
117030.74201780625
1234087.1641774077
528300.6940622546
2090389.405591022
263143.10050171695
389521.4575492711
660360.0498473432
194948.661110839
762427.6612897639
1764956.7461596082
1064457.1588821115
840178.6646115601
1642035.2822085985
3078448.9173217015
1245044.537470115
713893.2229038592
995404.1375055887
2775012.8584655738
12917123.730464656
652684.247253957
2005766.7598195705
1951976.5209894602
3874892.663304782
1096303.5597763527
1508603.3235041758
111941.41489083804
373982.1412532947
891418.1561356955
919745.2779194907
421044.5351835225
734126.4230649278
709252.7653591825
1515565.3371831886
1000448.0024841286
696932.6337486256
700667.1667297321
170089.16193307133
269121.42832678213
469924.7513698815
849710.7829590167
128358.00685392997
262881.7208016294
2242752.864790567
140304.48606207647
562402.2829909367
221586.27229830044
187416.7666807255
129605.17406446171
417953.6621579004
348182.5379405107
170281.1869687683
863223.4387111915
194601.44533488696
515784.2234895077
634504.254876648
215917.66227274644
773916.5324491325
739050.9360771561
1856399.820330296
1547342.3834130394
157292.50736526656
616999.2260752738
309170.37330057827
837417.862269417
428136.0772708309
207103.5361526566
493966.81678393914
889735.0611223518
580880.2681367755
666891.223944536
650294.4425902285
877587.0441175234
702148.8345598937
769962.3210573728
1080014.9476325589
1495378.373465047
807367.6033853412
1106521.039368728
254597.21211870373
166622.2030080428
895911.1658851049
246257.2860723655
749727.0192398076
2904354.3299464514
608932.183533005
153325.79664802668
375873.7427138095
375138.8266209693
4096704.8083697264
2967409.55552194
1471037.8728284603
335901.78473589174
784446.3845650147
588834.4849092223
2626981.023919192
1216684.3422498722
681163.3519865122
633314.4960725256
552441.5373316564
250379.96182435926
3631370.406629101
198402.45702938832
1134843.6259990302
224931.77760052064
205180.6310716912
1321462.9799595142
415989.16640100075
636248.1873148958
176549.21154987632
408578.8362071955
458378.02935010404
1087541.311387681
3154345.2640919248
1337640.2043089839
1082821.986417629
3317858.5640738737
1418505.3094913652
2080741.6961362476
1047115.1743794801
2655334.5823294455
197234.82092523103
1559116.0843344585
503484.0023089194
1011989.8575099136
1004758.7211858256
261161.68087934394
147359.85753494193
611062.488926143
262696.44318942184
1770415.5223759934
1002175.1216704029
682354.8806066317
388126.0682489733
1485873.3554250475
305765.02609495254
1242400.8748242871
914857.820429704
306760.8794338809
201855.47865343885
252701.96041269475
885663.0463532781
803835.3824954156
427948.03432112763
1374284.2445311535
955424.2153556835
4334834.656928918
1214233.1470937405
1065484.3158414906
200607.75837540798
268627.76027706126
195287.1384203048
545693.0077073066
342888.79706586513
936604.7663358838
590973.1969283471
720854.2410613735
882878.3514951728
1448042.4323497512
1976455.2885008287
1731026.0550881561
667446.0612596604
349608.34595326055
240319.55340173625
142071.86856228724
793356.523202953
145805.0741813956
144892.18096733635
1375702.3095989157
369604.72261120303
1188523.251329315
5097459.431475371
999482.4572441524
119507.15705189806
1862833.101480143
1807913.4988168152
9566996.996221706
1847395.8814445056
1478076.2098223525
2728661.3774987236
865757.9258326917
1073327.1448196133
502147.5700040286
892364.2333997026
560141.5642815045
1505153.2884446208
1085779.791402961
1004534.9500756786
2802083.300277852
1234822.7439512468
288829.3249771798
1596205.8969609246
388775.5907199481
874144.4201624563
240617.98862426524
131025.89385621961
357987.31856503716
1395528.6733076263
1515963.5457825605
1017748.3963108256
935034.386478862
1104468.052811968
563191.9527661905
587691.5156155262
1059854.5311543753
167554.3429710717
131955.37909525272
1894050.4434008768
919510.0030053621
492166.47146078036
2154777.5238394067
1099843.523611266
139947.09384414047
1349544.429160197
113698.06788156576
24700193.615319032
924979.2875042306
404542.4389850655
493392.51149284554
586952.7280501921
1725055.1383675793
225389.60687629814
629916.3387443884
529171.66475988
230216.44816818056
251142.75251915545
141610.3890410155
634332.3614979193
2332557.7530288408
516173.5830088932
983281.1191517207
1135370.1462581994
907881.0951552144
841131.3786855565
432774.9862265099
532794.2568791631
554541.9770798417
528300.6940622546
1951976.5209894602
1410820.9896584926
435304.1639000185
1064457.1588821115
1337640.2043089839
483493.5987799676
1778994.7054224538
2287427.4451000635
3874892.663304782
1423542.6482734156
2005766.7598195705
558888.4239419822
421246.1835937042
524788.2729887979
1120039.1151823942
400702.8231791251
406180.51430398034
1485873.3554250475
1368850.9094197282
1331428.1501587876
1002175.1216704029
960205.7051126376
262696.44318942184
327555.55372006353
2221940.934798412
361138.9184020635
1756887.4913473425
596026.9065083716
1103120.5591570945
2175368.226831911
1242400.8748242871
263741.9619897718
345160.2452847804
138678.68884164223
1515565.3371831886
445572.5257023133
388775.5907199481
4334834.656928918
734126.4230649278
955424.2153556835
2264717.3874509037
919510.0030053621
338491.357380305
293995.6391000266
441595.41731608985
457355.18631721835
1677714.7727122903
186227.56094410227
368154.24778799206
228701.04322057214
1793310.3045698616
409098.055975376
238811.22771811663
1482908.9136297258
156614.88906533594
619047.8987055407
1097648.2880937306
2276086.2429629616
2454473.7402664367
1249213.5602785356
3480127.462182787
2979914.4116772055
790219.4137344039
251448.48823267297
221586.27229830044
562402.2829909367
156248.5371539141
192324.68766798003
369604.72261120303
471170.7018319152
999482.4572441524
809460.7426425379
739050.9360771561
920958.4867855761
390626.597026027
485020.39691805805
1807913.4988168152
2728661.3774987236
1081797.4841822458
924979.2875042306
1856399.820330296
185978.01688849612
345972.1483734991
1000448.0024841286
469924.7513698815
891418.1561356955
512739.6975203125
759743.0716490005
616999.2260752738
769962.3210573728
3737792.7609461485
1456553.0350263198
903507.3267586168
1353486.6942939756
633314.4960725256
402519.76052725763
1494147.24521199
1068160.4988562672
1374284.2445311535
919745.2779194907
178416.80988092895
849710.7829590167
130392.96341021848
874144.4201624563
198402.45702938832
412486.47931552853
284091.0850986576
519970.72323090077
1321462.9799595142
408578.8362071955
1234087.1641774077
3154345.2640919248
1082821.986417629
1121136.4011006625
3301251.053210083
2789032.013433449
1764956.7461596082
1559116.0843344585
703025.7783865097
495880.7621714187
523167.4533758558
305765.02609495254
421621.60581211175
663107.9104100068
803835.3824954156
441857.2394701767
696932.6337486256
170089.16193307133
700667.1667297321
423463.09935720556
590973.1969283471
537867.8768891561
15738995.785861276
451786.01782800735
226911.31679339663
342888.79706586513
925301.3940157223
212651.35623640122
522570.4723172979
2746846.236870025
349608.34595326055
815703.1048916864
720513.2196414117
117309.81987786583
332514.46753073746
1476397.0968950028
5097459.431475371
317976.7564756804
3492119.071698862
194601.44533488696
118562.18592288937
250379.96182435926
427948.03432112763
1059854.5311543753
421044.5351835225
329843.48335045273
538416.4092347904
1216684.3422498722
1877320.1515522802
595711.5474203693
895911.1658851049
2904354.3299464514
1666129.1147405745
1371038.8444462752
404542.4389850655
174111.62185422325
269384.46722936706
3631370.406629101
866117.0878666249
551399.3369363012
280367.61346753384
251742.83075570842
6350042.278958589
297912.7949693447
173527.36134814532
415989.16640100075
1116863.401602406
281549.7399401682
458378.02935010404
357987.31856503716
471752.52884099697
171268.63368170997
155738.05585221975
830223.0071732716
855352.1820636137
1047115.1743794801
646505.3771537083
388126.0682489733
1004758.7211858256
570293.0076144839
1770415.5223759934
709252.7653591825
1100796.9013662615
243975.66141146628
1573255.8080171437
24700193.615319032
1998875.5387804457
725799.1069575697
664499.76007831
129605.17406446171
235134.54559741906
1300895.505801973
3559281.3765228693
157292.50736526656
892364.2333997026
861778.6051764716
948432.6678722174
1818644.1144348804
366134.66650817933
181122.5267001589
234919.51295375839
264384.95826425706
551399.3369363012
874144.4201624563
136599.2656584239
4870354.43044378
2287436.2941800496
297912.7949693447
6350442.699827957
412486.47931552853
1135370.1462581994
258744.66529465836
1116863.401602406
239167.07134705505
178416.80988092895
124752.67044061977
176549.21154987632
458378.02935010404
357987.31856503716
408578.8362071955
849710.7829590167
762427.6612897639
2005766.7598195705
1263352.1778262225
778275.1467962539
1764956.7461596082
632795.1656908452
1642035.2822085985
2090389.405591022
1090088.629675161
301014.7293449493
1121136.4011006625
408495.6548553267
263143.10050171695
4566547.816363237
1449244.8010928535
3874892.663304782
558888.4239419822
1782498.9410969235
445866.20454434986
237465.17203874094
1004758.7211858256
1776615.4090412087
352068.05834887875
885663.0463532781
529171.66475988
120252.36020022201
373982.1412532947
345160.2452847804
157292.50736526656
421044.5351835225
696932.6337486256
700667.1667297321
1515565.3371831886
709252.7653591825
423463.09935720556
200607.75837540798
643837.0476974192
664499.76007831
529299.2021251788
328820.8615445666
481091.95847175777
15738995.785861276
1111004.2045166527
1980653.070819204
820344.2261173619
489920.46434682497
436087.4180922824
128991.8222079297
152014.69483459584
2802712.691091859
3287169.9546823055
473065.7323109245
2346322.4969471176
590973.1969283471
341495.0669680647
1710602.3784803883
293995.6391000266
1371213.6137759995
1976455.2885008287
1097648.2880937306
213025.34047931098
417953.6621579004
562402.2829909367
793356.523202953
349603.8107997677
162699.62707723325
221160.2997104727
884028.1788258582
2547092.635940269
1084809.711009492
451595.7626083076
471170.7018319152
753127.9419054403
390626.597026027
2728661.3774987236
1478076.2098223525
1807913.4988168152
924979.2875042306
174649.20346337484
941070.2333238365
1374284.2445311535
4334834.656928918
1000448.0024841286
445572.5257023133
1436263.2007533407
1008885.1577968134
616999.2260752738
267936.9789706514
1456553.0350263198
1492490.254984605
402519.76052725763
166622.2030080428
211664.4625909587
2626981.023919192
861295.4454092341
350775.98205741786
528300.6940622546
841131.3786855565
180188.61692113272
130392.96341021848
427948.03432112763
907881.0951552144
404542.4389850655
955424.2153556835
854455.1065800294
1134843.6259990302
508583.83771837107
422042.3795654478
642925.9242993572
6350042.278958589
2147252.4874462825
205180.6310716912
589179.5990286777
471752.52884099697
933081.1732989445
744031.0876797966
2442597.1687901802
2080741.6961362476
3154345.2640919248
1559116.0843344585
596026.9065083716
253165.3203634635
551371.1304938458
803835.3824954156
388775.5907199481
251597.9270709371
252215.37162696267
381579.62948880455
187779.4683466531
1557491.1720220228
459048.6789995457
1214233.1470937405
110874.32645802209
379131.4208971683
1448042.4323497512
1731026.0550881561
2864310.0307396483
2640715.9021925163
148813.2083091483
235134.54559741906
221586.27229830044
432774.9862265099
790219.4137344039
213312.4931248578
1321462.9799595142
206004.36980489123
527685.0193222263
1375702.3095989157
5097459.431475371
1796226.0764252602
115706.91965189546
1547342.3834130394
194601.44533488696
295449.4323282323
485020.39691805805
863223.4387111915
122328.5755919454
250379.96182435926
1694520.2817407683
501456.8993111186
368198.050733923
422866.8925931465
2802083.300277852
902951.7151489938
689730.5887749917
473678.30987295776
3737792.7609461485
1068160.4988562672
731900.9900619398
372476.1384531714
1340319.2632747558
263741.9619897718
532794.2568791631
3559281.3765228693
158727.27507150228
2576854.3042033003
519970.72323090077
224931.77760052064
3631370.406629101
477600.44334976794
173527.36134814532
182991.45239320942
190305.88068266603
465607.6170851946
534517.3939794437
400336.1394272038
1368850.9094197282
591627.0333258152
919745.2779194907
734126.4230649278
118562.18592288937
9566996.996221706
2906086.5373537177
326219.78509617154
725799.1069575697
190512.50670033996
244739.7794682604
582448.8781777999
134803.78732925747
858726.8893297878
551399.3369363012
139375.66450404227
167881.98015755464
1581714.4223487945
360986.8248398035
668350.8796882326
448988.3811904226
866117.0878666249
251142.75251915545
141610.3890410155
422042.3795654478
4870354.43044378
1567115.6526418338
264566.69624447025
2287436.2941800496
153491.9381247645
519970.72323090077
197362.69013102923
209027.7685956198
437111.25664666656
117030.74201780625
415989.16640100075
458378.02935010404
350775.98205741786
532794.2568791631
2442597.1687901802
12917123.730464656
2312149.562311048
1003103.6113879377
995404.1375055887
482537.5663009764
957733.7146185387
1155901.1179607979
1090088.629675161
2090389.405591022
713893.2229038592
3078448.9173217015
301014.7293449493
2128731.363035512
495880.7621714187
551371.1304938458
986868.3149510595
611062.488926143
237465.17203874094
875458.6191538824
4566547.816363237
258360.50460976467
1485873.3554250475
2169276.741396525
441857.2394701767
891418.1561356955
120252.36020022201
919745.2779194907
1000448.0024841286
167554.3429710717
700667.1667297321
421044.5351835225
849710.7829590167
1557491.1720220228
643837.0476974192
1793310.3045698616
725799.1069575697
502765.67824105313
664499.76007831
936604.7663358838
1894050.4434008768
117040.80784629036
161151.5911471763
1677714.7727122903
2346322.4969471176
292407.2292425333
451786.01782800735
464206.4758829058
614931.527923037
254841.66795331793
590973.1969283471
1980653.070819204
481091.95847175777
24700193.615319032
169448.48854208243
1214233.1470937405
1097648.2880937306
1043172.1349512028
642910.9914768809
462331.13460686547
3480127.462182787
142071.86856228724
477600.44334976794
465607.6170851946
155860.9474505258
562402.2829909367
167619.93677646818
793356.523202953
166552.73773015238
632501.8186893081
1188523.251329315
1796226.0764252602
369604.72261120303
325719.03778246185
5723208.849067835
809460.7426425379
2728661.3774987236
1847395.8814445056
394584.12682278134
771118.8958115475
1051845.2288590153
709252.7653591825
404542.4389850655
445572.5257023133
529171.66475988
300714.30307942344
580880.2681367755
1525621.2104523191
150683.57197769653
459075.0050125042
889735.0611223518
673353.7070583372
769962.3210573728
427559.1172557414
837417.862269417
616999.2260752738
285249.20844182983
1666129.1147405745
608932.183533005
484315.23585667094
807367.6033853412
345972.1483734991
4334834.656928918
955424.2153556835
1134843.6259990302
195540.00088090575
453098.55761693604
2332557.7530288408
420178.652706889
1135370.1462581994
1349544.429160197
182991.45239320942
589179.5990286777
1321462.9799595142
636248.1873148958
176549.21154987632
281549.7399401682
2655334.5823294455
1951976.5209894602
470944.3866112723
1096303.5597763527
3317858.5640738737
1449244.8010928535
289652.6212563806
9667560.153453
1082821.986417629
15738995.785861276
421621.60581211175
1525168.801238033
1776615.4090412087
583931.0990754607
663107.9104100068
1559116.0843344585
2175368.226831911
1152312.816026461
1374284.2445311535
131955.37909525272
111941.41489083804
272849.43511139875
110874.32645802209
9566996.996221706
2264717.3874509037
1710602.3784803883
293995.6391000266
3287169.9546823055
1573255.8080171437
720854.2410613735
815703.1048916864
2003508.032153135
790219.4137344039
156248.5371539141
139947.09384414047
417953.6621579004
936138.19859362
1478076.2098223525
924979.2875042306
427948.03432112763
1515565.3371831886
388775.5907199481
170089.16193307133
645514.9438762713
846429.9865541942
760586.3889716696
997853.8946862224
277497.52498756326
902951.7151489938
2576728.2048134995
1106521.039368728
1353486.6942939756
948432.6678722174
1495378.373465047
250379.96182435926
299381.7422470264
3631370.406629101
155738.05585221975
357987.31856503716
1234087.1641774077
1036294.2981455572
1060914.6509367023
1004758.7211858256
182033.20764422163
508379.7558111931
325437.96887940535
591627.0333258152
713798.2059075092
1387817.8062347954
251597.9270709371
907881.0951552144
734126.4230649278
688359.0919906561
419037.1213886905
147988.80589494933
268042.50424948486
185978.01688849612
2802083.300277852
3737792.7609461485
428165.7216887841
1371038.8444462752
941718.4284328136
1134843.6259990302
244825.83677112457
181122.5267001589
273314.343651165
891705.4193947422
2332557.7530288408
2147252.4874462825
589179.5990286777
437111.25664666656
516173.5830088932
1116863.401602406
124752.67044061977
281549.7399401682
176549.21154987632
4334834.656928918
2080741.6961362476
2775012.8584655738
1764956.7461596082
483493.5987799676
995404.1375055887
1449244.8010928535
219162.06683612624
2731944.3861735426
131138.6090125417
530015.4245365484
264961.8076658467
1535841.897836189
1736530.18283947
421621.60581211175
406180.51430398034
713798.2059075092
2135450.027014909
551371.1304938458
703025.7783865097
2221940.934798412
611062.488926143
522126.0272749993
301014.7293449493
1770415.5223759934
421246.1835937042
437432.92070415895
514117.1674336386
130894.70624542663
152523.95938779213
4566547.816363237
1005983.9869233918
538014.8822304241
1004758.7211858256
875458.6191538824
1103120.5591570945
1242400.8748242871
169588.63584636126
696932.6337486256
441857.2394701767
421044.5351835225
700667.1667297321
919745.2779194907
936604.7663358838
9566996.996221706
464206.4758829058
489920.46434682497
664499.76007831
238811.22771811663
269835.43846815533
919510.0030053621
1894050.4434008768
362254.3449343031
268627.76027706126
292407.2292425333
200607.75837540798
457355.18631721835
567331.4417701578
1804024.328162953
4735560.819556506
1976455.2885008287
1097648.2880937306
465607.6170851946
251448.48823267297
228915.74402373334
221586.27229830044
527685.0193222263
325719.03778246185
2754072.6168136206
146156.71449734067
198817.25765373366
1043492.582260197
2369971.663209795
392937.75549137965
1140233.8218455235
803694.5715101378
2728661.3774987236
2224123.339149968
1081797.4841822458
454605.00287105853
1073327.1448196133
361985.00106222817
907881.0951552144
1374284.2445311535
222161.24127039305
167554.3429710717
180188.61692113272
445572.5257023133
250379.96182435926
427948.03432112763
658414.4689989138
972452.0575188108
1051658.8451118094
545499.6553096119
285249.20844182983
234388.34692759663
307901.74707108043
309170.37330057827
375873.7427138095
846429.9865541942
197812.77646181892
139783.38586439885
1080014.9476325589
948432.6678722174
375138.8266209693
1494147.24521199
679059.4832198325
1877320.1515522802
4096704.8083697264
861295.4454092341
174111.62185422325
532794.2568791631
345972.1483734991
189487.78323795713
162363.03019726445
3631370.406629101
1321462.9799595142
412486.47931552853
224931.77760052064
1135370.1462581994
273492.9844533831
554541.9770798417
636248.1873148958
534517.3939794437
1064457.1588821115
1087541.311387681
114050.70371900924
635529.7526335296
2312149.562311048
1332459.0679771607
298779.0092864776
515817.62876645493
295135.95366972697
1559116.0843344585
261161.68087934394
803835.3824954156
445866.20454434986
523167.4533758558
205236.82272960257
151862.26943183635
469924.7513698815
423463.09935720556
925301.3940157223
195287.1384203048
543034.744079502
281961.11154601903
653880.7534815687
341495.0669680647
1980653.070819204
1557491.1720220228
481091.95847175777
419037.1213886905
272535.95645289344
2264717.3874509037
545693.0077073066
1793310.3045698616
720513.2196414117
878696.6081342723
882878.3514951728
1448042.4323497512
155860.9474505258
417953.6621579004
139947.09384414047
174934.47567942462
793356.523202953
140491.42287678143
192324.68766798003
830371.008036038
1807913.4988168152
1856399.820330296
119245.1136708116
471794.34074393095
485020.39691805805
1515565.3371831886
734126.4230649278
388775.5907199481
580880.2681367755
278658.6348952309
1234822.7439512468
689730.5887749917
1733324.603614529
616999.2260752738
1525621.2104523191
1295319.4792757728
802777.2537560856
404542.4389850655
1000448.0024841286
955424.2153556835
529171.66475988
458589.3011347706
469552.20510246936
304717.07379760634
1121212.724415542
182991.45239320942
458378.02935010404
1234087.1641774077
1337640.2043089839
830223.0071732716
2287427.4451000635
1326898.527340936
3301251.053210083
211358.28442344192
1002175.1216704029
914857.820429704
600485.7366863348
190436.84706645936
268811.37868677144
1120039.1151823942
500606.9451784599
479485.62922729284
2036667.7471308033
1059854.5311543753
373982.1412532947
379762.9133676717
214220.74057192446
24700193.615319032
15738995.785861276
324983.34739512287
1677714.7727122903
372328.4694309044
320028.30505694274
1349544.429160197
206004.36980489123
936138.19859362
190332.2066956245
167037.66731338712
142894.1693199895
1725055.1383675793
1467133.2162846224
1142275.747052301
854455.1065800294
866117.0878666249
866117.0878666249
551399.3369363012
3559281.3765228693
234919.51295375839
141610.3890410155
230216.44816818056
129146.45988068565
874144.4201624563
280367.61346753384
376596.93377566815
251142.75251915545
508583.83771837107
304717.07379760634
2287436.2941800496
6350442.699827957
2332557.7530288408
1135370.1462581994
390357.80622145114
516173.5830088932
182991.45239320942
157762.94658002415
636248.1873148958
408578.8362071955
554541.9770798417
2731944.3861735426
3522840.865140378
2789032.013433449
1535841.897836189
1120039.1151823942
520896.22638394014
1951976.5209894602
4566547.816363237
131255.74870885685
3154345.2640919248
713798.2059075092
583931.0990754607
663107.9104100068
960205.7051126376
523167.4533758558
298436.10743701877
530015.4245365484
237465.17203874094
522126.0272749993
260100.45496201873
160255.51118509044
342636.70889976295
179124.62566631185
519943.1804694442
445866.20454434986
437432.92070415895
175448.2753861138
2175368.226831911
875458.6191538824
2277186.847286225
700667.1667297321
373982.1412532947
421044.5351835225
445572.5257023133
185978.01688849612
891418.1561356955
324699.40254107094
1482908.9136297258
1557491.1720220228
342888.79706586513
919510.0030053621
15738995.785861276
464206.4758829058
1100796.9013662615
632529.8039047641
1065484.3158414906
1710602.3784803883
137995.42925322053
1214233.1470937405
481091.95847175777
444692.2634707025
543034.744079502
1573255.8080171437
522570.4723172979
432774.9862265099
118031.6835777266
1234087.1641774077
251448.48823267297
166552.73773015238
348182.5379405107
140491.42287678143
527685.0193222263
297370.6782067002
325719.03778246185
1375702.3095989157
2956378.0711843497
355121.6546250597
753127.9419054403
773916.5324491325
119507.15705189806
924979.2875042306
515784.2234895077
1862833.101480143
999482.4572441524
755183.3619591965
771118.8958115475
529171.66475988
1515565.3371831886
919745.2779194907
696932.6337486256
388775.5907199481
849710.7829590167
1000448.0024841286
1725055.1383675793
846429.9865541942
428136.0772708309
972452.0575188108
191047.87603949505
139783.38586439885
557442.9267262634
2506074.9379350017
459075.0050125042
4096704.8083697264
889735.0611223518
3081829.2658763668
1142275.747052301
168879.49269898038
861295.4454092341
2013952.1588066525
166622.2030080428
130392.96341021848
1374284.2445311535
955424.2153556835
345972.1483734991
189487.78323795713
907881.0951552144
4334834.656928918
158727.27507150228
139375.66450404227
2040883.2276091508
3631370.406629101
983281.1191517207
241279.5679667212
458378.02935010404
357987.31856503716
1059854.5311543753
3665824.299554726
3317858.5640738737
787273.6656205527
2655334.5823294455
1155901.1179607979
295135.95366972697
538014.8822304241
421246.1835937042
634608.231566484
324763.00530347053
404542.4389850655
469924.7513698815
170089.16193307133
251597.9270709371
263741.9619897718
734126.4230649278
2906086.5373537177
1677714.7727122903
502765.67824105313
368154.24778799206
372328.4694309044
212651.35623640122
537867.8768891561
664499.76007831
441595.41731608985
2003508.032153135
795650.7578028323
148813.2083091483
790219.4137344039
167619.93677646818
179904.11899958175
129605.17406446171
235134.54559741906
148000.53092593086
155860.9474505258
145805.0741813956
451595.7626083076
1300895.505801973
1601345.0001628143
485020.39691805805
264301.1132313894
865757.9258326917
709252.7653591825
545499.6553096119
368198.050733923
122902.77026953924
329843.48335045273
207103.5361526566
512739.6975203125
199493.5485916664
1262156.4458931095
1149353.9049061306
1353486.6942939756
240282.8297197942
222161.24127039305
1134843.6259990302
2576854.3042033003
1121212.724415542
477600.44334976794
548841.1785258384
1321462.9799595142
176549.21154987632
2312149.562311048
1242400.8748242871
1550501.5049680537
2036667.7471308033
515126.6262330455
500606.9451784599
876720.6085733906
24700193.615319032
177521.72544034154
187779.4683466531
1111004.2045166527
928393.2625628428
1772552.5751926207
1394997.7285084643
1349544.429160197
6350042.278958589
1796226.0764252602
1856399.820330296
192163.08134473505
167610.9770829823
1547342.3834130394
1436263.2007533407
1703898.0942559687
802777.2537560856
1877320.1515522802
1596205.8969609246
1340319.2632747558
458589.3011347706
299381.7422470264
198402.45702938832
139375.66450404227
251142.75251915545
866117.0878666249
264384.95826425706
280367.61346753384
181122.5267001589
874144.4201624563
305410.2886010124
891705.4193947422
6350042.278958589
1135370.1462581994
205180.6310716912
273492.9844533831
1034415.8596915217
117030.74201780625
841131.3786855565
176549.21154987632
554541.9770798417
471752.52884099697
408578.8362071955
124752.67044061977
155738.05585221975
713893.2229038592
1736530.18283947
408495.6548553267
2090389.405591022
165043.41652503435
1778994.7054224538
1642035.2822085985
3874892.663304782
1951976.5209894602
520896.22638394014
3301251.053210083
467291.04393903795
714083.4781235589
597364.7767887602
262696.44318942184
595587.9921410641
885663.0463532781
237465.17203874094
713798.2059075092
1559116.0843344585
1756887.4913473425
1002175.1216704029
1485873.3554250475
1622606.020964261
982849.0628214026
538014.8822304241
2169276.741396525
1103120.5591570945
803835.3824954156
558888.4239419822
1120039.1151823942
4566547.816363237
412545.104470436
564140.3529136939
153021.27768300727
709252.7653591825
919745.2779194907
185978.01688849612
373982.1412532947
137995.42925322053
1980653.070819204
254841.66795331793
24700193.615319032
3287169.9546823055
2264717.3874509037
219685.04746330087
170281.62942276758
545693.0077073066
543034.744079502
1557491.1720220228
2802712.691091859
1065484.3158414906
614931.527923037
457453.632332063
936604.7663358838
464206.4758829058
293995.6391000266
1573255.8080171437
1677714.7727122903
2979914.4116772055
1043172.1349512028
2640715.9021925163
2864310.0307396483
642910.9914768809
118031.6835777266
790219.4137344039
562402.2829909367
148813.2083091483
140491.42287678143
155860.9474505258
465500.2113768642
1932626.9014649969
2417812.001884295
1375702.3095989157
324154.5204409309
819642.4940744695
1073327.1448196133
924979.2875042306
290099.8316361748
3492119.071698862
739050.9360771561
1862833.101480143
203361.59206706198
1081797.4841822458
634504.254876648
454605.00287105853
1478076.2098223525
157292.50736526656
529171.66475988
1374284.2445311535
907881.0951552144
222161.24127039305
421044.5351835225
170089.16193307133
445572.5257023133
300714.30307942344
997853.8946862224
666891.223944536
232006.6170493554
2576728.2048134995
635202.1154470466
207103.5361526566
286992.3665855789
197812.77646181892
195573.29554435317
187903.90853395674
843064.0177545063
1629851.2052028268
552441.5373316564
1149353.9049061306
895911.1658851049
2626981.023919192
4334834.656928918
350775.98205741786
217438.92973584562
162363.03019726445
234919.51295375839
3559281.3765228693
4870354.43044378
415989.16640100075
3631370.406629101
983281.1191517207
1116863.401602406
458378.02935010404
256326.65418847438
636248.1873148958
1234087.1641774077
702174.2756648536
3317858.5640738737
1418505.3094913652
1082821.986417629
324763.00530347053
646505.3771537083
1242400.8748242871
515817.62876645493
1525168.801238033
1770415.5223759934
479485.62922729284
1368850.9094197282
214819.0489924802
914857.820429704
1000448.0024841286
891418.1561356955
251597.9270709371
734126.4230649278
876720.6085733906
1214233.1470937405
379131.4208971683
468683.114834341
1894050.4434008768
1100796.9013662615
172338.7086790212
1753966.188816953
412889.4442953926
272535.95645289344
519576.49671752285
1375735.4936488632
882878.3514951728
235134.54559741906
142071.86856228724
148000.53092593086
1349544.429160197
366134.66650817933
145805.0741813956
1476397.0968950028
355121.6546250597
2956378.0711843497
771118.8958115475
656486.8075374559
390626.597026027
849710.7829590167
263741.9619897718
469532.51589950046
837417.862269417
760586.3889716696
1525621.2104523191
1694520.2817407683
538416.4092347904
645514.9438762713
429434.1266912824
1340319.2632747558
633314.4960725256
3737792.7609461485
3081829.2658763668
1470891.8630086908
948432.6678722174
955424.2153556835
528300.6940622546
1059854.5311543753
388775.5907199481
427948.03432112763
1515565.3371831886
122328.5755919454
2332557.7530288408
1321462.9799595142
1584379.1015595894
515126.6262330455
313569.6934156355
866423.9297151405
848622.8991882335
1011989.8575099136
167554.3429710717
1433952.4847419872
379762.9133676717
139947.09384414047
192324.68766798003
2728661.3774987236
167610.9770829823
629916.3387443884
4096704.8083697264
358076.0305918972
634248.8483055511
874144.4201624563
668350.8796882326
1135370.1462581994
280367.61346753384
409078.80922640645
1321462.9799595142
3631370.406629101
1116863.401602406
983281.1191517207
182991.45239320942
1234087.1641774077
554541.9770798417
357987.31856503716
635529.7526335296
1642035.2822085985
1096303.5597763527
702174.2756648536
1087541.311387681
1410820.9896584926
1535841.897836189
660360.0498473432
168686.472141785
778275.1467962539
3317858.5640738737
306760.8794338809
538014.8822304241
2175368.226831911
262696.44318942184
848622.8991882335
597364.7767887602
2221940.934798412
960205.7051126376
237465.17203874094
713798.2059075092
596026.9065083716
253165.3203634635
1756887.4913473425
373982.1412532947
404542.4389850655
696932.6337486256
445572.5257023133
251597.9270709371
421044.5351835225
205236.82272960257
4334834.656928918
451786.01782800735
1793310.3045698616
15738995.785861276
24700193.615319032
144092.44536359844
444692.2634707025
254841.66795331793
381579.62948880455
925301.3940157223
614931.527923037
643837.0476974192
543034.744079502
502765.67824105313
339934.6423260272
1573255.8080171437
1482908.9136297258
281961.11154601903
1980653.070819204
1894050.4434008768
292407.2292425333
1375735.4936488632
3480127.462182787
2864310.0307396483
522570.4723172979
142071.86856228724
636248.1873148958
187416.7666807255
465607.6170851946
369604.72261120303
5723208.849067835
504961.68805308745
392937.75549137965
739050.9360771561
139198.57229082176
454605.00287105853
771118.8958115475
803694.5715101378
1807913.4988168152
753127.9419054403
1533072.1358005602
361985.00106222817
924979.2875042306
865757.9258326917
773916.5324491325
738151.9801640748
1073327.1448196133
180188.61692113272
170089.16193307133
1374284.2445311535
1000448.0024841286
955424.2153556835
345160.2452847804
469924.7513698815
1436263.2007533407
1004534.9500756786
197812.77646181892
277497.52498756326
286992.3665855789
207949.72942632114
2802083.300277852
139783.38586439885
1877320.1515522802
232006.6170493554
1071589.1855103562
592786.152190486
629916.3387443884
1149353.9049061306
903507.3267586168
802777.2537560856
1470891.8630086908
836245.4697847671
1456553.0350263198
608932.183533005
861295.4454092341
1068160.4988562672
1080014.9476325589
855787.0037314274
529171.66475988
919745.2779194907
1059854.5311543753
222161.24127039305
154197.8734806504
448988.3811904226
118094.2908186278
6350042.278958589
1567115.6526418338
1034415.8596915217
176549.21154987632
2312149.562311048
632795.1656908452
386311.6750113367
1371593.0180804008
197234.82092523103
3301251.053210083
897549.3518175196
2442597.1687901802
663107.9104100068
1525168.801238033
522126.0272749993
524788.2729887979
503484.0023089194
885663.0463532781
523167.4533758558
891418.1561356955
734126.4230649278
138678.68884164223
700667.1667297321
1677714.7727122903
296714.2976987361
876720.6085733906
258354.31025377443
195287.1384203048
441595.41731608985
9566996.996221706
1772552.5751926207
667446.0612596604
2003508.032153135
1976455.2885008287
567331.4417701578
562402.2829909367
419791.1736170005
1796226.0764252602
2547092.635940269
1476397.0968950028
471794.34074393095
264301.1132313894
119245.1136708116
1862833.101480143
1547342.3834130394
999482.4572441524
231631.63728494715
1515565.3371831886
388775.5907199481
849710.7829590167
250379.96182435926
1085779.791402961
122902.77026953924
2576728.2048134995
2506074.9379350017
580880.2681367755
749727.0192398076
2367343.486453943
785154.3109638975
1495378.373465047
162363.03019726445
427948.03432112763
289332.17394738627
167143.85627321954
278635.29544676765
299381.7422470264
866117.0878666249
2040883.2276091508
2287436.2941800496
4494826.023076425
1324561.2640896246
1545283.8661812881
408578.8362071955
662823.3018749559
309656.0771783118
2655334.5823294455
2326127.7902839878
2287427.4451000635
3665824.299554726
1011989.8575099136
1776615.4090412087
600485.7366863348
709252.7653591825
1065484.3158414906
272535.95645289344
1111004.2045166527
379762.9133676717
795650.7578028323
477600.44334976794
2512134.345455439
1375702.3095989157
246161.38416801687
227241.2768633759
502147.5700040286
268042.50424948486
118562.18592288937
841131.3786855565
263815.40935365594
595812.0950917106
731900.9900619398
263741.9619897718
1581714.4223487945
264384.95826425706
167881.98015755464
2576854.3042033003
2147252.4874462825
1567115.6526418338
117030.74201780625
437111.25664666656
273492.9844533831
1321462.9799595142
636248.1873148958
907881.0951552144
178583.61503866565
458378.02935010404
454503.0172242195
1535841.897836189
1009591.4249931988
1332459.0679771607
1764956.7461596082
1156985.1302590873
3154345.2640919248
519265.67278301343
1756887.4913473425
957733.7146185387
897549.3518175196
131138.6090125417
2330308.9805773892
301014.7293449493
875458.6191538824
421246.1835937042
4566547.816363237
250923.8484030009
327555.55372006353
1120039.1151823942
1242400.8748242871
388126.0682489733
2277186.847286225
2169276.741396525
523167.4533758558
1004758.7211858256
2221940.934798412
551371.1304938458
1059854.5311543753
891418.1561356955
696932.6337486256
341495.0669680647
643837.0476974192
1482908.9136297258
919510.0030053621
936604.7663358838
1980653.070819204
204410.20804540708
436087.4180922824
545693.0077073066
1214233.1470937405
1677714.7727122903
15738995.785861276
1433952.4847419872
3287169.9546823055
24700193.615319032
381579.62948880455
2395691.514189205
1804024.328162953
213312.4931248578
118031.6835777266
179904.11899958175
793356.523202953
124223.60607095473
2547092.635940269
1305888.599184093
390626.597026027
753127.9419054403
920958.4867855761
738151.9801640748
941070.2333238365
1862833.101480143
2369971.663209795
9566996.996221706
297406.5169806436
454605.00287105853
194601.44533488696
174649.20346337484
186214.2873241232
734126.4230649278
250379.96182435926
1515565.3371831886
373982.1412532947
469924.7513698815
180188.61692113272
529171.66475988
155383.98203927855
545499.6553096119
199493.5485916664
666891.223944536
997853.8946862224
1071589.1855103562
254597.21211870373
650294.4425902285
679059.4832198325
972452.0575188108
861295.4454092341
889735.0611223518
658414.4689989138
375138.8266209693
629916.3387443884
903507.3267586168
2626981.023919192
1495378.373465047
948432.6678722174
849710.7829590167
184354.87439205768
4334834.656928918
1374284.2445311535
532794.2568791631
251742.83075570842
1134843.6259990302
251142.75251915545
168197.1180185573
6350042.278958589
4870354.43044378
2287436.2941800496
209027.7685956198
1135370.1462581994
205180.6310716912
124752.67044061977
534517.3939794437
157762.94658002415
357987.31856503716
12917123.730464656
197234.82092523103
1155901.1179607979
1326898.527340936
3665824.299554726
2442597.1687901802
2789032.013433449
2080741.6961362476
595587.9921410641
515817.62876645493
1770415.5223759934
2135450.027014909
305765.02609495254
208182.90268395314
237465.17203874094
914857.820429704
1776615.4090412087
519943.1804694442
600485.7366863348
583931.0990754607
1559116.0843344585
955424.2153556835
324699.40254107094
919745.2779194907
700667.1667297321
709252.7653591825
1000448.0024841286
1573255.8080171437
457355.18631721835
339934.6423260272
136286.1188404181
876720.6085733906
258354.31025377443
928393.2625628428
3480127.462182787
2630171.1172541576
432774.9862265099
221586.27229830044
156248.5371539141
129605.17406446171
155860.9474505258
206004.36980489123
527685.0193222263
244739.7794682604
656486.8075374559
1547342.3834130394
317976.7564756804
3492119.071698862
634504.254876648
138678.68884164223
157292.50736526656
427948.03432112763
538416.4092347904
580880.2681367755
2576728.2048134995
274033.8844675295
877587.0441175234
1371038.8444462752
1470891.8630086908
595812.0950917106
861778.6051764716
633314.4960725256
528300.6940622546
453098.55761693604
469552.20510246936
866117.0878666249
195540.00088090575
216422.944739949
299381.7422470264
420178.652706889
3631370.406629101
240617.98862426524
279530.37988735514
477600.44334976794
155738.05585221975
1234087.1641774077
479485.62922729284
1387817.8062347954
159250.80876617605
1550501.5049680537
2051309.656102696
213740.12491518294
1485873.3554250475
445572.5257023133
1100796.9013662615
776357.5511632801
653880.7534815687
873127.4396450614
1772552.5751926207
266087.07879957085
192324.68766798003
3559281.3765228693
143491.2609920472
318198.4259293306
263741.9619897718
404542.4389850655
205371.4393588901
493966.81678393914
1068160.4988562672
841131.3786855565
921239.6663021323
1134843.6259990302
230216.44816818056
435109.3735268258
168197.1180185573
198402.45702938832
1121212.724415542
1116863.401602406
1135370.1462581994
117030.74201780625
1034415.8596915217
519970.72323090077
273492.9844533831
477600.44334976794
409078.80922640645
3631370.406629101
532794.2568791631
841131.3786855565
1374284.2445311535
370338.20072854543
3078448.9173217015
289652.6212563806
1535841.897836189
713893.2229038592
3154345.2640919248
1326898.527340936
263143.10050171695
1449244.8010928535
1778994.7054224538
1423542.6482734156
1410820.9896584926
229793.46214484816
1242400.8748242871
522126.0272749993
2277186.847286225
305765.02609495254
596026.9065083716
130894.70624542663
437432.92070415895
982849.0628214026
295135.95366972697
570293.0076144839
2221940.934798412
524788.2729887979
412545.104470436
479485.62922729284
260100.45496201873
1103120.5591570945
875458.6191538824
157292.50736526656
421044.5351835225
709252.7653591825
1059854.5311543753
925301.3940157223
179039.67449844597
339934.6423260272
262881.7208016294
9566996.996221706
590973.1969283471
24700193.615319032
341495.0669680647
1214233.1470937405
296714.2976987361
379131.4208971683
473065.7323109245
15738995.785861276
219685.04746330087
1557491.1720220228
1710602.3784803883
1573255.8080171437
543034.744079502
1065484.3158414906
725799.1069575697
1043172.1349512028
1375735.4936488632
2003508.032153135
2979914.4116772055
642910.9914768809
240319.55340173625
228915.74402373334
793356.523202953
325719.03778246185
2512134.345455439
5723208.849067835
2417812.001884295
1856399.820330296
753127.9419054403
1547342.3834130394
454605.00287105853
3492119.071698862
485297.0412811215
863223.4387111915
809460.7426425379
919745.2779194907
1000448.0024841286
404542.4389850655
170089.16193307133
445572.5257023133
167554.3429710717
138678.68884164223
846429.9865541942
1436263.2007533407
572862.0061479296
234241.23097282884
1725055.1383675793
997853.8946862224
195573.29554435317
650294.4425902285
769962.3210573728
633314.4960725256
1471037.8728284603
1080014.9476325589
2576728.2048134995
422866.8925931465
1008885.1577968134
1204521.2818090674
1591386.4667735305
1068160.4988562672
2626981.023919192
1149353.9049061306
174111.62185422325
529171.66475988
4334834.656928918
1515565.3371831886
854455.1065800294
251142.75251915545
551399.3369363012
280367.61346753384
129146.45988068565
642925.9242993572
205180.6310716912
281549.7399401682
124752.67044061977
1371593.0180804008
165043.41652503435
2287427.4451000635
1337640.2043089839
2080741.6961362476
897549.3518175196
3665824.299554726
1121136.4011006625
1418505.3094913652
646505.3771537083
866423.9297151405
2175368.226831911
538014.8822304241
262004.55574801375
1776615.4090412087
530015.4245365484
1120039.1151823942
1368850.9094197282
185978.01688849612
955424.2153556835
537867.8768891561
2264717.3874509037
187779.4683466531
379762.9133676717
468683.114834341
614931.527923037
1433952.4847419872
268627.76027706126
423463.09935720556
815703.1048916864
2640715.9021925163
720854.2410613735
1772552.5751926207
167619.93677646818
148813.2083091483
117309.81987786583
124223.60607095473
301893.8854415618
4494826.023076425
1375702.3095989157
264301.1132313894
215917.66227274644
295449.4323282323
739050.9360771561
907881.0951552144
734126.4230649278
427948.03432112763
388775.5907199481
345972.1483734991
702148.8345598937
1629851.2052028268
877587.0441175234
1051658.8451118094
807367.6033853412
307901.74707108043
1295319.4792757728
629916.3387443884
679059.4832198325
1106521.039368728
180188.61692113272
3559281.3765228693
866117.0878666249
299381.7422470264
273314.343651165
216422.944739949
921239.6663021323
130668.05918428433
415989.16640100075
1321462.9799595142
1234087.1641774077
636248.1873148958
3874892.663304782
1004758.7211858256
1020928.2025903076
251597.9270709371
140156.3745858102
1998875.5387804457
632529.8039047641
545693.0077073066
444692.2634707025
572799.067066529
406710.9060356433
128991.8222079297
2818815.804396445
9667560.153453
562402.2829909367
790219.4137344039
1349544.429160197
1807913.4988168152
390626.597026027
528300.6940622546
889735.0611223518
902951.7151489938
1371038.8444462752
475314.2835353759
2147252.4874462825
4870354.43044378
3559281.3765228693
551399.3369363012
167881.98015755464
139375.66450404227
230216.44816818056
264384.95826425706
866117.0878666249
2332557.7530288408
6350042.278958589
634332.3614979193
477600.44334976794
239167.07134705505
720813.5352934377
205180.6310716912
493974.2278884274
516173.5830088932
357987.31856503716
178583.61503866565
955424.2153556835
554541.9770798417
256326.65418847438
2312149.562311048
408495.6548553267
734740.7704429582
467291.04393903795
2090389.405591022
355941.1900452663
261161.68087934394
1332459.0679771607
713893.2229038592
663107.9104100068
1331428.1501587876
1121136.4011006625
370338.20072854543
583931.0990754607
1368850.9094197282
445866.20454434986
637805.4041654381
2169276.741396525
530015.4245365484
503484.0023089194
412545.104470436
342636.70889976295
538014.8822304241
406337.917314232
229793.46214484816
551371.1304938458
222161.24127039305
700667.1667297321
138678.68884164223
170089.16193307133
891418.1561356955
469924.7513698815
445572.5257023133
111941.41489083804
543034.744079502
925301.3940157223
1433952.4847419872
9566996.996221706
1214233.1470937405
146621.95487760645
481091.95847175777
1482908.9136297258
1111004.2045166527
1557491.1720220228
537867.8768891561
423463.09935720556
489920.46434682497
643837.0476974192
441595.41731608985
3287169.9546823055
936604.7663358838
790262.6636128356
15738995.785861276
1573255.8080171437
2003508.032153135
381728.40464606974
462331.13460686547
2242752.864790567
1375735.4936488632
221586.27229830044
790219.4137344039
562402.2829909367
129605.17406446171
167619.93677646818
241279.5679667212
332514.46753073746
301893.8854415618
1349544.429160197
145805.0741813956
2754072.6168136206
1932626.9014649969
803694.5715101378
595679.2482784202
1807913.4988168152
455322.44203092635
1862833.101480143
297406.5169806436
529171.66475988
4334834.656928918
250379.96182435926
734126.4230649278
709252.7653591825
421044.5351835225
185978.01688849612
919745.2779194907
907881.0951552144
1234822.7439512468
972452.0575188108
877587.0441175234
545499.6553096119
572862.0061479296
658414.4689989138
592786.152190486
2506074.9379350017
1492490.254984605
759743.0716490005
271489.3315175452
544721.2681113404
2576728.2048134995
1436263.2007533407
484315.23585667094
1008885.1577968134
1666129.1147405745
232006.6170493554
673353.7070583372
2209301.1301733595
1295319.4792757728
784446.3845650147
335901.78473589174
802777.2537560856
855787.0037314274
807367.6033853412
528300.6940622546
1374284.2445311535
263741.9619897718
350775.98205741786
189487.78323795713
186806.40138868877
1034415.8596915217
854455.1065800294
216422.944739949
129146.45988068565
1134843.6259990302
941718.4284328136
1121212.724415542
589179.5990286777
548841.1785258384
1321462.9799595142
147308.8647115224
201575.40527188085
636248.1873148958
3078448.9173217015
1204557.78426401
1764956.7461596082
12917123.730464656
1951976.5209894602
647762.1677387247
1770415.5223759934
500606.9451784599
421246.1835937042
314727.2636913086
713798.2059075092
1776615.4090412087
1011989.8575099136
327555.55372006353
319294.9375531001
120252.36020022201
1000448.0024841286
388775.5907199481
373982.1412532947
157292.50736526656
1065484.3158414906
776357.5511632801
1980653.070819204
688359.0919906561
170281.62942276758
1793310.3045698616
919510.0030053621
195287.1384203048
436087.4180922824
174141.8193396756
368154.24778799206
471752.52884099697
155860.9474505258
170281.1869687683
1796226.0764252602
1476397.0968950028
264301.1132313894
656486.8075374559
115706.91965189546
634504.254876648
318198.4259293306
1081797.4841822458
849710.7829590167
1515565.3371831886
1059854.5311543753
197812.77646181892
512739.6975203125
501456.8993111186
274033.8844675295
689730.5887749917
635202.1154470466
846429.9865541942
666891.223944536
1142275.747052301
372476.1384531714
2626981.023919192
1185742.4279437035
370583.8733116578
118562.18592288937
184354.87439205768
174111.62185422325
345972.1483734991
289332.17394738627
143325.00890180958
3631370.406629101
2040883.2276091508
224931.77760052064
240617.98862426524
408578.8362071955
176549.21154987632
3154345.2640919248
121926.49552007994
1944978.004855505
495014.10540028644
495880.7621714187
217996.64300196545
2175368.226831911
1525168.801238033
484944.1842166783
1020928.2025903076
1485873.3554250475
2135450.027014909
427948.03432112763
251597.9270709371
404542.4389850655
696932.6337486256
131955.37909525272
725799.1069575697
258354.31025377443
24700193.615319032
459048.6789995457
214220.74057192446
468683.114834341
1976455.2885008287
320028.30505694274
793356.523202953
586027.9991916515
739050.9360771561
485020.39691805805
182101.78801411344
560141.5642815045
902951.7151489938
280367.61346753384
143325.00890180958
1034415.8596915217
198402.45702938832
201454.17287607217
234919.51295375839
634332.3614979193
1567115.6526418338
589179.5990286777
1135370.1462581994
357987.31856503716
241279.5679667212
1003103.6113879377
995404.1375055887
289652.6212563806
3665824.299554726
1064457.1588821115
1736530.18283947
952147.4010368548
1642035.2822085985
1096303.5597763527
2775012.8584655738
1002175.1216704029
1332459.0679771607
1245044.537470115
1508603.3235041758
445866.20454434986
177641.96231465178
1120039.1151823942
314727.2636913086
570293.0076144839
611062.488926143
262696.44318942184
1242400.8748242871
264961.8076658467
198827.1022552181
1770415.5223759934
1022599.7937996694
167554.3429710717
891418.1561356955
1374284.2445311535
151862.26943183635
936604.7663358838
379131.4208971683
1980653.070819204
444692.2634707025
161151.5911471763
919510.0030053621
281961.11154601903
15738995.785861276
682824.9879808899
1710602.3784803883
2264717.3874509037
2346322.4969471176
262881.7208016294
590973.1969283471
1894050.4434008768
2906086.5373537177
519576.49671752285
2746846.236870025
2276086.2429629616
462331.13460686547
815703.1048916864
522570.4723172979
3970859.82961833
2640715.9021925163
228915.74402373334
221586.27229830044
534517.3939794437
1234087.1641774077
790219.4137344039
235134.54559741906
465607.6170851946
527685.0193222263
301893.8854415618
471170.7018319152
3492119.071698862
738151.9801640748
390626.597026027
1847395.8814445056
595679.2482784202
302356.360484332
538219.4065916013
803694.5715101378
999482.4572441524
1051845.2288590153
263741.9619897718
529171.66475988
696932.6337486256
1059854.5311543753
427948.03432112763
421044.5351835225
286992.3665855789
702148.8345598937
673353.7070583372
972452.0575188108
580880.2681367755
1106521.039368728
195573.29554435317
376820.041204816
1629851.2052028268
760586.3889716696
1216684.3422498722
469532.51589950046
300714.30307942344
1295319.4792757728
268463.3886163206
658414.4689989138
402519.76052725763
440087.9765404688
288690.8368753984
861295.4454092341
608932.183533005
772718.035178524
1068160.4988562672
130392.96341021848
4334834.656928918
919745.2779194907
849710.7829590167
180188.61692113272
551399.3369363012
195540.00088090575
453098.55761693604
251142.75251915545
6350442.699827957
2287436.2941800496
209027.7685956198
190305.88068266603
205180.6310716912
390357.80622145114
284091.0850986576
432774.9862265099
147308.8647115224
157762.94658002415
933081.1732989445
3078448.9173217015
2080741.6961362476
1764956.7461596082
3874892.663304782
713798.2059075092
2221940.934798412
523167.4533758558
646505.3771537083
1559116.0843344585
208182.90268395314
522126.0272749993
1485873.3554250475
2169276.741396525
1011989.8575099136
169588.63584636126
1515565.3371831886
955424.2153556835
205236.82272960257
734126.4230649278
9566996.996221706
2276234.4650527276
614931.527923037
328820.8615445666
227730.74160010347
502765.67824105313
1100796.9013662615
370575.68791267066
1557491.1720220228
200607.75837540798
1043172.1349512028
417953.6621579004
562402.2829909367
166552.73773015238
192324.68766798003
1349544.429160197
451595.7626083076
2956378.0711843497
355121.6546250597
1932626.9014649969
1084809.711009492
739050.9360771561
924979.2875042306
392937.75549137965
170089.16193307133
157292.50736526656
345972.1483734991
250379.96182435926
907881.0951552144
1149353.9049061306
1470891.8630086908
749727.0192398076
151115.18585401538
807367.6033853412
189487.78323795713
122328.5755919454
1581714.4223487945
167881.98015755464
874144.4201624563
3631370.406629101
281549.7399401682
554541.9770798417
171268.63368170997
947540.5699961253
3317858.5640738737
12917123.730464656
2287427.4451000635
1337640.2043089839
662823.3018749559
1951976.5209894602
1036294.2981455572
1152312.816026461
803835.3824954156
441857.2394701767
404542.4389850655
445572.5257023133
1000448.0024841286
879667.3522087402
1573255.8080171437
24700193.615319032
543034.744079502
9667560.153453
2562117.2676215577
477600.44334976794
884028.1788258582
1556000.102044376
264301.1132313894
361353.50859172473
3563752.3741858127
1248809.8210041728
277308.265289362
154197.8734806504
304717.07379760634
376596.93377566815
112105.34409757933
448988.3811904226
508583.83771837107
305410.2886010124
198402.45702938832
2040883.2276091508
422042.3795654478
634332.3614979193
6350042.278958589
1135370.1462581994
437111.25664666656
390357.80622145114
493974.2278884274
516173.5830088932
519970.72323090077
209027.7685956198
983281.1191517207
3631370.406629101
1034415.8596915217
548841.1785258384
636248.1873148958
281549.7399401682
465607.6170851946
1234087.1641774077
520896.22638394014
1009591.4249931988
1263352.1778262225
1423542.6482734156
961851.3021495405
1449244.8010928535
2175368.226831911
295135.95366972697
1005983.9869233918
314727.2636913086
1331428.1501587876
885663.0463532781
570293.0076144839
2330308.9805773892
421246.1835937042
637805.4041654381
803835.3824954156
1368850.9094197282
482537.5663009764
530015.4245365484
170089.16193307133
700667.1667297321
445572.5257023133
441857.2394701767
372328.4694309044
1710602.3784803883
144092.44536359844
172338.7086790212
328820.8615445666
489920.46434682497
258354.31025377443
682824.9879808899
543034.744079502
233852.53513444227
252215.37162696267
341495.0669680647
339934.6423260272
464206.4758829058
268627.76027706126
1677714.7727122903
381579.62948880455
502765.67824105313
412889.4442953926
619047.8987055407
815703.1048916864
1375735.4936488632
3480127.462182787
522570.4723172979
2979914.4116772055
1842387.3021724098
562402.2829909367
148813.2083091483
239640.6077398077
2754072.6168136206
1932626.9014649969
465500.2113768642
1305888.599184093
167037.66731338712
392937.75549137965
865757.9258326917
1478076.2098223525
2224123.339149968
1140233.8218455235
863223.4387111915
739050.9360771561
15738995.785861276
771118.8958115475
734126.4230649278
529171.66475988
907881.0951552144
1374284.2445311535
1059854.5311543753
696932.6337486256
919745.2779194907
122328.5755919454
972452.0575188108
544721.2681113404
116087.31947779513
666891.223944536
702148.8345598937
2626981.023919192
156960.4456387906
846429.9865541942
5670487.136646039
375138.8266209693
2967409.55552194
633314.4960725256
679059.4832198325
635202.1154470466
335901.78473589174
2904354.3299464514
1471037.8728284603
166622.2030080428
1000448.0024841286
388775.5907199481
1515565.3371831886
955424.2153556835
854455.1065800294
136599.2656584239
2576854.3042033003
2147252.4874462825
1349544.429160197
182991.45239320942
256326.65418847438
12917123.730464656
2789032.013433449
1326898.527340936
1642035.2822085985
830223.0071732716
467291.04393903795
1778994.7054224538
408495.6548553267
2005766.7598195705
986868.3149510595
388126.0682489733
237465.17203874094
1120039.1151823942
412545.104470436
522126.0272749993
479485.62922729284
2135450.027014909
421621.60581211175
2277186.847286225
305765.02609495254
914857.820429704
327555.55372006353
682354.8806066317
495880.7621714187
634608.231566484
151862.26943183635
222161.24127039305
709252.7653591825
140156.3745858102
1557491.1720220228
203105.74304196573
379131.4208971683
925301.3940157223
368154.24778799206
919510.0030053621
688359.0919906561
1482908.9136297258
137995.42925322053
2395691.514189205
1043172.1349512028
140304.48606207647
235134.54559741906
790219.4137344039
148941.74119594545
527685.0193222263
1796226.0764252602
1375702.3095989157
451595.7626083076
924979.2875042306
361985.00106222817
264301.1132313894
582448.8781777999
515784.2234895077
3559281.3765228693
4334834.656928918
345972.1483734991
427948.03432112763
1525621.2104523191
368198.050733923
453181.9601958043
1216684.3422498722
1596205.8969609246
1666129.1147405745
629916.3387443884
895911.1658851049
263741.9619897718
118562.18592288937
849710.7829590167
217438.92973584562
251742.83075570842
866117.0878666249
278635.29544676765
415989.16640100075
240617.98862426524
408578.8362071955
554541.9770798417
1418505.3094913652
1515963.5457825605
1584379.1015595894
416927.94317401916
153310.5319850508
1004758.7211858256
591627.0333258152
1020928.2025903076
663107.9104100068
1776615.4090412087
120252.36020022201
167554.3429710717
444692.2634707025
643837.0476974192
409098.055975376
2276234.4650527276
142268.09691097756
24700193.615319032
417953.6621579004
213312.4931248578
419791.1736170005
390626.597026027
1856399.820330296
1862833.101480143
404542.4389850655
841131.3786855565
832684.7106118866
130392.96341021848
668350.8796882326
230216.44816818056
551399.3369363012
280367.61346753384
264384.95826425706
304717.07379760634
1121212.724415542
1545283.8661812881
6350042.278958589
1321462.9799595142
437111.25664666656
1135370.1462581994
477600.44334976794
284091.0850986576
493974.2278884274
636248.1873148958
157762.94658002415
357987.31856503716
408578.8362071955
492628.9465035505
897549.3518175196
359539.225967588
1009591.4249931988
1204557.78426401
848622.8991882335
1263352.1778262225
1371518.9070355177
957733.7146185387
1642035.2822085985
355941.1900452663
353950.14704840846
948099.0575567439
250923.8484030009
1770415.5223759934
2135450.027014909
412545.104470436
1368850.9094197282
1103120.5591570945
437432.92070415895
1004758.7211858256
421246.1835937042
160255.51118509044
551371.1304938458
260100.45496201873
596026.9065083716
1120039.1151823942
522126.0272749993
891418.1561356955
445572.5257023133
151862.26943183635
222161.24127039305
543034.744079502
169448.48854208243
172338.7086790212
195287.1384203048
537867.8768891561
2906086.5373537177
423463.09935720556
200607.75837540798
436087.4180922824
1980653.070819204
457355.18631721835
152014.69483459584
15738995.785861276
614931.527923037
161151.5911471763
238811.22771811663
1043172.1349512028
2003508.032153135
2395691.514189205
465607.6170851946
221586.27229830044
166552.73773015238
348182.5379405107
2956378.0711843497
239640.6077398077
1460037.3602708213
451595.7626083076
962587.9880583779
769190.1282150915
634504.254876648
1081797.4841822458
290099.8316361748
924979.2875042306
771118.8958115475
863223.4387111915
1856399.820330296
1862833.101480143
865757.9258326917
340822.8687296255
3492119.071698862
753127.9419054403
2728661.3774987236
427948.03432112763
404542.4389850655
919745.2779194907
4334834.656928918
709252.7653591825
421044.5351835225
1515565.3371831886
185978.01688849612
199493.5485916664
673353.7070583372
2802083.300277852
234241.23097282884
170209.17758038192
422866.8925931465
997853.8946862224
1456553.0350263198
1008885.1577968134
440386.52237649774
785154.3109638975
1525621.2104523191
889735.0611223518
254597.21211870373
1106521.039368728
375873.7427138095
861295.4454092341
1470891.8630086908
4096704.8083697264
162363.03019726445
1374284.2445311535
1000448.0024841286
554541.9770798417
907881.0951552144
189487.78323795713
263741.9619897718
854455.1065800294
198402.45702938832
866117.0878666249
891705.4193947422
4494826.023076425
1349544.429160197
209027.7685956198
415989.16640100075
1234087.1641774077
201575.40527188085
855352.1820636137
3317858.5640738737
1991085.0299877406
12917123.730464656
3301251.053210083
2287427.4451000635
3154345.2640919248
1121136.4011006625
2442597.1687901802
2080741.6961362476
2789032.013433449
127031.08731002407
1022599.7937996694
538014.8822304241
1525168.801238033
445866.20454434986
1559116.0843344585
479485.62922729284
875458.6191538824
324763.00530347053
1242400.8748242871
524788.2729887979
214819.0489924802
595587.9921410641
529171.66475988
251597.9270709371
469924.7513698815
849710.7829590167
170089.16193307133
373982.1412532947
700667.1667297321
1059854.5311543753
1894050.4434008768
1065484.3158414906
502765.67824105313
520800.656320091
292407.2292425333
1433952.4847419872
643837.0476974192
272535.95645289344
936604.7663358838
879667.3522087402
451786.01782800735
1731026.0550881561
335430.792453635
4735560.819556506
2864310.0307396483
213312.4931248578
155860.9474505258
793356.523202953
1305888.599184093
471794.34074393095
215917.66227274644
3559281.3765228693
485020.39691805805
1478076.2098223525
388775.5907199481
1051658.8451118094
1733324.603614529
1629851.2052028268
5670487.136646039
616999.2260752738
658414.4689989138
877587.0441175234
1725055.1383675793
140906.77656862594
2904354.3299464514
3737792.7609461485
1142275.747052301
595812.0950917106
955424.2153556835
734126.4230649278
184354.87439205768
3631370.406629101
134803.78732925747
458589.3011347706
6350442.699827957
1116863.401602406
178583.61503866565
1326898.527340936
435304.1639000185
515817.62876645493
503484.0023089194
2261813.783080486
116810.17869915435
111941.41489083804
1100796.9013662615
1753966.188816953
24700193.615319032
684277.0113930984
720854.2410613735
417953.6621579004
167610.9770829823
264301.1132313894
1467133.2162846224
1129524.222792425
1068160.4988562672
1353486.6942939756
841131.3786855565
1581714.4223487945
139375.66450404227
299381.7422470264
141610.3890410155
551399.3369363012
668350.8796882326
168197.1180185573
422042.3795654478
4870354.43044378
2147252.4874462825
634332.3614979193
297912.7949693447
1545283.8661812881
409078.80922640645
548841.1785258384
258744.66529465836
589179.5990286777
458378.02935010404
408578.8362071955
176549.21154987632
528300.6940622546
147308.8647115224
454503.0172242195
364651.56070251984
1204557.78426401
1332459.0679771607
1009591.4249931988
1003103.6113879377
762427.6612897639
1764956.7461596082
637805.4041654381
3522840.865140378
652684.247253957
840178.6646115601
2731944.3861735426
492628.9465035505
2442597.1687901802
3874892.663304782
520896.22638394014
1022599.7937996694
1368850.9094197282
437432.92070415895
1125877.2957031806
323237.86636787746
663107.9104100068
152523.95938779213
1120039.1151823942
295135.95366972697
260100.45496201873
595587.9921410641
237465.17203874094
1002175.1216704029
401454.99497793807
151180.77965941187
538014.8822304241
1004758.7211858256
2221940.934798412
4566547.816363237
2175368.226831911
373982.1412532947
167554.3429710717
891418.1561356955
469924.7513698815
185978.01688849612
421044.5351835225
907881.0951552144
4334834.656928918
3287169.9546823055
925301.3940157223
529299.2021251788
632529.8039047641
1214233.1470937405
457453.632332063
1573255.8080171437
1677714.7727122903
1100796.9013662615
489920.46434682497
268627.76027706126
169448.48854208243
9566996.996221706
328820.8615445666
1793310.3045698616
1371213.6137759995
2746846.236870025
240319.55340173625
129605.17406446171
228915.74402373334
221586.27229830044
301893.8854415618
419791.1736170005
349603.8107997677
239640.6077398077
1460037.3602708213
451595.7626083076
819642.4940744695
863223.4387111915
739050.9360771561
1862833.101480143
1073327.1448196133
454605.00287105853
219758.93728118428
485020.39691805805
297406.5169806436
2728661.3774987236
941070.2333238365
183945.27260220412
1856399.820330296
404542.4389850655
250379.96182435926
445572.5257023133
427948.03432112763
1000448.0024841286
1515565.3371831886
157292.50736526656
919745.2779194907
709252.7653591825
889735.0611223518
268463.3886163206
277497.52498756326
309170.37330057827
580880.2681367755
812767.6438333191
232006.6170493554
658414.4689989138
343203.82431336795
385063.0698253072
673353.7070583372
679059.4832198325
903507.3267586168
2967409.55552194
1262156.4458931095
784446.3845650147
861295.4454092341
1471037.8728284603
440087.9765404688
855787.0037314274
1353486.6942939756
4096704.8083697264
1295319.4792757728
955424.2153556835
174111.62185422325
1059854.5311543753
854455.1065800294
469552.20510246936
154197.8734806504
251142.75251915545
435109.3735268258
642925.9242993572
2332557.7530288408
2040883.2276091508
1121212.724415542
3631370.406629101
157762.94658002415
357987.31856503716
534517.3939794437
1991085.0299877406
1535841.897836189
2287427.4451000635
1642035.2822085985
933081.1732989445
155889.92818748008
1485873.3554250475
495880.7621714187
2135450.027014909
583931.0990754607
482537.5663009764
253165.3203634635
1103120.5591570945
875458.6191538824
734126.4230649278
388775.5907199481
696932.6337486256
441857.2394701767
1374284.2445311535
324983.34739512287
24700193.615319032
370575.68791267066
1482908.9136297258
342888.79706586513
284367.8400752208
567331.4417701578
471752.52884099697
148941.74119594545
1234087.1641774077
140304.48606207647
170281.1869687683
793356.523202953
2973463.432367386
5723208.849067835
1932626.9014649969
1847395.8814445056
1547342.3834130394
1478076.2098223525
924979.2875042306
849710.7829590167
1733324.603614529
769962.3210573728
1234822.7439512468
544721.2681113404
586952.7280501921
207103.5361526566
329843.48335045273
538416.4092347904
650294.4425902285
837417.862269417
333349.5994544195
592786.152190486
195288.90823630203
1596205.8969609246
529171.66475988
222161.24127039305
122328.5755919454
1116863.401602406
1321462.9799595142
173527.36134814532
281549.7399401682
1164189.3875027178
2346834.6374513092
2312149.562311048
116810.17869915435
2277186.847286225
1017748.3963108256
421621.60581211175
151862.26943183635
1980653.070819204
256321.89780798194
240448.74996953233
430114.1784882091
2276234.4650527276
2264717.3874509037
545693.0077073066
1731026.0550881561
882878.3514951728
2640715.9021925163
417953.6621579004
636248.1873148958
145805.0741813956
527685.0193222263
1397124.8261101074
172219.35671270956
423182.4729081484
1134843.6259990302
280367.61346753384
668350.8796882326
3559281.3765228693
874144.4201624563
305410.2886010124
866117.0878666249
858726.8893297878
141610.3890410155
2287436.2941800496
2147252.4874462825
1116863.401602406
941718.4284328136
519970.72323090077
493974.2278884274
548841.1785258384
983281.1191517207
190305.88068266603
1135370.1462581994
117030.74201780625
357987.31856503716
841131.3786855565
408578.8362071955
178583.61503866565
350775.98205741786
534517.3939794437
458378.02935010404
961851.3021495405
3154345.2640919248
884699.9346102981
3665824.299554726
1410820.9896584926
519265.67278301343
12917123.730464656
1121136.4011006625
1736530.18283947
1009591.4249931988
3078448.9173217015
2731944.3861735426
583931.0990754607
2090389.405591022
1423542.6482734156
1263352.1778262225
2221940.934798412
298779.0092864776
152523.95938779213
2277186.847286225
324777.8275124472
595587.9921410641
146886.43175568906
421246.1835937042
2330308.9805773892
1004758.7211858256
1782498.9410969235
479485.62922729284
522126.0272749993
551371.1304938458
713798.2059075092
421621.60581211175
4566547.816363237
151862.26943183635
696932.6337486256
421044.5351835225
373982.1412532947
138678.68884164223
404542.4389850655
1710602.3784803883
339934.6423260272
2802712.691091859
341495.0669680647
1433952.4847419872
379762.9133676717
537867.8768891561
292407.2292425333
1111004.2045166527
1214233.1470937405
204410.20804540708
200607.75837540798
451786.01782800735
267600.3820906826
1043172.1349512028
519576.49671752285
335430.792453635
815703.1048916864
2640715.9021925163
562402.2829909367
636248.1873148958
332514.46753073746
206004.36980489123
297370.6782067002
465500.2113768642
652518.216390719
324154.5204409309
1084809.711009492
2458792.091299622
454605.00287105853
1073327.1448196133
920958.4867855761
3492119.071698862
809460.7426425379
220830.33964049342
485020.39691805805
167037.66731338712
919745.2779194907
4334834.656928918
1000448.0024841286
1515565.3371831886
529171.66475988
445572.5257023133
309170.37330057827
422866.8925931465
199493.5485916664
635202.1154470466
254597.21211870373
650294.4425902285
2802083.300277852
1009151.7363313927
2576728.2048134995
1505153.2884446208
285249.20844182983
1492490.254984605
1204521.2818090674
1051396.3592767238
376820.041204816
1262156.4458931095
608932.183533005
1591386.4667735305
3081829.2658763668
633314.4960725256
3737792.7609461485
2967409.55552194
1059854.5311543753
427948.03432112763
345972.1483734991
955424.2153556835
263741.9619897718
532794.2568791631
198402.45702938832
299381.7422470264
264384.95826425706
1034415.8596915217
3631370.406629101
297912.7949693447
4870354.43044378
2332557.7530288408
130668.05918428433
1349544.429160197
412486.47931552853
124752.67044061977
471752.52884099697
176549.21154987632
554541.9770798417
256326.65418847438
585380.025309674
1951976.5209894602
1991085.0299877406
897549.3518175196
2080741.6961362476
1418505.3094913652
1535841.897836189
1096303.5597763527
1156985.1302590873
611062.488926143
1002175.1216704029
646505.3771537083
1559116.0843344585
986868.3149510595
538014.8822304241
1331428.1501587876
803835.3824954156
1103120.5591570945
222161.24127039305
469924.7513698815
170089.16193307133
614931.527923037
240448.74996953233
590973.1969283471
409098.055975376
919510.0030053621
24700193.615319032
925301.3940157223
15738995.785861276
1980653.070819204
370575.68791267066
9667560.153453
790219.4137344039
465607.6170851946
1234087.1641774077
192324.68766798003
144892.18096733635
793356.523202953
2547092.635940269
1807913.4988168152
1862833.101480143
1856399.820330296
924979.2875042306
1374284.2445311535
734126.4230649278
1525621.2104523191
892364.2333997026
689730.5887749917
5670487.136646039
473678.30987295776
207949.72942632114
1495378.373465047
861295.4454092341
948432.6678722174
1142275.747052301
341945.9275933531
895911.1658851049
1106521.039368728
122328.5755919454
162363.03019726445
143325.00890180958
158727.27507150228
2040883.2276091508
4494826.023076425
1324561.2640896246
390357.80622145114
209027.7685956198
3301251.053210083
3874892.663304782
1011989.8575099136
306760.8794338809
935034.386478862
153310.5319850508
258354.31025377443
653880.7534815687
2264717.3874509037
2864310.0307396483
1772552.5751926207
882878.3514951728
492166.47146078036
137734.49200713233
739050.9360771561
849710.7829590167
889735.0611223518
2209301.1301733595
333349.5994544195
914610.8204845939
118562.18592288937
227241.2768633759
866117.0878666249
216422.944739949
234919.51295375839
195540.00088090575
1034415.8596915217
280367.61346753384
2040883.2276091508
422042.3795654478
941718.4284328136
2078575.8838096655
1063846.129909076
2332557.7530288408
153491.9381247645
519970.72323090077
209027.7685956198
273492.9844533831
412486.47931552853
548841.1785258384
3631370.406629101
415989.16640100075
589179.5990286777
841131.3786855565
178583.61503866565
201575.40527188085
155738.05585221975
636248.1873148958
1003103.6113879377
1064457.1588821115
3154345.2640919248
1535841.897836189
2005766.7598195705
520896.22638394014
660360.0498473432
1156985.1302590873
2442597.1687901802
3665824.299554726
530015.4245365484
1155901.1179607979
778275.1467962539
492628.9465035505
503484.0023089194
1508603.3235041758
663107.9104100068
2135450.027014909
583931.0990754607
1022599.7937996694
2221940.934798412
230138.90810480295
634608.231566484
482537.5663009764
611062.488926143
401454.99497793807
1242400.8748242871
262696.44318942184
2175368.226831911
524788.2729887979
154940.6431319782
1103120.5591570945
2169276.741396525
4566547.816363237
891418.1561356955
469924.7513698815
151862.26943183635
734126.4230649278
700667.1667297321
170089.16193307133
404542.4389850655
2276234.4650527276
227730.74160010347
1100796.9013662615
200607.75837540798
748918.766396583
152014.69483459584
174141.8193396756
919510.0030053621
146621.95487760645
537867.8768891561
481091.95847175777
381579.62948880455
459048.6789995457
122278.68890352412
790262.6636128356
1433952.4847419872
1894050.4434008768
2264717.3874509037
632529.8039047641
2276086.2429629616
376786.85715486837
882878.3514951728
567331.4417701578
1772552.5751926207
562402.2829909367
471752.52884099697
432774.9862265099
1234087.1641774077
124223.60607095473
155860.9474505258
192324.68766798003
527685.0193222263
5723208.849067835
451595.7626083076
355121.6546250597
809460.7426425379
999482.4572441524
1081797.4841822458
1862833.101480143
231631.63728494715
1807913.4988168152
595679.2482784202
297406.5169806436
1547342.3834130394
850212.4151807249
454605.00287105853
485297.0412811215
2728661.3774987236
863223.4387111915
388775.5907199481
427948.03432112763
4334834.656928918
709252.7653591825
185978.01688849612
1515565.3371831886
1694520.2817407683
769962.3210573728
650294.4425902285
1436263.2007533407
428136.0772708309
846429.9865541942
666891.223944536
484315.23585667094
629916.3387443884
427559.1172557414
1525621.2104523191
377318.0231810301
633314.4960725256
1495378.373465047
375138.8266209693
335901.78473589174
785154.3109638975
679059.4832198325
440087.9765404688
907881.0951552144
1000448.0024841286
1059854.5311543753
849710.7829590167
955424.2153556835
118094.2908186278
198402.45702938832
369346.77192961005
2576854.3042033003
1567115.6526418338
279530.37988735514
1135370.1462581994
458378.02935010404
1944978.004855505
635529.7526335296
1951976.5209894602
2346834.6374513092
1778994.7054224538
830223.0071732716
595587.9921410641
295135.95366972697
237465.17203874094
261161.68087934394
523167.4533758558
682354.8806066317
152523.95938779213
1770415.5223759934
1120039.1151823942
1011989.8575099136
597364.7767887602
373982.1412532947
263741.9619897718
1374284.2445311535
167554.3429710717
421044.5351835225
345160.2452847804
289196.78302359994
258354.31025377443
545693.0077073066
15738995.785861276
1065484.3158414906
1573255.8080171437
24700193.615319032
543034.744079502
349608.34595326055
2746846.236870025
1731026.0550881561
790219.4137344039
167619.93677646818
1305888.599184093
1478076.2098223525
1856399.820330296
222161.24127039305
919745.2779194907
345972.1483734991
2576728.2048134995
1142275.747052301
2904354.3299464514
1470891.8630086908
1185742.4279437035
749727.0192398076
350775.98205741786
154197.8734806504
774228.2412916404
1116863.401602406
744031.0876797966
495880.7621714187
570293.0076144839
1004758.7211858256
725799.1069575697
241279.5679667212
221160.2997104727
366134.66650817933
876881.993669636
138678.68884164223
2209301.1301733595
469552.20510246936
6350442.699827957
158727.27507150228
251142.75251915545
206274.48797146496
234919.51295375839
1581714.4223487945
874144.4201624563
278635.29544676765
891705.4193947422
548841.1785258384
117030.74201780625
273492.9844533831
3631370.406629101
171268.63368170997
357987.31856503716
532794.2568791631
713893.2229038592
2080741.6961362476
492628.9465035505
1082821.986417629
1156985.1302590873
647762.1677387247
957733.7146185387
1764956.7461596082
778275.1467962539
2330308.9805773892
3522840.865140378
370338.20072854543
1535841.897836189
467291.04393903795
2135450.027014909
168686.472141785
253165.3203634635
2221940.934798412
611062.488926143
1756887.4913473425
1103120.5591570945
202562.4095308232
1776615.4090412087
352370.5862709013
875458.6191538824
551371.1304938458
4566547.816363237
454426.3620688405
412545.104470436
885663.0463532781
301014.7293449493
700667.1667297321
269121.42832678213
111941.41489083804
345160.2452847804
709252.7653591825
4334834.656928918
688359.0919906561
1677714.7727122903
457355.18631721835
267600.3820906826
262881.7208016294
664499.76007831
339934.6423260272
2906086.5373537177
1894050.4434008768
381579.62948880455
459006.3140291125
936604.7663358838
2640715.9021925163
462331.13460686547
3480127.462182787
1371213.6137759995
432774.9862265099
562402.2829909367
118031.6835777266
221586.27229830044
145805.0741813956
349603.8107997677
419791.1736170005
1476397.0968950028
819642.4940744695
1305888.599184093
1932626.9014649969
2369971.663209795
1051845.2288590153
24700193.615319032
1807913.4988168152
865757.9258326917
297406.5169806436
1862833.101480143
194601.44533488696
863223.4387111915
198817.25765373366
803694.5715101378
485297.0412811215
2224123.339149968
9566996.996221706
1847395.8814445056
907881.0951552144
421044.5351835225
5670487.136646039
997853.8946862224
170209.17758038192
892364.2333997026
268463.3886163206
1492490.254984605
1071589.1855103562
2506074.9379350017
948432.6678722174
166622.2030080428
623249.7737234094
484315.23585667094
404542.4389850655
1059854.5311543753
849710.7829590167
250379.96182435926
919745.2779194907
345972.1483734991
955424.2153556835
1034415.8596915217
1134843.6259990302
360986.8248398035
921239.6663021323
1321462.9799595142
153491.9381247645
182991.45239320942
240617.98862426524
415989.16640100075
841131.3786855565
1234087.1641774077
176549.21154987632
3317858.5640738737
1204557.78426401
1410820.9896584926
635529.7526335296
2277186.847286225
524788.2729887979
914857.820429704
519943.1804694442
1559116.0843344585
182033.20764422163
570293.0076144839
445572.5257023133
696932.6337486256
169588.63584636126
891418.1561356955
734126.4230649278
120252.36020022201
388775.5907199481
879667.3522087402
537867.8768891561
590973.1969283471
140156.3745858102
187779.4683466531
2264717.3874509037
15738995.785861276
436087.4180922824
1557491.1720220228
238811.22771811663
1980653.070819204
720854.2410613735
1731026.0550881561
1772552.5751926207
251448.48823267297
417953.6621579004
636248.1873148958
527685.0193222263
206004.36980489123
113698.06788156576
1796226.0764252602
4494826.023076425
884028.1788258582
285021.01279169
264301.1132313894
1525621.2104523191
1234822.7439512468
580880.2681367755
650294.4425902285
635202.1154470466
197689.77425001303
1877320.1515522802
2904354.3299464514
1495378.373465047
1068160.4988562672
189487.78323795713
1374284.2445311535
122328.5755919454
1000448.0024841286
529171.66475988
866117.0878666249
854455.1065800294
2287436.2941800496
390357.80622145114
408578.8362071955
458378.02935010404
471752.52884099697
465607.6170851946
830223.0071732716
646505.3771537083
1515565.3371831886
427948.03432112763
545693.0077073066
379762.9133676717
1100796.9013662615
320028.30505694274
9667560.153453
1465378.8861773913
790219.4137344039
139947.09384414047
739050.9360771561
285640.7802312119
493966.81678393914
335901.78473589174
1185742.4279437035
217438.92973584562
234919.51295375839
1581714.4223487945
168197.1180185573
551399.3369363012
1134843.6259990302
143325.00890180958
6350442.699827957
2040883.2276091508
2332557.7530288408
6350042.278958589
891705.4193947422
1116863.401602406
983281.1191517207
412486.47931552853
519970.72323090077
114263.41347917354
284091.0850986576
1135370.1462581994
1234087.1641774077
201575.40527188085
465607.6170851946
408578.8362071955
528300.6940622546
178583.61503866565
3665824.299554726
520896.22638394014
3317858.5640738737
1326898.527340936
492628.9465035505
1535841.897836189
114050.70371900924
632795.1656908452
713893.2229038592
131255.74870885685
467291.04393903795
1423542.6482734156
1090088.629675161
400702.8231791251
445866.20454434986
530015.4245365484
1120039.1151823942
637805.4041654381
1242400.8748242871
175448.2753861138
1103120.5591570945
305765.02609495254
421246.1835937042
891418.1561356955
151862.26943183635
469924.7513698815
1515565.3371831886
373982.1412532947
170089.16193307133
709252.7653591825
1894050.4434008768
748918.766396583
137995.42925322053
243975.66141146628
200607.75837540798
228701.04322057214
473065.7323109245
339934.6423260272
409098.055975376
423463.09935720556
341495.0669680647
436087.4180922824
1677714.7727122903
184827.0834228125
1482908.9136297258
342888.79706586513
590973.1969283471
936604.7663358838
1433952.4847419872
519576.49671752285
3970859.82961833
1375735.4936488632
720513.2196414117
1772552.5751926207
139947.09384414047
179904.11899958175
155860.9474505258
636248.1873148958
166552.73773015238
301893.8854415618
297370.6782067002
1188523.251329315
2956378.0711843497
1476397.0968950028
355121.6546250597
504961.68805308745
595679.2482784202
755183.3619591965
865757.9258326917
146156.71449734067
803694.5715101378
2369971.663209795
392937.75549137965
1856399.820330296
1862833.101480143
2458792.091299622
231631.63728494715
941070.2333238365
734126.4230649278
1374284.2445311535
222161.24127039305
427948.03432112763
1059854.5311543753
696932.6337486256
849710.7829590167
251597.9270709371
658414.4689989138
440386.52237649774
572862.0061479296
1525621.2104523191
293736.6928969352
343203.82431336795
616999.2260752738
376820.041204816
377318.0231810301
765522.1845608802
812767.6438333191
1008885.1577968134
633314.4960725256
784446.3845650147
3081829.2658763668
2007308.7120071368
557442.9267262634
1666129.1147405745
1295319.4792757728
679059.4832198325
919745.2779194907
180188.61692113272
907881.0951552144
955424.2153556835
217438.92973584562
448988.3811904226
158727.27507150228
216422.944739949
874144.4201624563
3631370.406629101
195540.00088090575
4870354.43044378
415989.16640100075
589179.5990286777
1321462.9799595142
171268.63368170997
157762.94658002415
3301251.053210083
2312149.562311048
435304.1639000185
1778994.7054224538
1410820.9896584926
1096303.5597763527
1776615.4090412087
268811.37868677144
885663.0463532781
713798.2059075092
2135450.027014909
634608.231566484
2221940.934798412
700667.1667297321
131955.37909525272
157292.50736526656
205236.82272960257
345160.2452847804
2802712.691091859
328820.8615445666
9566996.996221706
296714.2976987361
776357.5511632801
2264717.3874509037
370575.68791267066
24700193.615319032
643837.0476974192
258354.31025377443
1980653.070819204
1557491.1720220228
406710.9060356433
379131.4208971683
2864310.0307396483
417953.6621579004
562402.2829909367
1349544.429160197
465500.2113768642
1547342.3834130394
3492119.071698862
317976.7564756804
2728661.3774987236
1000448.0024841286
404542.4389850655
529171.66475988
1051658.8451118094
1535934.8131760424
846429.9865541942
140906.77656862594
629916.3387443884
3563752.3741858127
1262156.4458931095
1248809.8210041728
4334834.656928918
350775.98205741786
458589.3011347706
206274.48797146496
246161.38416801687
866117.0878666249
1063846.129909076
493974.2278884274
357987.31856503716
3154345.2640919248
3874892.663304782
897549.3518175196
1036294.2981455572
1387817.8062347954
484944.1842166783
1559116.0843344585
325437.96887940535
1002175.1216704029
1017748.3963108256
400336.1394272038
1065484.3158414906
256321.89780798194
15738995.785861276
1100796.9013662615
128991.8222079297
444692.2634707025
537867.8768891561
1998875.5387804457
1193628.0643462588
320028.30505694274
1300895.505801973
263741.9619897718
174111.62185422325
3559281.3765228693
142894.1693199895
1135370.1462581994
280367.61346753384
139375.66450404227
858726.8893297878
874144.4201624563
551399.3369363012
4494826.023076425
6350042.278958589
493974.2278884274
412486.47931552853
1034415.8596915217
190305.88068266603
153491.9381247645
548841.1785258384
589179.5990286777
516173.5830088932
256326.65418847438
408578.8362071955
281549.7399401682
1121136.4011006625
702174.2756648536
1764956.7461596082
131138.6090125417
306760.8794338809
261161.68087934394
1423542.6482734156
778275.1467962539
520896.22638394014
1951976.5209894602
957733.7146185387
1155901.1179607979
523167.4533758558
482537.5663009764
4566547.816363237
948099.0575567439
634608.231566484
1485873.3554250475
524788.2729887979
262696.44318942184
327555.55372006353
714083.4781235589
530015.4245365484
1782498.9410969235
1120039.1151823942
1368850.9094197282
583931.0990754607
891418.1561356955
111941.41489083804
157292.50736526656
251597.9270709371
170089.16193307133
709252.7653591825
445572.5257023133
421044.5351835225
469924.7513698815
1214233.1470937405
272535.95645289344
919510.0030053621
643837.0476974192
748918.766396583
238811.22771811663
1111004.2045166527
459048.6789995457
1065484.3158414906
2224123.339149968
15738995.785861276
614931.527923037
9566996.996221706
1573255.8080171437
281961.11154601903
339934.6423260272
1371213.6137759995
118031.6835777266
1234087.1641774077
187416.7666807255
148813.2083091483
179904.11899958175
793356.523202953
419791.1736170005
239640.6077398077
451595.7626083076
771118.8958115475
515784.2234895077
2728661.3774987236
1073327.1448196133
1081797.4841822458
215917.66227274644
2369971.663209795
803694.5715101378
753127.9419054403
1140233.8218455235
3492119.071698862
809460.7426425379
738151.9801640748
340822.8687296255
455322.44203092635
999482.4572441524
297406.5169806436
4334834.656928918
919745.2779194907
955424.2153556835
427948.03432112763
696932.6337486256
734126.4230649278
234241.23097282884
1234822.7439512468
759743.0716490005
769962.3210573728
2576728.2048134995
997853.8946862224
702148.8345598937
760586.3889716696
300714.30307942344
440386.52237649774
1071589.1855103562
1456553.0350263198
191047.87603949505
635202.1154470466
1877320.1515522802
807367.6033853412
1106521.039368728
629916.3387443884
623249.7737234094
484315.23585667094
772718.035178524
552441.5373316564
440087.9765404688
3737792.7609461485
174111.62185422325
345972.1483734991
404542.4389850655
1374284.2445311535
529171.66475988
3559281.3765228693
198402.45702938832
453098.55761693604
941718.4284328136
2576854.3042033003
6350442.699827957
1121212.724415542
3631370.406629101
1349544.429160197
1321462.9799595142
471752.52884099697
147308.8647115224
1009591.4249931988
165043.41652503435
197234.82092523103
1410820.9896584926
1418505.3094913652
2005766.7598195705
1082821.986417629
646505.3771537083
324763.00530347053
1103120.5591570945
663107.9104100068
1331428.1501587876
2261813.783080486
421246.1835937042
1000448.0024841286
289196.78302359994
441857.2394701767
1433952.4847419872
632529.8039047641
451786.01782800735
268627.76027706126
543034.744079502
412889.4442953926
1894050.4434008768
174141.8193396756
1448042.4323497512
156248.5371539141
534517.3939794437
213312.4931248578
562402.2829909367
790219.4137344039
527685.0193222263
1796226.0764252602
471794.34074393095
739050.9360771561
656486.8075374559
388775.5907199481
222161.24127039305
1059854.5311543753
592786.152190486
2802083.300277852
422866.8925931465
545499.6553096119
861778.6051764716
948432.6678722174
1515565.3371831886
1581714.4223487945
273314.343651165
2287436.2941800496
171268.63368170997
470944.3866112723
12917123.730464656
662823.3018749559
2312149.562311048
1004758.7211858256
2221940.934798412
2135450.027014909
600485.7366863348
986868.3149510595
167554.3429710717
925301.3940157223
2276234.4650527276
4735560.819556506
1099843.523611266
5097459.431475371
1305888.599184093
924979.2875042306
876881.993669636
485020.39691805805
1694520.2817407683
4870354.43044378
854455.1065800294
143325.00890180958
435109.3735268258
4494826.023076425
2040883.2276091508
2287436.2941800496
6350442.699827957
279530.37988735514
519970.72323090077
409078.80922640645
589179.5990286777
437111.25664666656
983281.1191517207
1234087.1641774077
471752.52884099697
554541.9770798417
458378.02935010404
907881.0951552144
3154345.2640919248
1096303.5597763527
2442597.1687901802
1508603.3235041758
3522840.865140378
1003103.6113879377
229793.46214484816
713893.2229038592
1204557.78426401
1090088.629675161
1326898.527340936
1449244.8010928535
1736530.18283947
2731944.3861735426
1002175.1216704029
1642035.2822085985
520896.22638394014
421246.1835937042
130894.70624542663
530015.4245365484
158396.4300935244
152523.95938779213
611062.488926143
268811.37868677144
175448.2753861138
703025.7783865097
445866.20454434986
258360.50460976467
2169276.741396525
327555.55372006353
298779.0092864776
421621.60581211175
1242400.8748242871
637805.4041654381
319294.9375531001
361138.9184020635
875458.6191538824
2277186.847286225
167554.3429710717
1000448.0024841286
120252.36020022201
1374284.2445311535
709252.7653591825
1059854.5311543753
891418.1561356955
269835.43846815533
545693.0077073066
372328.4694309044
3287169.9546823055
820344.2261173619
664499.76007831
682824.9879808899
341495.0669680647
1677714.7727122903
1980653.070819204
423463.09935720556
451786.01782800735
481091.95847175777
292407.2292425333
342888.79706586513
1793310.3045698616
2346322.4969471176
24700193.615319032
748918.766396583
381579.62948880455
1573255.8080171437
1043172.1349512028
2395691.514189205
506078.8844013243
1804024.328162953
376786.85715486837
179904.11899958175
367272.87942138297
148813.2083091483
206004.36980489123
419791.1736170005
348182.5379405107
793356.523202953
2956378.0711843497
471170.7018319152
962587.9880583779
1601345.0001628143
1073327.1448196133
2728661.3774987236
2369971.663209795
1862833.101480143
302356.360484332
803694.5715101378
1478076.2098223525
876881.993669636
1043492.582260197
15738995.785861276
734126.4230649278
955424.2153556835
700667.1667297321
445572.5257023133
592786.152190486
997853.8946862224
286992.3665855789
440386.52237649774
877587.0441175234
1505153.2884446208
170209.17758038192
422866.8925931465
427559.1172557414
679059.4832198325
2967409.55552194
1456553.0350263198
3737792.7609461485
217438.92973584562
388775.5907199481
251142.75251915545
195540.00088090575
874144.4201624563
458589.3011347706
4870354.43044378
2576854.3042033003
1321462.9799595142
256326.65418847438
2346834.6374513092
897549.3518175196
1991085.0299877406
2287427.4451000635
1764956.7461596082
1087541.311387681
2175368.226831911
324763.00530347053
848622.8991882335
663107.9104100068
597364.7767887602
1525168.801238033
1756887.4913473425
437432.92070415895
1770415.5223759934
2135450.027014909
600485.7366863348
1776615.4090412087
4334834.656928918
696932.6337486256
121154.96635879754
1065484.3158414906
134037.23577546718
200607.75837540798
614931.527923037
268627.76027706126
339934.6423260272
214220.74057192446
925301.3940157223
2802712.691091859
409098.055975376
368154.24778799206
457355.18631721835
370575.68791267066
1100796.9013662615
2562117.2676215577
2276086.2429629616
1731026.0550881561
146915.52310614314
1976455.2885008287
1772552.5751926207
534517.3939794437
174934.47567942462
1188523.251329315
656486.8075374559
1547342.3834130394
771118.8958115475
9566996.996221706
138678.68884164223
1733324.603614529
366570.48369749147
1051658.8451118094
760586.3889716696
277497.52498756326
2506074.9379350017
545499.6553096119
1374581.7948456842
903507.3267586168
380566.6310574033
1216684.3422498722
197689.77425001303
2626981.023919192
1353486.6942939756
1262156.4458931095
404542.4389850655
299381.7422470264
3631370.406629101
167143.85627321954
420178.652706889
477600.44334976794
201575.40527188085
1410820.9896584926
1515963.5457825605
1371593.0180804008
1060914.6509367023
2312149.562311048
682354.8806066317
614704.7702483948
522126.0272749993
646505.3771537083
1104468.052811968
538014.8822304241
515126.6262330455
919745.2779194907
185978.01688849612
427948.03432112763
2051309.656102696
572799.067066529
172338.7086790212
667446.0612596604
9667560.153453
190512.50670033996
221160.2997104727
247177.81161791275
849710.7829590167
1515565.3371831886
424811.92037407693
1666129.1147405745
2209301.1301733595
841131.3786855565
