# Name                 	     RA	    DEC	      D	   Vlos	  eVlos	   PMRA	  PMDEC	  ePMRA	 ePMDEC	 corrPM	 radius	Nmember
#                      	    deg	    deg	    kpc	   km/s	   km/s	 mas/yr	 mas/yr	 mas/yr	 mas/yr	dimless	 arcmin	dimless
NGC 104 (47 Tuc)       	  6.024	-72.081	    4.5	  -17.2	    0.1	  5.261	 -2.517	  0.002	  0.002	 -0.027	   40.0	  63313
NGC 288                	 13.188	-26.583	    8.9	  -44.8	    0.1	  4.243	 -5.642	  0.005	  0.004	  0.198	    8.0	   6166
NGC 362                	 15.809	-70.849	    8.6	  223.5	    0.3	  6.721	 -2.519	  0.007	  0.005	 -0.040	   12.0	   6388
Whiting 1              	 30.738	 -3.253	   30.1	 -130.6	    1.8	 -0.197	 -1.756	  0.088	  0.064	 -0.073	    3.0	     39
NGC 1261               	 48.068	-55.216	   16.3	   71.5	    0.3	  1.632	 -2.028	  0.006	  0.006	  0.152	    6.0	   1865
Pal 1                  	 53.334	 79.581	   11.1	  -82.8	    3.3	 -0.176	  0.086	  0.037	  0.055	  0.017	    2.0	     56
E 1 (AM 1)             	 58.760	-49.615	  123.3	  116.0	   20.0	  0.337	 -0.385	  0.122	  0.168	 -0.130	    2.5	     37
Eridanus               	 66.185	-21.187	   90.1	  -23.6	    2.1	  0.491	 -0.372	  0.050	  0.056	 -0.317	    4.0	     31
Pal 2                  	 71.525	 31.381	   27.2	 -134.9	    1.2	  1.062	 -1.578	  0.041	  0.025	  0.023	    3.0	    172
NGC 1851               	 78.528	-40.047	   12.1	  320.2	    0.2	  2.138	 -0.628	  0.007	  0.007	 -0.101	   10.0	   4639
NGC 1904 (M 79)        	 81.046	-24.525	   12.9	  205.6	    0.2	  2.475	 -1.574	  0.006	  0.007	 -0.033	    8.0	   2747
NGC 2298               	102.248	-36.005	   10.8	  144.7	    0.4	  3.281	 -2.191	  0.006	  0.006	  0.031	    6.0	   1492
NGC 2419               	114.535	 38.882	   82.6	  -20.6	    0.2	 -0.027	 -0.534	  0.017	  0.011	  0.108	    5.0	    826
Pyxis                  	136.991	-37.221	   39.4	   40.4	    0.2	  1.079	  0.240	  0.041	  0.038	  0.393	    2.0	     59
NGC 2808               	138.013	-64.864	    9.6	  103.7	    0.3	  1.018	  0.270	  0.006	  0.006	 -0.076	   12.0	   8385
E 3 (ESO 37-1)         	140.238	-77.282	    8.1	    4.8	    0.5	 -2.694	  7.115	  0.014	  0.014	 -0.153	    4.0	    338
Pal 3                  	151.383	  0.072	   92.5	   89.9	    1.2	  0.087	 -0.085	  0.133	  0.157	 -0.510	    3.0	     36
NGC 3201               	154.403	-46.412	    4.9	  494.3	    0.1	  8.336	 -1.982	  0.003	  0.003	  0.090	   20.0	  19316
Pal 4                  	172.320	 28.974	  108.7	   72.7	    0.3	 -0.145	 -0.516	  0.085	  0.168	 -0.646	    4.0	     30
Crater (Laevens 1)     	174.067	-10.877	  145.0	  148.2	    1.1	 -0.060	 -0.098	  0.275	  0.168	 -0.167	    3.0	     10
NGC 4147               	182.526	 18.543	   19.3	  179.1	    0.3	 -1.702	 -2.108	  0.016	  0.010	 -0.147	    4.0	    570
NGC 4372               	186.439	-72.659	    5.8	   75.3	    0.3	 -6.384	  3.355	  0.004	  0.004	  0.020	   12.0	  11153
Rup 106                	189.667	-51.150	   21.2	  -38.4	    0.3	 -1.264	  0.391	  0.013	  0.009	  0.606	    3.0	    442
NGC 4590 (M 68)        	189.867	-26.744	   10.3	  -93.2	    0.2	 -2.768	  1.790	  0.006	  0.005	 -0.317	    8.0	   3687
NGC 4833               	194.891	-70.876	    6.6	  202.0	    0.4	 -8.356	 -0.961	  0.005	  0.005	  0.103	   10.0	   5776
NGC 5024 (M 53)        	198.230	 18.168	   17.9	  -63.1	    0.2	 -0.151	 -1.350	  0.006	  0.004	 -0.261	   10.0	   4784
NGC 5053               	199.113	 17.700	   17.4	   42.5	    0.2	 -0.353	 -1.257	  0.009	  0.007	 -0.334	    6.0	   1942
NGC 5139 (omega Cen)   	201.697	-47.480	    5.2	  232.7	    0.2	 -3.215	 -6.761	  0.003	  0.003	 -0.119	   40.0	  68783
NGC 5272 (M 3)         	205.548	 28.377	   10.2	 -147.2	    0.2	 -0.094	 -2.626	  0.004	  0.003	 -0.064	   20.0	  12391
NGC 5286               	206.612	-51.374	   11.7	   62.2	    0.4	  0.221	 -0.163	  0.009	  0.009	 -0.026	    6.0	   2066
NGC 5466               	211.364	 28.534	   16.0	  106.9	    0.1	 -5.405	 -0.800	  0.005	  0.005	  0.099	    8.0	   3030
NGC 5634               	217.405	 -5.976	   25.2	  -16.2	    0.5	 -1.732	 -1.523	  0.011	  0.009	 -0.010	    3.0	    597
NGC 5694               	219.901	-26.539	   35.0	 -139.4	    0.4	 -0.440	 -1.088	  0.024	  0.022	 -0.374	    3.0	    245
IC 4499                	225.077	-82.214	   18.8	   38.7	    0.5	  0.477	 -0.495	  0.006	  0.007	  0.134	    6.0	   1257
NGC 5824               	225.994	-33.068	   32.1	  -25.5	    0.5	 -1.184	 -2.227	  0.014	  0.010	  0.158	    4.0	    894
Pal 5                  	229.022	 -0.112	   23.2	  -58.4	    0.3	 -2.728	 -2.687	  0.022	  0.025	 -0.390	    6.0	    242
NGC 5897               	229.352	-21.010	   12.5	  101.2	    0.2	 -5.408	 -3.457	  0.007	  0.006	 -0.143	    8.0	   3808
NGC 5904 (M 5)         	229.638	  2.081	    7.5	   53.8	    0.2	  4.080	 -9.867	  0.004	  0.004	 -0.037	   20.0	  14254
NGC 5927               	232.003	-50.673	    7.7	 -104.1	    0.3	 -5.064	 -3.207	  0.010	  0.009	 -0.110	    8.0	   3029
NGC 5946               	233.869	-50.660	   10.6	  128.4	    1.8	 -5.294	 -1.626	  0.016	  0.014	 -0.155	    4.0	    468
ESO 224-8 (BH 176)     	234.781	-50.053	   18.9	   -6.0	   14.0	 -3.989	 -3.067	  0.037	  0.030	  0.099	    2.0	    165
NGC 5986               	236.512	-37.786	   10.4	  101.0	    0.4	 -4.186	 -4.573	  0.010	  0.008	 -0.154	    6.0	   2482
BH 184 (Lynga 7)       	242.765	-55.318	    8.0	    8.0	    5.0	 -3.843	 -7.040	  0.014	  0.012	 -0.234	    3.0	    327
Pal 14 (Arp 1)         	242.752	 14.958	   76.5	   72.2	    0.2	 -0.503	 -0.488	  0.051	  0.046	  0.437	    5.0	     80
NGC 6093 (M 80)        	244.260	-22.976	   10.0	   11.2	    0.4	 -2.941	 -5.588	  0.012	  0.010	  0.008	    6.0	   2309
NGC 6121 (M 4)         	245.897	-26.526	    2.2	   71.0	    0.1	-12.484	-18.983	  0.005	  0.004	  0.023	   20.0	  18796
NGC 6101               	246.451	-72.202	   15.4	  361.4	    1.7	  1.760	 -0.216	  0.004	  0.004	  0.044	    6.0	   3216
NGC 6144               	246.808	-26.023	    8.9	  196.0	    0.7	 -1.736	 -2.631	  0.009	  0.007	  0.085	    4.0	   1478
NGC 6139               	246.918	-38.849	   10.1	   25.0	    0.8	 -6.168	 -2.654	  0.015	  0.013	  0.115	    4.0	    869
Terzan 3               	247.167	-35.353	    8.2	 -135.7	    0.6	 -5.606	 -1.701	  0.013	  0.010	  0.114	    4.0	    837
NGC 6171 (M 107)       	248.133	-13.054	    6.4	  -34.7	    0.2	 -1.909	 -5.976	  0.008	  0.006	 -0.040	    6.0	   4274
ESO 452-11 (1636-283)  	249.856	-28.399	    8.3	   16.4	    0.4	 -1.536	 -6.428	  0.026	  0.021	 -0.117	    2.0	    128
NGC 6205 (M 13)        	250.422	 36.460	    7.1	 -244.4	    0.3	 -3.172	 -2.586	  0.004	  0.005	  0.152	   15.0	  16325
NGC 6229               	251.745	 47.528	   30.5	 -138.3	    0.8	 -1.185	 -0.431	  0.010	  0.015	  0.131	    4.0	    418
NGC 6218 (M 12)        	251.809	 -1.949	    4.8	  -41.2	    0.2	 -0.149	 -6.776	  0.005	  0.004	  0.270	   10.0	   9803
2MASS-GC03 (FSR 1735)  	253.044	-47.058	   10.8	    5.0	   10.0	 -5.016	 -0.192	  0.095	  0.088	 -0.260	    2.0	     49
NGC 6235               	253.355	-22.177	   11.5	   87.3	    3.4	 -3.971	 -7.618	  0.013	  0.008	  0.247	    4.0	    797
NGC 6254 (M 10)        	254.288	 -4.100	    4.4	   74.0	    0.2	 -4.728	 -6.551	  0.005	  0.004	  0.142	   15.0	  12933
NGC 6256               	254.886	-37.121	   10.3	  -99.6	    1.1	 -3.649	 -1.507	  0.023	  0.019	 -0.019	    3.0	    229
Pal 15                 	254.963	 -0.539	   45.1	   68.9	    1.1	 -0.569	 -0.856	  0.043	  0.031	  0.097	    4.0	    104
NGC 6266 (M 62)        	255.303	-30.114	    6.8	  -74.5	    0.7	 -5.058	 -3.020	  0.013	  0.011	  0.109	   12.0	   4233
NGC 6273 (M 19)        	255.657	-26.268	    8.8	  145.3	    0.5	 -3.241	  1.671	  0.009	  0.007	  0.152	    8.0	   3717
NGC 6284               	256.119	-24.765	   15.3	   29.0	    0.7	 -3.192	 -2.035	  0.015	  0.013	  0.103	    3.0	    470
NGC 6287               	256.288	-22.708	    9.4	 -288.7	    3.5	 -4.980	 -1.886	  0.011	  0.008	  0.066	    4.0	   1035
NGC 6293               	257.543	-26.582	    9.5	 -142.6	    0.4	  0.882	 -4.314	  0.014	  0.012	  0.106	    4.0	    664
NGC 6304               	258.634	-29.462	    5.9	 -108.2	    0.4	 -4.039	 -1.043	  0.017	  0.014	  0.160	    3.0	    461
NGC 6316               	259.155	-28.140	   10.4	   99.1	    0.8	 -4.942	 -4.598	  0.021	  0.018	  0.117	    3.0	    398
NGC 6341 (M 92)        	259.281	 43.136	    8.3	 -120.7	    0.3	 -4.923	 -0.556	  0.005	  0.006	  0.085	   10.0	   7037
NGC 6325               	259.497	-23.766	    7.8	   29.8	    1.8	 -8.420	 -9.019	  0.023	  0.018	  0.106	    3.0	    331
NGC 6333 (M 9)         	259.797	-18.516	    7.9	  229.1	    7.0	 -2.214	 -3.216	  0.007	  0.006	  0.226	    8.0	   2945
NGC 6342               	260.292	-19.587	    8.5	  116.0	    0.8	 -2.930	 -7.075	  0.015	  0.013	  0.101	    3.0	    496
NGC 6356               	260.896	-17.813	   15.1	   37.6	    1.2	 -3.795	 -3.388	  0.010	  0.009	  0.236	    6.0	   1421
NGC 6355               	260.994	-26.353	    9.2	 -196.4	    1.3	 -4.706	 -0.512	  0.019	  0.015	  0.269	    3.0	    338
NGC 6352               	261.371	-48.422	    5.6	 -140.1	    0.8	 -2.174	 -4.397	  0.007	  0.007	  0.101	    8.0	   4027
IC 1257                	261.785	 -7.093	   25.0	 -140.2	    2.1	 -1.014	 -1.434	  0.048	  0.043	  0.123	    2.0	     71
Terzan 2 (HP 3)        	261.888	-30.802	    7.5	  109.0	   15.0	 -2.253	 -6.196	  0.052	  0.042	  0.259	    3.0	     94
NGC 6366               	261.934	 -5.080	    3.5	 -120.9	    0.2	 -0.345	 -5.141	  0.007	  0.007	  0.200	    8.0	   5141
Terzan 4 (HP 4)        	262.663	-31.596	    7.2	  -50.0	    2.9	 -5.414	 -3.383	  0.065	  0.056	  0.106	    2.0	     42
BH 229 (HP 1)          	262.772	-29.982	    8.2	   40.1	    1.1	  2.463	-10.190	  0.028	  0.024	  0.006	    2.0	    119
NGC 6362               	262.979	-67.048	    7.6	  -14.7	    0.2	 -5.506	 -4.747	  0.003	  0.004	  0.009	    8.0	   8481
Liller 1               	263.352	-33.389	    8.2	   58.2	    2.2	 -5.530	 -7.687	  0.522	  0.327	  0.285	    1.2	     11
NGC 6380 (Ton 1)       	263.617	-39.069	   10.9	   -3.6	    2.5	 -2.099	 -3.135	  0.021	  0.018	 -0.112	    2.0	    290
Terzan 1 (HP 2)        	263.949	-30.481	    6.7	   57.7	    1.2	 -2.985	 -4.740	  0.044	  0.042	  0.232	    2.0	    153
Pismis 26 (Ton 2)      	264.044	-38.553	    8.2	 -183.8	    0.8	 -5.943	 -0.539	  0.019	  0.015	  0.157	    3.0	    335
NGC 6388               	264.072	-44.736	    9.9	   83.4	    0.5	 -1.319	 -2.698	  0.010	  0.009	  0.021	    6.0	   2235
NGC 6402 (M 14)        	264.400	 -3.246	    9.3	  -60.7	    0.4	 -3.625	 -5.067	  0.008	  0.008	  0.119	    8.0	   3674
NGC 6401               	264.652	-23.910	   10.6	  -65.0	    8.6	 -2.827	  1.456	  0.015	  0.013	  0.081	    3.0	    302
NGC 6397               	265.175	-53.674	    2.3	   18.4	    0.1	  3.301	-17.610	  0.004	  0.004	 -0.031	   25.0	  22209
Pal 6                  	265.926	-26.223	    5.8	  181.0	    2.8	 -9.237	 -5.292	  0.025	  0.022	  0.302	    3.0	    198
NGC 6426               	266.228	  3.170	   20.6	 -162.0	   23.0	 -1.848	 -2.999	  0.012	  0.012	  0.406	    3.0	    339
Djorg 1                	266.868	-33.066	      ?	      ?	      ?	 -5.111	 -8.304	  0.063	  0.040	 -0.029	    2.0	     76
Terzan 5 (Terzan 11)   	267.020	-24.779	    6.9	  -82.3	    1.3	 -1.710	 -4.698	  0.048	  0.042	  0.192	    2.0	    542
NGC 6440               	267.220	-20.360	    8.5	  -67.8	    1.0	 -1.140	 -3.861	  0.024	  0.021	  0.269	    3.0	    674
NGC 6441               	267.554	-37.051	   11.6	   17.1	    0.8	 -2.516	 -5.350	  0.012	  0.011	  0.055	    6.0	   1961
Terzan 6 (HP 5)        	267.693	-31.275	    6.8	  136.6	    1.6	 -5.519	 -6.987	  0.163	  0.110	 -0.050	    2.0	     22
NGC 6453               	267.715	-34.599	   11.6	  -83.7	    8.3	  0.173	 -5.886	  0.020	  0.018	 -0.068	    3.0	    126
NGC 6496               	269.765	-44.266	   11.3	 -134.7	    0.3	 -3.038	 -9.221	  0.008	  0.007	  0.053	    6.0	   1317
Terzan 9               	270.412	-26.840	    7.1	   59.0	   10.0	 -2.225	 -7.492	  0.038	  0.029	  0.130	    3.0	    137
ESO 456-38 (Djorg 2)   	270.455	-27.826	    6.3	 -150.0	   28.0	  0.576	 -3.048	  0.048	  0.042	 -0.030	    2.0	     46
NGC 6517               	270.461	 -8.959	   10.6	  -39.6	    8.0	 -1.508	 -4.260	  0.016	  0.015	  0.341	    4.0	    612
Terzan 10              	270.742	-26.067	    5.8	     --	     --	 -7.021	 -2.511	  0.063	  0.053	  0.221	    2.0	     43
NGC 6522               	270.892	-30.034	    7.7	  -14.0	    0.6	  2.666	 -6.404	  0.020	  0.019	  0.022	    3.0	    274
NGC 6535               	270.960	 -0.298	    6.8	 -214.9	    0.4	 -4.237	 -2.916	  0.016	  0.015	  0.111	    3.0	    660
NGC 6528               	271.207	-30.056	    7.9	  211.0	    0.7	 -2.184	 -5.576	  0.030	  0.026	  0.021	    2.0	    144
NGC 6539               	271.207	 -7.586	    7.8	   35.6	    0.5	 -6.847	 -3.480	  0.012	  0.010	  0.128	    5.0	   1019
NGC 6540 (Djorg 3)     	271.536	-27.765	    5.3	  -17.7	    1.4	 -3.729	 -2.732	  0.028	  0.028	  0.126	    2.0	     69
NGC 6544               	271.836	-24.997	    3.0	  -36.4	    1.0	 -2.318	-18.586	  0.012	  0.012	  0.086	    6.0	   2682
NGC 6541               	272.010	-43.715	    7.5	 -163.9	    0.4	  0.351	 -8.830	  0.007	  0.007	 -0.072	   10.0	   4340
ESO 280-06             	272.275	-46.423	   21.4	   93.2	    0.5	 -0.557	 -2.724	  0.054	  0.041	  0.294	    2.0	     57
NGC 6553               	272.323	-25.909	    6.0	    0.5	    0.4	  0.262	 -0.412	  0.013	  0.013	  0.065	    4.0	    961
NGC 6558               	272.573	-31.764	    7.4	 -195.6	    0.7	 -1.765	 -4.112	  0.017	  0.016	  0.096	    2.0	    174
Pal 7 (IC 1276)        	272.684	 -7.208	    5.4	  155.3	    0.9	 -2.573	 -4.378	  0.011	  0.011	  0.134	    6.0	   1621
Terzan 12              	273.066	-22.742	    4.8	   94.1	    1.5	 -6.173	 -2.693	  0.032	  0.028	  0.325	    3.0	    169
NGC 6569               	273.412	-31.827	   10.9	  -49.9	    0.4	 -4.113	 -7.279	  0.010	  0.010	  0.072	    4.0	    802
ESO 456-78 (BH 261)    	273.527	-28.635	    6.5	     --	     --	  3.555	 -3.626	  0.032	  0.030	  0.336	    2.0	     60
NGC 6584               	274.657	-52.216	   13.5	  259.6	    1.6	 -0.037	 -7.213	  0.008	  0.007	 -0.074	    6.0	   1308
NGC 6624               	275.919	-30.361	    7.9	   54.7	    0.4	  0.120	 -6.929	  0.015	  0.013	  0.005	    3.0	    536
NGC 6626 (M 28)        	276.137	-24.870	    5.5	   11.0	    0.6	 -0.293	 -8.969	  0.012	  0.012	 -0.087	    8.0	   1872
NGC 6638               	277.734	-25.497	    9.4	   18.1	    3.9	 -2.535	 -4.085	  0.013	  0.012	  0.224	    3.0	    304
NGC 6637 (M 69)        	277.846	-32.348	    8.8	   39.9	    2.8	 -5.102	 -5.805	  0.010	  0.009	  0.285	    6.0	    867
NGC 6642               	277.975	-23.475	    8.1	  -33.0	    1.0	 -0.178	 -3.914	  0.019	  0.018	  0.076	    2.0	    239
NGC 6652               	278.940	-32.991	   10.0	 -111.7	    5.8	 -5.496	 -4.198	  0.010	  0.009	  0.073	    3.0	    634
NGC 6656 (M 22)        	279.100	-23.905	    3.2	 -147.8	    0.3	  9.845	 -5.584	  0.005	  0.005	  0.097	   20.0	  17895
Pal 8                  	280.375	-19.826	   12.8	  -43.0	   15.0	 -2.022	 -5.649	  0.011	  0.010	  0.287	    3.0	    428
NGC 6681 (M 70)        	280.803	-32.292	    9.0	  217.4	    0.9	  1.413	 -4.722	  0.011	  0.010	  0.157	    6.0	   1517
NGC 6712               	283.268	 -8.706	    6.9	 -107.5	    0.3	  3.329	 -4.395	  0.009	  0.009	  0.098	    4.0	    912
NGC 6715 (M 54)        	283.764	-30.480	   26.5	  142.3	    0.3	 -2.714	 -1.379	  0.007	  0.007	  0.214	    6.0	   2505
NGC 6717 (Pal 9)       	283.775	-22.701	    7.1	   22.8	    3.4	 -3.110	 -4.946	  0.014	  0.014	  0.370	    3.0	    548
NGC 6723               	284.888	-36.632	    8.7	  -94.4	    0.2	  1.019	 -2.442	  0.006	  0.005	  0.111	    8.0	   4078
NGC 6749               	286.314	  1.901	    7.9	  -58.5	    0.9	 -2.840	 -5.952	  0.013	  0.013	  0.217	    3.0	    673
NGC 6752               	287.717	-59.985	    4.0	  -26.2	    0.1	 -3.179	 -4.037	  0.003	  0.003	  0.076	   20.0	  25809
NGC 6760               	287.800	  1.030	    7.4	   -1.6	    1.7	 -1.124	 -3.547	  0.011	  0.012	  0.172	    4.0	   1109
NGC 6779 (M 56)        	289.148	 30.183	    9.4	 -122.0	    0.5	 -2.001	  1.664	  0.007	  0.008	  0.042	    6.0	   2408
Terzan 7               	289.433	-34.658	   22.8	  159.6	    0.1	 -2.988	 -1.592	  0.021	  0.019	  0.283	    3.0	    203
Pal 10                 	289.509	 18.572	    5.9	  -31.7	    0.4	 -4.230	 -6.919	  0.018	  0.017	  0.053	    3.0	    347
Arp 2                  	292.184	-30.356	   28.6	  122.5	    0.3	 -2.384	 -1.519	  0.021	  0.018	  0.149	    4.0	    235
NGC 6809 (M 55)        	294.999	-30.965	    5.4	  174.8	    0.2	 -3.404	 -9.265	  0.004	  0.004	  0.174	   12.0	  12803
Terzan 8               	295.435	-33.999	   26.3	  148.2	    0.2	 -2.438	 -1.571	  0.014	  0.009	 -0.212	    4.0	    379
Pal 11                 	296.310	 -8.007	   13.4	  -67.2	    1.0	 -1.813	 -4.936	  0.021	  0.017	  0.289	    4.0	    319
NGC 6838 (M 71)        	298.444	 18.779	    4.0	  -22.5	    0.2	 -3.398	 -2.614	  0.005	  0.005	  0.070	    6.0	   4413
NGC 6864 (M 75)        	301.520	-21.921	   20.9	 -188.6	    0.9	 -0.555	 -2.776	  0.011	  0.009	  0.141	    4.0	    989
NGC 6934               	308.547	  7.404	   15.6	 -406.1	    0.5	 -2.645	 -4.658	  0.008	  0.007	  0.131	    4.0	   1385
NGC 6981 (M 72)        	313.365	-12.537	   17.0	 -345.0	    3.7	 -1.236	 -3.306	  0.009	  0.006	  0.294	    4.0	   1242
NGC 7006               	315.372	 16.187	   41.2	 -383.2	    0.6	 -0.080	 -0.584	  0.017	  0.020	 -0.091	    3.0	    297
NGC 7078 (M 15)        	322.493	 12.167	   10.4	 -106.5	    0.2	 -0.622	 -3.782	  0.006	  0.006	 -0.037	   10.0	   7403
NGC 7089 (M 2)         	323.363	 -0.823	   11.5	   -3.6	    0.3	  3.531	 -2.139	  0.007	  0.007	  0.027	    8.0	   4272
NGC 7099 (M 30)        	325.092	-23.180	    8.1	 -185.3	    0.1	 -0.705	 -7.215	  0.007	  0.007	  0.269	    8.0	   4133
Pal 12                 	326.662	-21.253	   19.0	   28.2	    0.2	 -3.248	 -3.290	  0.023	  0.021	  0.293	    3.0	    206
Pal 13                 	346.685	 12.772	   26.0	   25.7	    0.3	  1.625	  0.114	  0.076	  0.059	  0.026	    3.0	     56
NGC 7492               	347.111	-15.611	   26.3	 -176.7	    0.2	  0.798	 -2.277	  0.018	  0.015	  0.104	    3.0	    199
