# Name                 	Mass	RA	DEC	D	Vlos	PMRA	PMDEC	rmaxdegr	 radius	Nmember
#                      	[Msun]	    deg	    deg	    kpc	   km/s	 mas/yr	 mas/yr	deg	 arcmin	dimless
NGC 5139 (omega Cen)   	3.55E+06	201.7876	-47.4515	5.2	235.12	-3.1925	-6.7445	1.09	40	68783
NGC 6715 (M 54)        	1.41E+06	283.764	-30.48	26.5	142.3	-2.714	-1.379	0.1	6	2505
NGC 6441               	1.23E+06	267.554	-37.066	11.6	17.1	-2.5394	-5.301	0.12	6	1961
NGC 6388               	1.06E+06	264.0654	-44.7423	9.9	80	-1.3548	-2.7144	0.11	6	2235
NGC 2419               	9.81E+05	114.535	38.882	82.6	-20.6	-0.027	-0.534	0.08	5	826
NGC 104 (47 Tuc)       	7.79E+05	6.0194	-72.0821	4.5	-18.95	5.2477	-2.5189	0.9	40	63313
NGC 5824               	7.79E+05	225.994	-33.068	32.1	-25.5	-1.184	-2.227	0.07	4	894
NGC 6402 (M 14)        	7.74E+05	264.3984	-3.2473	9.3	-60.7	-3.6146	-5.0357	0.2	8	3674
NGC 2808               	7.42E+05	138.0071	-64.8645	9.6	104.61	1.0032	0.2785	0.39	12	8385
NGC 6266 (M 62)        	7.07E+05	255.2821	-30.0938	6.8	-74.86	-5.3269	-2.9818	0.17	12	4233
NGC 6273 (M 19)        	6.80E+05	255.6561	-26.2696	8.8	141.29	-3.2237	1.6059	0.21	8	3717
Liller 1               	6.66E+05	263.352	-33.389	8.2	58.2	-5.53	-7.687	0.02	1.2	11
NGC 6864 (M 75)        	5.86E+05	301.5205	-21.9213	20.9	-185.33	-0.5869	-2.7839	0.05	4	989
NGC 7089 (M 2)         	5.82E+05	323.3497	-0.8177	11.5	-4.79	3.4911	-2.1501	0.2	8	4272
Terzan 5 (Terzan 11)   	5.66E+05	267.02	-24.779	6.9	-82.3	-1.71	-4.698	0.03	2	542
NGC 6284               	5.51E+05	256.1187	-24.7662	15.3	30.29	-3.1882	-2.0479	0.1	3	470
NGC 6205 (M 13)        	4.53E+05	250.4217	36.4596	7.1	-245.62	-3.1762	-2.5876	0.58	15	16325
NGC 7078 (M 15)        	4.53E+05	322.4949	12.1661	10.4	-105.58	-0.6238	-3.796	0.4	10	7403
NGC 6440               	4.42E+05	267.2028	-20.3521	8.5	-72.58	-1.2135	-3.883	0.09	3	674
NGC 6656 (M 22)        	4.16E+05	279.1048	-23.9102	3.2	-147.6	9.8019	-5.5643	0.85	20	17895
NGC 5286               	4.01E+05	206.6136	-51.3723	11.7	56.8	0.1836	-0.1477	0.16	6	2066
NGC 6356               	3.98E+05	260.8898	-17.8128	15.1	37.6	-3.7683	-3.3746	0.09	6	1421
NGC 5272 (M 3)         	3.94E+05	205.5486	28.376	10.2	-146.48	-0.1127	-2.6274	0.47	20	12391
NGC 6522               	3.92E+05	270.8956	-30.035	7.7	-17.26	2.578	-6.3412	0.09	3	274
NGC 5694               	3.83E+05	219.901	-26.539	35	-139.4	-0.44	-1.088	0.05	3	245
NGC 5024 (M 53)        	3.80E+05	198.2262	18.1661	17.9	-64.33	-0.1466	-1.3514	0.26	10	4784
NGC 6316               	3.75E+05	259.1534	-28.1532	10.4	99.1	-4.8215	-4.614	0.1	3	398
NGC 5904 (M 5)         	3.72E+05	229.6394	2.0766	7.5	54.54	4.0613	-9.861	0.56	20	14254
NGC 6626 (M 28)        	3.69E+05	276.1349	-24.843	5.5	14.55	-0.4236	-8.8037	0.19	8	1872
NGC 6139               	3.59E+05	246.918	-38.849	10.1	25	-6.168	-2.654	0.07	4	869
NGC 5927               	3.54E+05	232.0065	-50.6694	7.7	-104.1	-5.047	-3.2325	0.15	8	3029
NGC 362                	3.45E+05	15.8099	-70.8489	8.6	226.93	6.6954	-2.5184	0.39	12	6388
Pal 2                  	3.35E+05	71.525	31.381	27.2	-134.9	1.062	-1.578	0.05	3	172
NGC 1851               	3.02E+05	78.528	-40.0456	12.1	323.36	2.1308	-0.622	0.28	10	4639
NGC 6569               	3.02E+05	273.412	-31.827	10.9	-49.9	-4.113	-7.279	0.07	4	802
NGC 5986               	3.01E+05	236.5211	-37.7826	10.4	98.9	-4.2217	-4.5515	0.16	6	2482
NGC 6229               	2.91E+05	251.745	47.528	30.5	-138.3	-1.185	-0.431	0.07	4	418
NGC 6779 (M 56)        	2.81E+05	289.148	30.184	9.4	-136.67	-2.0092	1.6553	0.12	6	2408
NGC 6304               	2.77E+05	258.637	-29.4816	5.9	-111.7	-3.9478	-1.1248	0.16	3	461
NGC 6541               	2.77E+05	271.9827	-43.7144	7.5	-164.64	0.2762	-8.7659	0.27	10	4340
NGC 6341 (M 92)        	2.68E+05	259.2821	43.1352	8.3	-118.81	-4.9367	-0.5559	0.26	10	7037
NGC 6760               	2.54E+05	287.8	1.03	7.4	-1.6	-1.124	-3.547	0.07	4	1109
NGC 6539               	2.50E+05	271.1924	-7.5896	7.8	35.6	-6.831	-3.4792	0.26	5	1019
NGC 4372               	2.49E+05	186.4587	-72.6562	5.8	77.41	-6.3898	3.3266	0.46	12	11153
NGC 6093 (M 80)        	2.49E+05	244.2564	-22.9723	10	12.01	-2.9469	-5.5613	0.16	6	2309
NGC 4833               	2.47E+05	194.8978	-70.8718	6.6	207.86	-8.3147	-0.9366	0.19	10	5776
NGC 6752               	2.39E+05	287.7175	-59.9833	4	-26.12	-3.1908	-4.0347	0.55	20	25809
NGC 6553               	2.35E+05	272.323	-25.909	6	0.5	0.262	-0.412	0.07	4	961
NGC 7006               	2.29E+05	315.372	16.187	41.2	-383.2	-0.08	-0.584	0.05	3	297
Terzan 1 (HP 2)        	2.23E+05	263.949	-30.481	6.7	57.7	-2.985	-4.74	0.03	2	153
NGC 5634               	2.13E+05	217.4053	-5.9773	25.2	-16.2	-1.7309	-1.5283	0.09	3	597
NGC 5897               	2.03E+05	229.3515	-21.0115	12.5	99.92	-5.4108	-3.4595	0.18	8	3808
NGC 6293               	1.88E+05	257.5413	-26.5799	9.5	-143.65	0.8225	-4.307	0.09	4	664
NGC 6809 (M 55)        	1.88E+05	295.0046	-30.9621	5.4	176.46	-3.4017	-9.2642	0.28	12	12803
NGC 6254 (M 10)        	1.84E+05	254.2861	-4.0981	4.4	76.76	-4.7031	-6.5285	0.47	15	12933
NGC 1904 (M 79)        	1.69E+05	81.0463	-24.5255	12.9	206.43	2.4702	-1.5603	0.14	8	2747
IC 4499                	1.67E+05	225.077	-82.214	18.8	38.7	0.477	-0.495	0.1	6	1257
NGC 1261               	1.67E+05	48.068	-55.216	16.3	71.5	1.632	-2.028	0.1	6	1865
NGC 3201               	1.57E+05	154.3987	-46.4125	4.9	494.62	8.3344	-1.9895	0.98	20	19316
NGC 6723               	1.57E+05	284.888	-36.632	8.7	-94.4	1.019	-2.442	0.13	8	4078
NGC 6355               	1.53E+05	260.994	-26.353	9.2	-196.4	-4.706	-0.512	0.05	3	338
Pal 11                 	1.48E+05	296.31	-8.007	13.4	-67.2	-1.813	-4.936	0.07	4	319
NGC 6362               	1.47E+05	262.9772	-67.0492	7.6	-14.7	-5.5014	-4.7417	0.26	8	8481
NGC 7099 (M 30)        	1.33E+05	325.0888	-23.1792	8.1	-186.48	-0.7017	-7.2218	0.26	8	4133
NGC 6101               	1.27E+05	246.451	-72.202	15.4	361.4	1.76	-0.216	0.1	6	3216
NGC 6712               	1.27E+05	283.268	-8.706	6.9	-107.5	3.329	-4.395	0.07	4	912
NGC 4590 (M 68)        	1.23E+05	189.8651	-26.7454	10.3	-93.2	-2.764	1.7916	0.24	8	3687
NGC 6934               	1.17E+05	308.547	7.404	15.6	-406.1	-2.645	-4.658	0.07	4	1385
Terzan 6 (HP 5)        	1.17E+05	267.693	-31.275	6.8	136.6	-5.519	-6.987	0.03	2	22
NGC 288                	1.16E+05	13.1879	-26.5858	8.9	-49.06	4.2385	-5.647	0.33	8	6166
NGC 6681 (M 70)        	1.13E+05	280.802	-32.2892	9	215.87	1.3853	-4.7174	0.08	6	1517
BH 229 (HP 1)          	1.11E+05	262.772	-29.982	8.2	40.1	2.463	-10.19	0.03	2	119
Arp 2                  	1.09E+05	292.184	-30.356	28.6	122.5	-2.384	-1.519	0.07	4	235
NGC 6496               	1.06E+05	269.7677	-44.266	11.3	-134.7	-3.029	-9.1971	0.13	6	1317
Rup 106                	1.02E+05	189.667	-51.15	21.2	-38.4	-1.264	0.391	0.05	3	442
NGC 6121 (M 4)         	9.69E+04	245.8976	-26.5279	2.2	71.4	-12.4956	-18.9789	1.13	20	18796
NGC 6352               	9.38E+04	261.3739	-48.427	5.6	-123.25	-2.1889	-4.4209	0.18	8	4027
NGC 6584               	9.07E+04	274.657	-52.216	13.5	259.6	-0.037	-7.213	0.1	6	1308
NGC 6528               	8.96E+04	271.2039	-30.055	7.9	211	-2.1879	-5.5718	0.05	2	144
NGC 6397               	8.89E+04	265.1697	-53.6773	2.3	19.18	3.2908	-17.5908	0.76	25	22209
NGC 6642               	8.72E+04	277.975	-23.475	8.1	-33	-0.178	-3.914	0.03	2	239
NGC 6171 (M 107)       	8.70E+04	248.135	-13.057	6.4	-35.01	-1.9359	-5.9487	0.33	6	4274
NGC 6218 (M 12)        	8.65E+04	251.8101	-1.951	4.8	-41	-0.1577	-6.7683	0.38	10	9803
Pismis 26 (Ton 2)      	8.01E+04	264.044	-38.553	8.2	-183.8	-5.943	-0.539	0.05	3	335
NGC 6624               	7.31E+04	275.919	-30.361	7.9	54.7	0.12	-6.929	0.05	3	536
NGC 6256               	7.23E+04	254.886	-37.121	10.3	-99.6	-3.649	-1.507	0.05	3	229
NGC 6544               	6.34E+04	271.8438	-25.0186	3	-27.06	-2.328	-18.5574	0.25	6	2682
Pal 3                  	6.15E+04	151.383	0.072	92.5	89.9	0.087	-0.085	0.05	3	36
NGC 6749               	5.68E+04	286.314	1.901	7.9	-58.5	-2.84	-5.952	0.05	3	673
NGC 5053               	5.66E+04	199.1124	17.7008	17.4	42.5	-0.3591	-1.2586	0.13	6	1942
Pal 7 (IC 1276)        	5.46E+04	272.684	-7.208	5.4	155.3	-2.573	-4.378	0.1	6	1621
Terzan 3               	5.46E+04	247.167	-35.353	8.2	-135.7	-5.606	-1.701	0.07	4	837
NGC 6838 (M 71)        	4.91E+04	298.4427	18.779	4	-21.01	-3.3842	-2.6528	0.19	6	4413
NGC 6366               	4.73E+04	261.9393	-5.0752	3.5	-120.9	-0.3835	-5.1309	0.36	8	5141
NGC 6342               	4.64E+04	260.2983	-19.605	8.5	118.97	-2.9475	-7.0059	0.13	3	496
NGC 6144               	4.63E+04	246.8061	-26.0301	8.9	195.85	-1.7646	-2.6371	0.17	4	1478
NGC 5466               	4.56E+04	211.3614	28.5331	16	109.41	-5.4044	-0.7907	0.15	8	3030
Pyxis                  	4.49E+04	136.991	-37.221	39.4	40.4	1.079	0.24	0.03	2	59
Terzan 8               	4.39E+04	295.435	-33.999	26.3	148.2	-2.438	-1.571	0.07	4	379
NGC 4147               	3.29E+04	182.526	18.543	19.3	179.1	-1.702	-2.108	0.07	4	570
NGC 7492               	3.07E+04	347.111	-15.611	26.3	-176.7	0.798	-2.277	0.05	3	199
E 3 (ESO 37-1)         	3.06E+04	140.238	-77.282	8.1	4.8	-2.694	7.115	0.07	4	338
Pal 4                  	2.98E+04	172.32	28.974	108.7	72.7	-0.145	-0.516	0.07	4	30
NGC 6558               	2.93E+04	272.573	-31.764	7.4	-195.6	-1.765	-4.112	0.03	2	174
Pal 13                 	2.74E+04	346.685	12.772	26	25.7	1.625	0.114	0.05	3	56
ESO 280-06             	2.27E+04	272.275	-46.423	21.4	93.2	-0.557	-2.724	0.03	2	57
Pal 14 (Arp 1)         	2.27E+04	242.752	14.958	76.5	72.2	-0.503	-0.488	0.08	5	80
NGC 6535               	2.00E+04	270.959	-0.2953	6.8	-211.4	-4.2101	-2.9461	0.11	3	660
Terzan 7               	1.66E+04	289.433	-34.658	22.8	159.6	-2.988	-1.592	0.05	3	203
Pal 5                  	1.39E+04	229.022	-0.112	23.2	-58.4	-2.728	-2.687	0.1	6	242
Pal 12                 	1.19E+04	326.662	-21.253	19	28.2	-3.248	-3.29	0.05	3	206
NGC 2298               	1.16E+04	102.2464	-36.0046	10.8	147.41	3.2762	-2.1913	0.16	6	1492
ESO 452-11 (1636-283)  	1.06E+04	249.856	-28.399	8.3	16.4	-1.536	-6.428	0.03	2	128
2MASS-GC03 (FSR 1735)  	3.55E+06	253.044	-47.058	10.8	5	-5.016	-0.192	0.03	2	49
BH 184 (Lynga 7)       	3.55E+06	242.765	-55.318	8	8	-3.843	-7.04	0.05	3	327
Crater (Laevens 1)     	3.55E+06	174.067	-10.877	145	148.2	-0.06	-0.098	0.05	3	10
E 1 (AM 1)             	3.55E+06	58.76	-49.615	123.3	116	0.337	-0.385	0.04	2.5	37
Eridanus               	3.55E+06	66.185	-21.187	90.1	-23.6	0.491	-0.372	0.07	4	31
ESO 224-8 (BH 176)     	3.55E+06	234.781	-50.053	18.9	-6	-3.989	-3.067	0.03	2	165
ESO 456-38 (Djorg 2)   	3.55E+06	270.455	-27.826	6.3	-150	0.576	-3.048	0.03	2	46
IC 1257                	3.55E+06	261.785	-7.093	25	-140.2	-1.014	-1.434	0.03	2	71
NGC 5946               	3.55E+06	233.8711	-50.6617	10.6	131.88	-5.1909	-1.6522	0.09	4	468
NGC 6235               	3.55E+06	253.3557	-22.1798	11.5	87.3	-3.9442	-7.5615	0.15	4	797
NGC 6287               	3.55E+06	256.2882	-22.7183	9.4	-292.45	-4.8866	-1.9208	0.13	4	1035
NGC 6325               	3.55E+06	259.4962	-23.7668	7.8	29.8	-8.3777	-9.0067	0.09	3	331
NGC 6333 (M 9)         	3.55E+06	259.8021	-18.5146	7.9	229.1	-2.2028	-3.2084	0.09	8	2945
NGC 6380 (Ton 1)       	3.55E+06	263.6202	-39.0694	10.9	-3.6	-2.0984	-3.1922	0.07	2	290
NGC 6401               	3.55E+06	264.6581	-23.9173	10.6	-65	-2.8193	1.4424	0.11	3	302
NGC 6426               	3.55E+06	266.228	3.17	20.6	-162	-1.848	-2.999	0.05	3	339
NGC 6453               	3.55E+06	267.7197	-34.6002	11.6	-94.94	0.0699	-5.8521	0.07	3	126
NGC 6517               	3.55E+06	270.4528	-8.9568	10.6	-32.45	-1.5209	-4.2622	0.08	4	612
NGC 6540 (Djorg 3)     	3.55E+06	271.536	-27.765	5.3	-17.7	-3.729	-2.732	0.03	2	69
NGC 6637 (M 69)        	3.55E+06	277.8342	-32.3565	8.8	47.19	-5.0669	-5.8017	0.1	6	867
NGC 6638               	3.55E+06	277.734	-25.497	9.4	18.1	-2.535	-4.085	0.05	3	304
NGC 6652               	3.55E+06	278.94	-32.991	10	-111.7	-5.496	-4.198	0.05	3	634
NGC 6717 (Pal 9)       	3.55E+06	283.775	-22.701	7.1	22.8	-3.11	-4.946	0.05	3	548
NGC 6981 (M 72)        	3.55E+06	313.3662	-12.5386	17	-345	-1.2488	-3.3117	0.18	4	1242
Pal 1                  	3.55E+06	53.334	79.581	11.1	-82.8	-0.176	0.086	0.03	2	56
Pal 10                 	3.55E+06	289.509	18.572	5.9	-31.7	-4.23	-6.919	0.05	3	347
Pal 15                 	3.55E+06	254.963	-0.539	45.1	68.9	-0.569	-0.856	0.07	4	104
Pal 6                  	3.55E+06	265.926	-26.223	5.8	181	-9.237	-5.292	0.05	3	198
Pal 8                  	3.55E+06	280.375	-19.826	12.8	-43	-2.022	-5.649	0.05	3	428
Terzan 12              	3.55E+06	273.066	-22.742	4.8	94.1	-6.173	-2.693	0.05	3	169
Terzan 2 (HP 3)        	3.55E+06	261.888	-30.802	7.5	109	-2.253	-6.196	0.05	3	94
Terzan 4 (HP 4)        	3.55E+06	262.663	-31.596	7.2	-50	-5.414	-3.383	0.03	2	42
Terzan 9               	3.55E+06	270.412	-26.84	7.1	59	-2.225	-7.492	0.05	3	137
Whiting 1              	3.55E+06	30.738	-3.253	30.1	-130.6	-0.197	-1.756	0.05	3	39
