Cluster	Mass	RA	DEC	NMem	<RV>	ERV	R_Sun	R_GC		DM	V	M/L_V	DM/L	rc	"rh,m"	"rh,l"	rho_c	"rho_h,m"	lg Trh	MF	sig0	vesc	etac	etah
Name	[Msun]				[km/s]	[km/s]	[kpc]	[kpc]		[Msun]	[mag]	[Ms/Ls]	[Ms/Ls]	[pc]	[pc]	[pc]	[Ms/pc3]	[Ms/pc3]	[yr]	Slope	[km/s]	[km/s]		
Arp 2	1.09E+05	292.18381	-30.35564	65	122.5	0.3	32.36	24.71		3.12E+04	12.60   0.21	10.03	3.47	11.21	23.58	16.74	0.4	-0.04	10.32	-1.5	2	6.9	-0.19	-0.04
E 3	3.06E+04	140.23779	-77.28189	35	4.8	0.5	8.09	9.4		1.69E+04	11.35   0.20	8.08	4.7	2.77	8.23	5.45	1.69	0.95	9.26	-0.55	1.8	6.5	-0.29	-0.1
ESO 452	1.06E+04	249.85417	-28.39917	13	16.4	0.4	7.8	2.17		5.68E+03	12.05   0.20	3.38	1.91	0.16	5.21	3.66	4.06	1.02	8.73	-0.05	1.6	6.3	-0.33	-0.12
ESO 452	2.27E+04	272.275	-46.42333	13	93.2	0.5	22.9	15.05		1.68E+04	12.00   0.20	2.61	2	2.6	9.86	7.49	1.42	0.47	9.26	0	1.4	5.3	-0.3	-0.06
HP 1	1.11E+05	262.77167	-29.98167	24	40.1	1.1	6.8	1.76		3.79E+04	11.59   0.20	5.04	1.95	0.27	3.86	2.55	5.16	2.41	8.95	-0.26	5.5	21.3	-0.36	-0.1
IC 1276	5.46E+04	272.68417	-7.20761	16	155.3	0.9	4	5.04		2.60E+04	10.08   0.23	1.99	1.04	1.05	4.6	3.16	3.38	2.29	8.9	-0.21	3.3	12.3	-0.34	-0.11
IC 4499	1.67E+05	225.07688	-82.21369	37	38.7	0.5	18.2	15.09		4.66E+04	9.66   0.22	2.25	0.78	5.3	14.84	9.83	1.47	0.8	10.06	-1.31	3.1	11.2	-0.24	-0.04
Lil 1	6.66E+05	263.35233	-33.38956	64	58.2	2.2	8.1	0.85		1.17E+05	15.40   0.10	1.48	0.29	0.06	1.57	1.11	7.85	4.91	8.61	0.07	23.2	94.3	-0.33	-0.1
NGC 104	7.79E+05	6.02363	-72.08128	2896	-17.2	0.1	4.41	7.78		4.71E+03	4.07   0.11	1.77	0.16	0.49	5.62	3.57	5.31	2.72	9.58	-0.53	12.2	49.9	-0.41	-0.04
NGC 1261	1.67E+05	48.06754	-55.21622	231	71.5	0.3	15.49	17.62		1.73E+04	8.57   0.18	2.12	0.38	1.19	4.72	3.08	3.33	2.33	9.19	-0.53	5.6	21.2	-0.35	-0.1
NGC 1851	3.02E+05	78.52816	-40.04655	586	320.2	0.2	11.4	16.45		4.34E+03	7.24   0.09	2.02	0.15	0.15	3.09	1.65	6.57	3.32	9.02	-0.54	10.2	42.9	-0.41	-0.12
NGC 1904	1.69E+05	81.0462	-24.52472	412	205.6	0.2	13.27	19.54		1.09E+04	7.99   0.19	1.72	0.29	0.43	4.18	2.59	4.31	2.45	9.1	-0.4	6.5	26.2	-0.36	-0.11
NGC 2298	1.16E+04	102.24754	-36.00531	39	144.7	0.4	10.8	16.18		7.44E+03	9.42   0.13	0.46	0.3	0.86	4.03	2.95	2.91	1.76	8.52	0.15	1.6	6.1	-0.34	-0.1
NGC 2419	9.81E+05	114.53529	38.88244	195	-20.6	0.2	83.2	90.96		1.42E+05	10.48   0.15	2.23	0.32	8.94	24.2	18.29	3	0.92	10.74	-1.5	7.1	22.2	0	0
NGC 2808	7.42E+05	138.01291	-64.8635	2047	103.7	0.3	9.8	11.57		5.27E+03	6.33   0.09	1.64	0.12	0.68	3.22	2.06	4.6	3.43	9.21	-0.5	14.4	55.6	-0.36	-0.11
NGC 288	1.16E+05	13.1885	-26.58261	584	-44.8	0.1	9.8	13.03		3.41E+03	8.16   0.07	2.39	0.17	4.77	9.54	6.99	1.62	1.22	9.58	-0.45	3.3	11	-0.18	-0.07
NGC 3201	1.57E+05	154.40343	-46.41248	690	494.3	0.1	4.7	9.19		6.21E+03	6.88   0.20	2.53	0.43	1.92	6.17	3.77	2.69	1.89	9.43	-0.95	4.7	17.3	-0.36	-0.11
NGC 362	3.45E+05	15.80942	-70.84878	487	223.5	0.3	9.4	10.14		5.01E+03	6.55   0.16	1.65	0.25	0.47	4.21	2.32	4.5	2.75	9.3	-0.89	8.8	35.4	-0.39	-0.11
NGC 4147	3.29E+04	182.52626	18.54264	30	179.1	0.3	18.2	20.58		8.98E+03	10.38   0.11	1.51	0.44	0.27	3.47	2.49	4.7	2.63	8.59	0.01	3.1	11.9	-0.33	-0.1
NGC 4372	2.49E+05	186.43918	-72.659	214	75.3	0.3	6.3	7.59		2.47E+04	7.23   0.01	1.89	0.19	4.82	9.19	6.34	1.98	1.61	9.77	-1.03	4.9	16.4	-0.18	-0.08
NGC 4590	1.23E+05	189.86658	-26.74406	252	-93.2	0.2	10.59	10.6		1.25E+04	8.15   0.22	2.02	0.41	1.99	7.71	4.51	2.44	1.44	9.55	-1.04	3.7	14.1	-0.39	-0.09
NGC 4833	2.47E+05	194.89134	-70.8765	134	202	0.4	9	8.33		3.18E+04	6.91   0.20	0.84	0.19	2.34	9.04	6.75	2.6	1.65	9.63	-0.1	4.8	17.9	-0.28	-0.03
NGC 5024	3.80E+05	198.23021	18.16816	273	-63.1	0.2	17.9	18.56		3.61E+04	7.71   0.10	1.59	0.2	2.16	9.92	6.23	2.81	1.63	9.92	-1.1	5.9	22.4	-0.32	-0.03
NGC 5053	5.66E+04	199.11288	17.70025	56	42.5	0.2	17.2	17.8		1.33E+04	7.71   0.10	1.66	0.5	11	19.01	13.41	0.32	0.04	10	-1.11	1.6	5.3	-0.1	-0.07
NGC 5139	3.55E+06	201.69684	-47.47958	5096	232.7	0.2	5.2	6.74		3.32E+04	3.53   0.11	2.9	0.27	4.22	10.04	7.04	3.22	2.44	10.39	0	17.6	62.1	-0.08	-0.03
NGC 5272	3.94E+05	205.54842	28.37728	731	-147.2	0.2	10.06	12.19		2.32E+04	6.40   0.16	1.56	0.22	1.04	5.44	3.36	3.8	2.42	9.47	-0.75	8.1	31.7	-0.39	-0.08
NGC 5286	4.01E+05	206.61171	-51.37425	1024	62.2	0.4	11.7	8.9		1.94E+04	7.20   0.12	1.41	0.14	0.77	4.26	2.64	4.12	2.79	9.3	-0.67	9.3	36	-0.39	-0.11
NGC 5466	4.56E+04	211.36371	28.53445	84	106.9	0.1	16.9	17.25		1.13E+04	9.46   0.30	1.13	0.39	8.16	15.68	10.72	0.57	0.2	9.83	-1.04	1.6	5.3	-0.16	-0.08
NGC 5634	2.13E+05	217.40512	-5.97642	49	-16.2	0.5	27.2	22.91		4.68E+04	9.65   0.27	2.32	0.74	0.88	7.5	4.69	4.22	2.11	9.56	-0.83	5.3	21.7	-0.35	-0.03
NGC 5694	3.83E+05	219.9012	-26.53894	89	-139.4	0.4	37.33	31.41		3.81E+04	10.02   0.14	2.78	0.32	0.04	5.93	3.31	6.65	2.39	9.53	-0.8	8.9	35.2	-0.37	-0.08
NGC 5824	7.79E+05	225.99429	-33.06822	191	-25.5	0.5	31.8	25.28		4.25E+04	8.83   0.19	2.3	0.34	0.08	6.74	3.74	6.54	2.5	9.78	-1.04	11.9	48.6	-0.39	-0.05
NGC 5897	2.03E+05	229.35208	-21.01028	241	101.2	0.2	13.43	8.01		2.13E+04	8.69   0.10	3.05	0.43	5.85	11.59	8.02	1.59	1.2	9.92	-1.17	3.9	13.2	-0.22	-0.08
NGC 5904	3.72E+05	229.63841	2.08103	889	53.8	0.2	7.5	6.44		6.33E+03	5.83   0.16	1.52	0.2	1.2	5.58	3.61	3.66	2.41	9.45	-0.52	7.7	29.9	-0.34	-0.08
NGC 5927	3.54E+05	232.00287	-50.67303	386	-104.1	0.3	8.4	4.9		3.08E+03	7.74   0.39	2.61	0.36	1.46	7.21	4.98	3.28	2.23	9.54	-0.3	6.5	24.9	-0.3	-0.04
NGC 5986	3.01E+05	236.5125	-37.78641	231	101	0.4	9	4.02		3.05E+04	7.74   0.15	2.45	0.38	1.09	3.73	2.44	4.13	3.27	9.12	-0.57	8.3	31.1	-0.38	-0.12
NGC 6093	2.49E+05	244.26004	-22.97608	455	11.2	0.4	10.5	3.95		1.22E+04	7.35   0.13	1.43	0.15	0.19	3.02	1.83	5.48	3.15	8.94	-0.31	9.5	40.2	-0.43	-0.12
NGC 6101	1.27E+05	246.45048	-72.20219	0	361.4	1.7	16.07	11.66		1.06E+04	8.70   0.20	3	1.7	5.45	14.97	10.32	1.32	0.66	9.98	-1.02	2.7	9.6	-0.3	-0.03
NGC 6121	9.69E+04	245.89674	-26.52575	2981	71	0.1	2.14	6.5		2.57E+03	5.63   0.09	1.71	0.1	0.66	4.2	2.82	3.63	2.17	8.99	-0.19	4.6	18.4	-0.38	-0.11
NGC 6139	3.59E+05	246.91821	-38.84875	56	25	0.8	10.4	3.63		7.29E+04	8.95   0.13	1.9	0.4	0.41	4.29	2.62	4.84	2.71	9.28	-0.57	9.2	37.8	-0.39	-0.11
NGC 6144	4.63E+04	246.80777	-26.0235	19	196	0.7	12.02	4.69		2.66E+04	9.01   0.25	0.54	0.32	2.72	7.91	5.9	1.77	1.05	9.25	0.12	2.2	8	-0.25	-0.08
NGC 6171	8.70E+04	248.13275	-13.05378	392	-34.7	0.2	6.09	3.77		7.02E+03	8.18   0.31	2.16	0.61	0.88	4.27	3.11	3.31	2.12	8.95	0.08	4.3	16.4	-0.32	-0.1
NGC 6205	4.53E+05	250.42181	36.45986	386	-244.4	0.3	6.6	8.49		3.40E+04	5.80   0.10	2.61	0.26	1.58	4.56	3.08	3.58	2.87	9.36	-0.62	9.2	33.4	-0.32	-0.11
NGC 6218	8.65E+04	251.80907	-1.94853	469	-41.2	0.2	5.22	4.79		6.02E+03	6.92   0.28	1.27	0.3	0.71	4.05	2.82	4.05	2.51	8.91	-0.25	4.5	16.9	-0.32	-0.11
NGC 6229	2.91E+05	251.74496	47.52775	21	-138.3	0.8	30.62	29.97		9.37E+04	9.59   0.18	2.42	0.88	1.16	5.01	3.18	3.56	2.46	9.35	-0.63	7.1	27.3	-0.37	-0.1
NGC 6254	1.84E+05	254.28772	-4.10031	400	74	0.2	4.71	4.83		4.31E+03	6.42   0.38	1.94	0.07	0.81	4.39	2.78	3.78	2.49	9.15	-0.5	6.2	24.1	-0.35	-0.09
NGC 6256	7.23E+04	254.88592	-37.12139	15	-99.6	1.1	6.4	2.65		3.32E+04	10.95   0.47	2.23	1.43	0.05	4.38	2.93	5.98	1.99	8.96	-0.26	4.5	17.7	-0.37	-0.13
NGC 6266	7.07E+05	255.30333	-30.11372	239	-74.5	0.7	6.47	2.38		5.13E+03	6.45   0.12	2.57	0.21	0.39	2.95	1.83	5.13	3.52	9.13	-0.43	15.2	60.9	-0.37	-0.11
NGC 6273	6.80E+05	255.65749	-26.26797	296	145.3	0.5	8.24	1.47		5.89E+04	6.80   0.05	2.09	0.2	1.11	4.97	3.13	4.04	2.82	9.53	-0.81	11	42.5	-0.34	-0.08
NGC 6284	5.51E+05	256.11879	-24.76486	56	29	0.7	15.3	7.09		1.13E+05	8.71   0.20	3.42	1.11	0.63	6.77	3.91	4.17	2.38	9.67	-0.94	8.9	36.2	-0.38	-0.05
NGC 6293	1.88E+05	257.5425	-26.58208	0	-142.6	0.4	9.5	1.63		1.81E+04	8.11   0.16	1.67	0.29	0.11	4.37	2.76	5.55	2.34	9.17	-0.46	7.5	29.9	-0.34	-0.13
NGC 6304	2.77E+05	258.6344	-29.46203	193	-108.2	0.4	9.4	1.39		2.92E+04	8.10   0.17	1.37	0.26	1.02	6.68	4.45	3.39	2.03	9.49	-0.66	5.7	23	-0.38	-0.06
NGC 6316	3.75E+05	259.15542	-28.14011	70	99.1	0.8	11.6	3.29		6.86E+04	8.69   0.33	2.1	0.75	0.59	4.49	2.72	4.4	2.69	9.32	-0.61	9	35.9	-0.38	-0.08
NGC 6341	2.68E+05	259.28076	43.13594	422	-120.7	0.3	8.1	9.81		3.19E+03	6.51   0.06	1.81	0.09	0.61	4.14	2.28	4.94	2.67	9.24	-0.82	8	31.9	-0.35	-0.12
NGC 6342	4.64E+04	260.292	-19.58742	19	116	0.8	8.43	1.61		1.60E+04	10.34   0.96	2.82	1.44	0.07	2.88	2.1	6.69	2.96	8.53	0.14	4.5	17	-0.34	-0.12
NGC 6352	9.38E+04	261.37128	-48.42217	33	-140.1	0.8	5.89	3.57		3.49E+04	7.91   0.06	2.47	0.95	0.57	4.71	3.23	3.64	1.97	9.08	-0.37	4.4	16.8	-0.33	-0.12
NGC 6355	1.53E+05	260.99412	-26.35342	10	-196.4	1.3	8.7	0.84		7.73E+04	9.28   0.20	1.22	0.66	0.33	4.22	2.64	4.82	2.41	9.09	-0.39	6.2	24.6	-0.37	-0.11
NGC 6356	3.98E+05	260.89554	-17.81303	20	37.6	1.2	15.1	7.03		1.54E+05	8.20   0.11	1.62	0.65	1.14	5.89	3.71	3.76	2.42	9.54	-0.81	7.8	30.7	-0.35	-0.06
NGC 6362	1.47E+05	262.97909	-67.04833	374	-14.7	0.2	8	5.42		4.38E+03	7.67   0.10	2.6	0.14	2.85	8.07	5.77	2.22	1.53	9.51	-0.39	3.9	14.2	-0.27	-0.07
NGC 6366	4.73E+04	261.93436	-5.07986	220	-120.9	0.2	3.3	5.66		5.59E+03	8.76   0.33	2.34	0.73	1.38	4.54	3.31	2.65	1.83	8.89	-0.16	3	11.2	-0.32	-0.11
NGC 6388	1.06E+06	264.07178	-44.7355	481	83.4	0.5	11	3.66		9.25E+03	6.76   0.13	1.93	0.16	0.35	3.2	1.96	5.55	3.59	9.28	-0.57	18.2	74.2	-0.4	-0.09
NGC 6397	8.89E+04	265.17539	-53.67433	2945	18.4	0.1	2.48	6.33		1.57E+03	5.77   0.18	2.18	0.34	0.08	4	2.19	5.99	2.67	8.96	-0.75	5.2	21.9	-0.38	-0.12
NGC 6402	7.74E+05	264.40039	-3.24592	333	-60.7	0.4	9.3	4.04		6.13E+04	7.66   0.08	2.2	0.23	2.28	5.33	3.57	3.32	2.79	9.6	-0.87	11.1	39	-0.25	-0.09
NGC 6440	4.42E+05	267.21958	-20.36025	164	-67.8	1	8.24	1.28		6.45E+04	9.37   0.14	2.04	0.4	0.21	1.79	1.25	6.21	4.48	8.63	0.05	15.8	61.7	-0.37	-0.12
NGC 6441	1.23E+06	267.55441	-37.05145	326	17.1	0.8	12	3.78		1.12E+04	7.16   0.11	2.05	0.13	0.42	3.37	2.03	5.4	3.59	9.35	-0.63	18.8	75.8	-0.38	-0.09
NGC 6496	1.06E+05	269.76535	-44.26595	120	-134.7	0.3	11.69	4.18		1.63E+04	9.18   0.59	2.79	1.65	3.07	7.73	5.05	2.06	1.47	9.47	-0.75	3.4	12.2	-0.28	-0.1
NGC 6522	3.92E+05	270.89175	-30.03397	158	-14	0.6	7.7	0.98		5.43E+04	8.06   0.30	3.31	1.03	0.15	7.78	4.34	5.58	2.01	9.75	-1.01	8.2	33.3	-0.39	-0.03
NGC 6528	8.96E+04	271.20683	-30.05628	50	211	0.7	7.45	1.21		1.85E+04	9.35   0.31	2.26	0.75	0.11	2.8	1.97	5.94	3.02	8.65	0.03	6.4	26.3	-0.34	-0.12
NGC 6535	2.00E+04	270.96045	-0.29764	30	-214.9	0.4	7.28	4.12		5.61E+03	11.14   0.57	4.8	2.65	0.2	2.94	2.22	5.04	2.37	8.39	0.82	2.8	11.1	-0.37	-0.13
NGC 6539	2.50E+05	271.207	-7.58586	139	35.6	0.5	8.4	3.2		3.49E+04	9.55   0.20	1.55	0.4	0.91	6.44	4.04	3.75	2.03	9.5	-0.78	5.9	23.9	-0.39	-0.06
NGC 6541	2.77E+05	272.00983	-43.71489	148	-163.9	0.4	8.63	2.31		9.10E+03	6.66   0.38	1.42	0.5	0.22	4.28	2.61	5.66	2.65	9.21	-0.46	8.7	36.5	-0.37	-0.09
NGC 6544	6.34E+04	271.83575	-24.99733	10	-36.4	1	2.46	6.06		3.12E+04	7.81   0.10	1.88	0.94	0.08	1.84	1.37	7.71	3.91	8.25	0.41	6.4	25.1	-0.35	-0.11
NGC 6553	2.35E+05	272.32333	-25.90869	431	0.5	0.4	4.9	3.66		1.91E+04	7.96   0.13	3.13	0.45	0.55	2.93	2.02	4.83	3.55	8.87	-0.18	8.5	32.8	-0.35	-0.11
NGC 6558	2.93E+04	272.57333	-31.76389	17	-195.6	0.7	6.3	2.33		1.09E+04	9.26   0.10	1.05	0.4	0.24	2.33	1.77	5.17	3.3	8.26	0.4	3.5	13.7	-0.4	-0.11
NGC 6569	3.02E+05	273.41167	-31.82689	223	-49.9	0.4	12	3.69		3.61E+04	8.78   0.20	1.98	0.44	1.21	4.6	2.94	3.55	2.58	9.29	-0.58	7.5	28.4	-0.35	-0.1
NGC 6584	9.07E+04	274.65665	-52.21578	0	259.6	1.6	13.18	6.43		2.00E+04	8.62   0.30	1.12	0.37	0.72	4.7	2.98	3.16	1.74	9.12	-0.67	4.2	16.6	-0.37	-0.13
NGC 6624	7.31E+04	275.91879	-30.36103	196	54.7	0.4	7	1.88		1.96E+03	7.78   0.13	1.02	0.13	0.19	2.08	1.49	5.21	3.26	8.4	1.25	6.1	24.4	-0.36	-0.1
NGC 6626	3.69E+05	276.13671	-24.86978	201	11	0.6	5.5	3.21		3.85E+04	6.70   0.13	2.19	0.35	0.13	2.63	1.76	7.42	3.67	8.89	-0.18	12.6	49.5	-0.37	-0.12
NGC 6642	8.72E+04	277.97542	-23.47519	13	-33	1	8.05	1.75		5.49E+04	9.05   0.12	1.77	1.13	0.12	1.99	1.5	6.34	3.89	8.36	0.3	6.9	27.5	-0.33	-0.12
NGC 6656	4.16E+05	279.09976	-23.90475	720	-147.8	0.3	3.1	5.51		4.91E+03	5.07   0.07	2.15	0.08	1.19	5.16	3.26	3.66	2.56	9.45	-0.68	8.4	32.3	-0.34	-0.08
NGC 6681	1.13E+05	280.80316	-32.29211	32	217.4	0.9	9.2	2.1		1.66E+03	7.98   0.15	2	0.28	0.05	3.07	2.1	7.33	3.07	8.76	0	7.1	26.4	-0.32	-0.13
NGC 6712	1.27E+05	283.26792	-8.70611	215	-107.5	0.3	6.73	3.8		1.33E+04	7.97   0.21	1.41	0.31	1.22	4.31	2.86	3.57	2.69	9.03	-0.33	5	18.7	-0.32	-0.1
NGC 6715	1.41E+06	283.76385	-30.47986	548	142.3	0.3	23.5	15.46		1.66E+04	7.47   0.10	2.04	0.1	0.54	5.62	3.2	5.35	2.98	9.77	-1.03	16.2	67	-0.38	-0.04
NGC 6723	1.57E+05	284.88812	-36.63225	360	-94.4	0.2	8.2	2.53		1.29E+04	7.11   0.17	1.77	0.28	1.69	4.82	3.5	2.99	2.29	9.14	0.02	5.3	19	-0.27	-0.11
NGC 6749	5.68E+04	286.31375	1.88417	15	-58.5	0.9	7.8	5.11		3.57E+04	12.44   0.20	1.45	0.95	1.3	4.97	3.37	3	2.06	8.98	-0.28	3.2	11.8	-0.33	-0.12
NGC 6752	2.39E+05	287.7171	-59.98455	1095	-26.2	0.1	4.3	5.5		3.73E+03	5.52   0.17	2.17	0.34	0.19	4.01	2.4	5.38	2.64	9.16	-0.45	8.3	34.5	-0.38	-0.11
NGC 6760	2.54E+05	287.80004	1.03047	23	-1.6	1.7	7.4	5.06		1.08E+05	8.94   0.07	2.29	0.98	0.75	4.5	2.82	4.03	2.54	9.24	-0.53	7.2	28.6	-0.37	-0.1
NGC 6779	2.81E+05	289.14819	30.18347	96	-122	0.5	13.49	12.25		5.24E+04	8.08   0.19	1.58	0.38	1.71	6.4	4.38	3.08	2.14	9.49	-0.59	6.1	23.4	-0.3	-0.08
NGC 6809	1.88E+05	294.99878	-30.96475	581	174.8	0.2	5.75	4.07		1.17E+04	6.63   0.24	2.38	0.49	2.93	6.92	4.7	2.45	1.91	9.51	-0.82	4.8	17	-0.23	-0.1
NGC 6838	4.91E+04	298.44373	18.77919	237	-22.5	0.2	3.86	7.16		4.73E+03	7.91   0.39	2.76	1.05	0.52	4.54	2.95	3.67	1.94	8.9	-0.19	3.3	13.1	-0.38	-0.12
NGC 6864	5.86E+05	301.51954	-21.92117	59	-188.6	0.9	20	13.6		1.24E+05	8.58   0.10	2.94	0.68	0.56	4	2.46	4.81	3.14	9.31	-0.6	11.8	47.1	-0.38	-0.08
NGC 6934	1.17E+05	308.54739	7.40447	29	-406.1	0.5	14	11.4		3.41E+04	8.72   0.11	1.76	0.51	1.12	4.72	2.63	3.56	2.5	9.17	-0.97	4.7	17.9	-0.37	-0.12
NGC 7006	2.29E+05	315.37242	16.18733	30	-383.2	0.6	58.8	55.79		8.17E+04	10.65   0.07	1.23	0.44	3.23	10.33	6.68	2.04	1.22	9.87	-1.12	4.4	16.1	-0.27	-0.06
NGC 7078	4.53E+05	322.49304	12.167	1473	-106.5	0.2	9.9	10.35		4.69E+03	6.13   0.10	1.15	0.11	0.08	3.41	1.9	6.6	3.23	9.18	-0.75	12.9	53.3	-0.39	-0.12
NGC 7089	5.82E+05	323.36258	-0.82325	543	-3.6	0.3	11.5	10.48		1.16E+04	6.43   0.03	1.62	0.06	0.77	4.79	3	4.31	2.8	9.44	-0.56	10.6	42.1	-0.39	-0.08
NGC 7099	1.33E+05	325.09213	-23.17986	762	-185.3	0.1	8.1	7.35		7.94E+03	7.25   0.24	1.85	0.39	0.06	4.88	2.44	5.99	2.21	9.26	-1.06	5.5	22.9	-0.42	-0.14
NGC 7492	3.07E+04	347.11096	-15.6115	29	-176.7	0.2	26.55	25.63		8.93E+03	11.13   0.38	1.44	0.66	4.22	11.13	7.51	1.09	0.46	9.5	-0.75	1.5	5.5	-0.3	-0.1
Pal 11	1.48E+05	296.31	-8.00722	18	-67.2	1	14.3	8.82		1.17E+05	8.80   0.58	2.26	1.83	5.08	9.33	6.63	2.08	1.75	9.64	-0.91	3.7	12.3	-0.18	-0.08
Pal 12	1.19E+04	326.6618	-21.25261	26	28.2	0.2	19.05	15.73		7.32E+03	12.27   0.33	2.92	2.02	3.69	9.98	6.98	1.16	0.5	9.18	-0.38	1	3.6	-0.26	-0.09
Pal 13	2.74E+04	346.68517	12.772	43	25.7	0.3	24.8	25.92		1.45E+04	13.47   0.01	10.74	5.75	3.45	18.13	11.08	1.03	-0.24	9.85	-1.11	1.2	4.6	-0.32	-0.03
Pal 14	2.27E+04	242.7525	14.95778	17	72.2	0.2	71	65.8		1.14E+04	14.77   0.05	3.4	1.82	17.1	33.14	23.6	-0.68	-1.06	10.27	-1.52	0.8	2.6	-0.16	-0.03
Pal 2	3.35E+05	71.52462	31.3815	16	-134.9	1.2	27.2	35.53		1.62E+05	12.57   0.82	1.66	1.13	2.1	7.78	4.98	2.88	1.95	9.72	-0.98	6.1	22.9	-0.31	-0.06
Pal 3	6.15E+04	151.38292	0.07167	14	89.9	1.2	92.5	95.98		3.29E+04	13.95   0.27	2.85	1.69	13.55	28.07	19.69	0.01	-0.4	10.32	-1.5	1.4	4.7	-0.15	-0.03
Pal 4	2.98E+04	172.32	28.97358	23	72.7	0.3	103	105.77		1.27E+04	14.28   0.07	1.64	0.71	13.61	25.87	17.87	-0.29	-0.63	10.15	-1.52	1	3.4	-0.14	-0.05
Pal 5	1.39E+04	229.02187	-0.11161	37	-58.4	0.3	23.55	18.66		6.55E+03	11.82   0.22	1.6	0.8	20.13	35.67	25.1	-1.14	-1.45	10.24	-1.5	0.6	1.9	-0.16	-0.05
Pyxis	4.49E+04	136.99083	-37.22139	43	40.4	0.2	39.4	41.53		1.29E+04	13.00   0.10	2.95	0.93	15.09	25.62	18.09	-0.23	-0.5	10.22	-1.45	1.3	4.1	-0.1	-0.06
Rup 106	1.02E+05	189.6675	-51.15028	38	-38.4	0.3	24.3	21.33		2.75E+04	10.90   0.20	2.62	0.86	8.04	14.79	10.47	0.93	0.61	9.94	-1.19	2.5	8.2	-0.18	-0.07
Ter 1	2.23E+05	263.9463	-30.481	27	57.7	1.2	6.7	1.83		6.63E+04	15.90   0.17	3.22	1.81	0.61	3.34	2.27	4.18	2.89	8.99	-0.29	7.8	30.2	-0.35	-0.12
Ter 3	5.46E+04	247.167	-35.35347	22	-135.7	0.6	8.1	2.55		2.25E+04	12.00   0.20	7.7	3.49	2.39	7.92	5.27	1.95	1.12	9.35	-0.63	2.4	9.2	-0.37	-0.1
Ter 5	5.66E+05	267.0202	-24.77905	398	-82.3	1.3	5.9	2.65		7.14E+04	11.65   0.10	1.31	0.26	0.13	1.58	1.14	6.92	4.77	8.59	0.09	19	72.1	-0.34	-0.11
Ter 6	1.17E+05	267.69325	-31.27539	15	136.6	1.6	6.7	1.83		4.39E+04	13.69   0.23	1.15	0.49	0.04	2.01	1.48	8.37	3.87	8.45	0.22	8.7	32.8	-0.34	-0.13
Ter 7	1.66E+04	289.43298	-34.65772	42	159.6	0.1	26.91	19.17		5.06E+03	11.66   0.50	1	0.57	3.26	21.36	13.07	0.71	-0.67	9.84	-1.1	0.8	3.2	-0.34	-0.02
Ter 8	4.39E+04	295.43503	-33.99947	110	148.2	0.2	26.73	19.38		1.21E+04	12.11   0.32	4.02	1.53	12.44	21.4	15.26	0.02	-0.26	10.07	-1.32	1.4	4.5	-0.17	-0.08
Ton 2	8.01E+04	264.04375	-38.55333	24	-183.8	0.8	6.4	2.45		4.02E+04	12.24   0.30	5.31	3.05	0.95	6.39	4.45	2.67	1.38	9.18	-0.47	2.9	11.8	-0.37	-0.1
